#@calibrator-type=charge_pol1
#@number-of-columns=2
#@phase-id=1
#@column1-label=om_number
#@column2-label=a
#@column2-unit=MeV/(nV.s)
0 0
1 0.209658
2 0.189619
3 0.205587
4 0.173016
5 0.18023
6 0.186602
7 0.221042
8 0.199485
9 0.181492
10 0.179623
11 0.180364
12 0
13 0
14 0.194269
15 0.197963
16 0.184262
17 0.188318
18 0.186116
19 0.195291
20 0.210339
21 0.173569
22 0.183965
23 0.195618
24 0.183517
25 0
26 0
27 0.197728
28 0.218368
29 0.20123
30 0.205676
31 0.18473
32 0.215778
33 0.204071
34 0.189318
35 0.188834
36 0.181432
37 0.181731
38 0
39 0
40 0.170007
41 0.197424
42 0.193098
43 0.191319
44 0.167855
45 0.211176
46 0.172673
47 0.16864
48 0.177301
49 0.184069
50 0.191821
51 0
52 0
53 0.170881
54 0.196575
55 0.192785
56 0.177052
57 0.177342
58 0.193627
59 0.216456
60 0.184847
61 0.202806
62 0.199487
63 0.18785
64 0
65 0
66 0.172353
67 0.188645
68 0.194183
69 0.177444
70 0.168383
71 0.164197
72 0.190225
73 0.192593
74 0
75 0.183516
76 0.194683
77 0
78 0
79 0.165651
80 0
81 0.217536
82 0.1822
83 0.158366
84 0.234583
85 0.205698
86 0.208806
87 0.185492
88 0.172068
89 0.156984
90 0
91 0
92 0.185984
93 0.171222
94 0.195569
95 0.213536
96 0.188047
97 0.184775
98 0
99 0.186223
100 0.208166
101 0.210973
102 0.186905
103 0
104 0
105 0.168883
106 0.199045
107 0.184467
108 0.157361
109 0.179861
110 0.178863
111 0.190912
112 0.2096
113 0.182085
114 0.172029
115 0.1633
116 0
117 0
118 0.180764
119 0
120 0.185813
121 0.224063
122 0.201599
123 0.206387
124 0.174326
125 0.178373
126 0.178275
127 0.178501
128 0.172428
129 0
130 0
131 0.207688
132 0.198883
133 0.213216
134 0.190097
135 0.205397
136 0
137 0.204663
138 0.162646
139 0.178514
140 0.183387
141 0.161849
142 0
143 0
144 0.15127
145 0.182999
146 0
147 0.1619
148 0.175475
149 0.178536
150 0.192295
151 0.164296
152 0.18038
153 0.174032
154 0.197599
155 0
156 0
157 0.168516
158 0.158996
159 0.190206
160 0.19097
161 0.181668
162 0.188002
163 0.189898
164 0.19051
165 0.201346
166 0.170322
167 0.160693
168 0
169 0
170 0.179563
171 0.180101
172 0.18743
173 0.187611
174 0.185105
175 0.177417
176 0.189797
177 0.166367
178 0.188213
179 0.17107
180 0.169232
181 0
182 0
183 0.191557
184 0.17832
185 0.175489
186 0.182142
187 0.177306
188 0.186409
189 0.179946
190 0.198693
191 0.171335
192 0.178722
193 0.166363
194 0
195 0
196 0.177967
197 0.208283
198 0.142327
199 0.185509
200 0.186604
201 0.185557
202 0.184904
203 0.186239
204 0.187534
205 0.167284
206 0.156288
207 0
208 0
209 0.14354
210 0.18141
211 0.168186
212 0.165328
213 0.176181
214 0.146282
215 0.167609
216 0.16373
217 0.166418
218 0.19283
219 0.190421
220 0
221 0
222 0.166364
223 0.165534
224 0.153649
225 0.179775
226 0.173604
227 0.162595
228 0.141451
229 0.178293
230 0.130757
231 0.165638
232 0.185215
233 0
234 0
235 0.159448
236 0.176038
237 0.166446
238 0.180056
239 0.165812
240 0.171186
241 0.190187
242 0.167082
243 0.161115
244 0.191945
245 0.198862
246 0
247 0
248 0
249 0
250 0
251 0
252 0
253 0
254 0
255 0
256 0
257 0
258 0
259 0
260 0
261 0.184222
262 0.184307
263 0.214412
264 0.19637
265 0.179986
266 0.195935
267 0.170882
268 0.172696
269 0.205016
270 0.194238
271 0.218676
272 0
273 0
274 0.199835
275 0.182787
276 0.203336
277 0.189511
278 0.18599
279 0.189415
280 0.204717
281 0.195849
282 0.166809
283 0.204291
284 0.191049
285 0
286 0
287 0.266924
288 0.20307
289 0.167357
290 0.19068
291 0.22766
292 0.218864
293 0.186378
294 0.185348
295 0.180084
296 0.187514
297 0.164909
298 0
299 0
300 0.193867
301 0.175794
302 0.17785
303 0.178218
304 0.189138
305 0.171573
306 0.230384
307 0.174612
308 0.531167
309 0.196664
310 0.178476
311 0
312 0
313 0.21398
314 0.251387
315 0.184222
316 0.128777
317 0.18728
318 0.52527
319 0.191215
320 0.205915
321 0.180137
322 0.200807
323 0.15674
324 0
325 0
326 0.176838
327 0.18334
328 0.172665
329 0.167965
330 0.190636
331 0.232431
332 0.173859
333 0.202765
334 0.183304
335 0.200743
336 0.192795
337 0
338 0
339 0.220332
340 0.220195
341 0.173206
342 0.178942
343 0.192796
344 0.206929
345 0.186455
346 0.204072
347 0.167077
348 0.179904
349 0.172601
350 0
351 0
352 0.191997
353 0.2487
354 0.212093
355 0.169821
356 0.162121
357 0.208441
358 0.180246
359 0.210274
360 0.186138
361 0.163807
362 0.168049
363 0
364 0
365 0.195135
366 0.201498
367 0.195865
368 0.222159
369 0
370 0.194129
371 0.16705
372 0.174317
373 0.218052
374 0.201748
375 0.198619
376 0
377 0
378 0.17758
379 0.210422
380 0.191949
381 0.174698
382 0.176796
383 0.202156
384 0.173613
385 0.203071
386 0.206435
387 0.192758
388 0.190616
389 0
390 0
391 0.202034
392 0.190246
393 0.194138
394 0.162949
395 0.185984
396 0.163322
397 0.207307
398 0.189862
399 0.164693
400 0.153885
401 0.173333
402 0
403 0
404 0.183344
405 0.194669
406 0.187471
407 0.171381
408 0.184378
409 0.192718
410 0.18341
411 0.200219
412 0.162806
413 0.169963
414 0.193002
415 0
416 0
417 0.162029
418 0.173939
419 0.147212
420 0.197937
421 0.176964
422 0.167058
423 0.166164
424 0.179027
425 0.153197
426 0.176449
427 0.159204
428 0
429 0
430 0.193654
431 0.168639
432 0.158452
433 0.157205
434 0.175618
435 0.172589
436 0.173705
437 0.196807
438 0.1902
439 0.167296
440 0.154802
441 0
442 0
443 0.203347
444 0.227043
445 0.241454
446 0.165713
447 0.182975
448 0.182774
449 0.155018
450 0.180049
451 0.196078
452 0.171594
453 0.159234
454 0
455 0
456 0.226043
457 0.198058
458 0.159629
459 0.178255
460 0.1577
461 0
462 0.159657
463 0.174063
464 0.191802
465 0.155526
466 0.159882
467 0
468 0
469 0.179302
470 0.175508
471 0.185259
472 0.163514
473 0.16318
474 0.183376
475 0.191075
476 0.184251
477 0.184199
478 0.150838
479 0.153459
480 0
481 0
482 0.185577
483 0.189382
484 0.151884
485 0.149748
486 0.150558
487 0.187397
488 0.190707
489 0.173502
490 0.203051
491 0.16883
492 0.164254
493 0
494 0
495 0.168565
496 0.156576
497 0.185667
498 0.163556
499 0.158339
500 0.192304
501 0.177703
502 0.184748
503 0.18517
504 0.1507
505 0.159076
506 0
507 0
508 0
509 0
510 0
511 0
512 0
513 0
514 0
515 0
516 0
517 0
518 0
519 0
520 0
521 0
522 0
523 0
524 0
525 0
526 0
527 0
528 0
529 0
530 0
531 0
532 0
533 0
534 0
535 0
536 0
537 0
538 0
539 0
540 0
541 0
542 0
543 0
544 0
545 0
546 0
547 0
548 0
549 0
550 0
551 0
552 0
553 0
554 0
555 0
556 0
557 0
558 0
559 0
560 0
561 0
562 0
563 0
564 0
565 0
566 0
567 0
568 0
569 0
570 0
571 0
572 0
573 0
574 0
575 0
576 0
577 0
578 0
579 0
580 0
581 0
582 0
583 0
584 0
585 0
586 0
587 0
588 0
589 0
590 0
591 0
592 0
593 0
594 0
595 0
596 0
597 0
598 0
599 0
600 0
601 0
602 0
603 0
604 0
605 0
606 0
607 0
608 0
609 0
610 0
611 0
612 0
613 0
614 0
615 0
616 0
617 0
618 0
619 0
620 0
621 0
622 0
623 0
624 0
625 0
626 0
627 0
628 0
629 0
630 0
631 0
632 0
633 0
634 0
635 0
636 0
637 0
638 0
639 0
640 0
641 0
642 0
643 0
644 0
645 0
646 0
647 0
648 0
649 0
650 0
651 0
652 0
653 0
654 0
655 0
656 0
657 0
658 0
659 0
660 0
661 0
662 0
663 0
664 0
665 0
666 0
667 0
668 0
669 0
670 0
671 0
672 0
673 0
674 0
675 0
676 0
677 0
678 0
679 0
680 0
681 0
682 0
683 0
684 0
685 0
686 0
687 0
688 0
689 0
690 0
691 0
692 0
693 0
694 0
695 0
696 0
697 0
698 0
699 0
700 0
701 0
702 0
703 0
704 0
705 0
706 0
707 0
708 0
709 0
710 0
711 0
