#@calibrator-type=charge_pol1
#@phase-id=3
#@number-of-columns=2
#@column1-label=om_number
#@column2-label=a
#@column2-unit=MeV/(nV.s)
0 0
1 0.211813
2 0.191451
3 0.208251
4 0.173035
5 0.179481
6 0.187211
7 0.223715
8 0.201494
9 0.183105
10 0.181687
11 0.179657
12 0
13 0
14 0.193388
15 0.2023
16 0.185899
17 0.188213
18 0.18609
19 0.196024
20 0.213466
21 0.175416
22 0.18492
23 0.196304
24 0.182545
25 0
26 0
27 0.19948
28 0.220564
29 0.201678
30 0.20646
31 0.185035
32 0.217505
33 0.20173
34 0.191083
35 0.192416
36 0.182476
37 0.181995
38 0
39 0
40 0.172342
41 0.197406
42 0.1974
43 0.190474
44 0.168716
45 0.211091
46 0.166736
47 0.167718
48 0.176674
49 0.18613
50 0.193576
51 0
52 0
53 0.172066
54 0.197959
55 0.195312
56 0.178855
57 0.180738
58 0.193131
59 0.226883
60 0.183988
61 0.202219
62 0.198276
63 0.188
64 0
65 0
66 0.172522
67 0.190862
68 0.209502
69 0.177699
70 0.168717
71 0.166011
72 0.19285
73 0.194838
74 0
75 0.183778
76 0.196414
77 0
78 0
79 0.168116
80 0
81 0.220154
82 0.18115
83 0.161563
84 0.236687
85 0.206774
86 0.210589
87 0.186174
88 0.174083
89 0.160253
90 0
91 0
92 0.187249
93 0.173968
94 0.203053
95 0.213971
96 0.19145
97 0.185994
98 0
99 0.185808
100 0.204449
101 0.211407
102 0.187664
103 0
104 0
105 0.177816
106 0.201519
107 0.188273
108 0.158199
109 0.19519
110 0.198996
111 0.191344
112 0.171562
113 0.18244
114 0.173351
115 0.163081
116 0
117 0
118 0.18643
119 0
120 0.184029
121 0.219429
122 0.202783
123 0.205726
124 0.173338
125 0.176417
126 0.178938
127 0.177965
128 0.173362
129 0
130 0
131 0.211372
132 0.206166
133 0.214419
134 0.19649
135 0.209812
136 0
137 0.205927
138 0.163052
139 0.180542
140 0.183595
141 0.162401
142 0
143 0
144 0.151526
145 0.186523
146 0
147 0.163012
148 0.176249
149 0.179871
150 0.194102
151 0.164006
152 0.181578
153 0.187508
154 0.19825
155 0
156 0
157 0.169362
158 0.174402
159 0.190137
160 0.193016
161 0.185341
162 0.191229
163 0.203037
164 0.19138
165 0.201962
166 0.169815
167 0.161412
168 0
169 0
170 0.176969
171 0.187931
172 0.187715
173 0.192015
174 0.196594
175 0.178163
176 0.190532
177 0.167006
178 0.190296
179 0.172488
180 0.169963
181 0
182 0
183 0.193074
184 0.180894
185 0.176186
186 0.183521
187 0.17821
188 0.188315
189 0.180201
190 0.198666
191 0.17252
192 0.172756
193 0.16522
194 0
195 0
196 0.179347
197 0.209708
198 0.143941
199 0.187159
200 0.187673
201 0.187085
202 0.189472
203 0.187462
204 0.188787
205 0.168178
206 0.156345
207 0
208 0
209 0.145813
210 0.181464
211 0.168771
212 0.164845
213 0.17528
214 0.163473
215 0.173892
216 0.163306
217 0.167928
218 0.191906
219 0.18997
220 0
221 0
222 0.166972
223 0.168196
224 0.155227
225 0.179838
226 0.175832
227 0.164695
228 0.161042
229 0.179173
230 0.15209
231 0.166421
232 0.185921
233 0
234 0
235 0.15782
236 0.175469
237 0.164995
238 0.183149
239 0.165855
240 0.172148
241 0.190526
242 0.168858
243 0.159798
244 0.189874
245 0.19724
246 0
247 0
248 0.191563
249 0.166474
250 0.178459
251 0.439065
252 0.169296
253 0.18835
254 0.175999
255 0.169003
256 0.179431
257 0.176127
258 0.188391
259 0
260 0
261 0.187181
262 0.185954
263 0.210484
264 0.196226
265 0.177931
266 0.197097
267 0.169409
268 0.171757
269 0.207913
270 0.196624
271 0.215847
272 0
273 0
274 0.200134
275 0.183846
276 0.202724
277 0.190556
278 0.188074
279 0.189701
280 0.206755
281 0.194825
282 0.167236
283 0.205681
284 0.189366
285 0
286 0
287 0.26768
288 0.204457
289 0.16939
290 0.197129
291 0.230846
292 0.219097
293 0.192437
294 0.184798
295 0.181408
296 0.190429
297 0.164527
298 0
299 0
300 0.193656
301 0.175417
302 0.180237
303 0.178479
304 0.178209
305 0.170711
306 0.233222
307 0.175382
308 0
309 0.198023
310 0.393127
311 0
312 0
313 0.214382
314 0.25132
315 0.185338
316 0.130805
317 0.18878
318 0.670056
319 0.191984
320 0.210068
321 0.180115
322 0.201165
323 0.156667
324 0
325 0
326 0.175513
327 0.182369
328 0.175884
329 0.171014
330 0.189965
331 0.232934
332 0.177004
333 0.206913
334 0.185471
335 0.198923
336 0.185377
337 0
338 0
339 0.224295
340 0.221506
341 0.177195
342 0.180479
343 0.193153
344 0.208218
345 0.184854
346 0.206015
347 0.169302
348 0.181912
349 0.172003
350 0
351 0
352 0.191354
353 0.247932
354 0.216781
355 0.168669
356 0.161517
357 0.207936
358 0.181805
359 0.212002
360 0.188949
361 0.162223
362 0.169869
363 0
364 0
365 0.194005
366 0.203394
367 0.199069
368 0.225603
369 0
370 0.192162
371 0.160504
372 0.175424
373 0.217454
374 0.198547
375 0.197457
376 0
377 0
378 0.17781
379 0.210055
380 0.193853
381 0.174923
382 0.177736
383 0.206471
384 0.18379
385 0.2017
386 0.205891
387 0.188285
388 0.188807
389 0
390 0
391 0.1871
392 0.188685
393 0.191412
394 0.166065
395 0.18695
396 0.161573
397 0.206408
398 0.191457
399 0.164127
400 0.157866
401 0.173499
402 0
403 0
404 0.193347
405 0.196315
406 0.184977
407 0.170607
408 0.184422
409 0.193747
410 0.179636
411 0.198809
412 0.161609
413 0.16956
414 0.19224
415 0
416 0
417 0.173654
418 0.171041
419 0.146509
420 0.199581
421 0.176921
422 0.177322
423 0.170317
424 0.178358
425 0.1597
426 0.175667
427 0.160356
428 0
429 0
430 0.195587
431 0.17018
432 0.158179
433 0.158059
434 0.175033
435 0.16992
436 0.173737
437 0.197057
438 0.190334
439 0.165978
440 0.155889
441 0
442 0
443 0.205221
444 0.223084
445 0.240983
446 0.163752
447 0.183803
448 0.183807
449 0.163529
450 0.181677
451 0.197443
452 0.166982
453 0.161953
454 0
455 0
456 0.2333
457 0.202078
458 0.159493
459 0.176778
460 0.156007
461 0
462 0.156755
463 0.173332
464 0.190063
465 0.155045
466 0.160228
467 0
468 0
469 0.183178
470 0.175336
471 0.18504
472 0.159563
473 0.166572
474 0.188966
475 0.191464
476 0.186537
477 0.184263
478 0.150417
479 0.153369
480 0
481 0
482 0.184963
483 0.193393
484 0.153156
485 0.150436
486 0.151829
487 0.189615
488 0.195469
489 0.173855
490 0.205565
491 0.168754
492 0.162387
493 0
494 0
495 0.164296
496 0.160525
497 0.179128
498 0.166118
499 0.157641
500 0.196808
501 0.178796
502 0.188141
503 0.184969
504 0.152604
505 0.156897
506 0
507 0
508 0
509 0
510 0
511 0.17322
512 0.126645
513 0.208051
514 0.182569
515 0.176521
516 0.181716
517 0.170245
518 0.143484
519 0
520 0
521 0
522 0
523 0
524 0
525 0
526 0
527 0
528 0
529 0
530 0
531 0
532 0
533 0
534 0
535 0
536 0
537 0
538 0.183321
539 0.202772
540 0.152537
541 0.139949
542 0.188466
543 0.190188
544 0.165862
545 0.152019
546 0.187935
547 0.168076
548 0.173349
549 0
550 0
551 0
552 0
553 0
554 0
555 0
556 0
557 0
558 0
559 0
560 0
561 0
562 0
563 0
564 0
565 0
566 0
567 0
568 0
569 0
570 0
571 0.16347
572 0.166493
573 0.151205
574 0.275457
575 0
576 0.147825
577 0.176658
578 0.140251
579 0.133979
580 0.175813
581 0
582 0
583 0
584 0
585 0
586 0.197137
587 0
588 0
589 0
590 0
591 0
592 0
593 0
594 0
595 0
596 0.206631
597 0
598 0
599 0
600 0
601 0
602 0.214425
603 0.28979
604 0.240191
605 0.236187
606 0.183456
607 0.175172
608 0.156305
609 0.159809
610 0.183241
611 0.175339
612 0
613 0.17928
614 0
615 0
616 0
617 0
618 0
619 0
620 0
621 0
622 0
623 0
624 0
625 0
626 0
627 0
628 0
629 0
630 0
631 0
632 0
633 0
634 0
635 0
636 0
637 0
638 0
639 0
640 0
641 0
642 0
643 0
644 0
645 0
646 0
647 0
648 0
649 0
650 0
651 0
652 0
653 0
654 0
655 0
656 0
657 0
658 0
659 0
660 0
661 0
662 0
663 0
664 0
665 0
666 0
667 0
668 0
669 0
670 0
671 0
672 0
673 0
674 0
675 0
676 0
677 0
678 0
679 0
680 0
681 0
682 0
683 0
684 0
685 0
686 0
687 0
688 0
689 0
690 0
691 0
692 0
693 0
694 0
695 0
696 0
697 0
698 0
699 0
700 0
701 0
702 0
703 0
704 0
705 0
706 0
707 0
708 0
709 0
710 0
711 0
