#@calibrator-type=charge_pol1
#@phase-id=0
#@number-of-columns=2
#@column1-label=om_number
#@column2-label=a
#@column2-unit=MeV/(nV.s)
0 0
1 0.207395
2 0.178741
3 0.203986
4 0.169269
5 0.175463
6 0.183501
7 0.220356
8 0.197112
9 0.170057
10 0.176304
11 0.179422
12 0
13 0
14 0.192224
15 0.192067
16 0.171815
17 0.187482
18 0.18575
19 0.194086
20 0.208824
21 0.171217
22 0.182971
23 0.194527
24 0.182419
25 0
26 0
27 0.196176
28 0.213915
29 0.200499
30 0.202876
31 0.184594
32 0.213332
33 0.203693
34 0.188183
35 0.190189
36 0.180459
37 0.179301
38 0
39 0
40 0.16702
41 0.19661
42 0.187141
43 0.190205
44 0.167064
45 0.210805
46 0.173311
47 0.167989
48 0.176271
49 0.180636
50 0.190846
51 0
52 0
53 0.169801
54 0.193998
55 0.189581
56 0.172426
57 0.173194
58 0.192831
59 0.209131
60 0.184066
61 0.201549
62 0.199199
63 0.187815
64 0
65 0
66 0.171271
67 0.183402
68 0.191758
69 0.173389
70 0.158
71 0.162583
72 0.175401
73 0.182102
74 0
75 0.181491
76 0.193265
77 0
78 0
79 0.164124
80 0
81 0.210457
82 0.181859
83 0.156036
84 0.230586
85 0.203858
86 0.206177
87 0.184512
88 0.170696
89 0.156675
90 0
91 0
92 0.182735
93 0.168608
94 0.184205
95 0.212666
96 0.183459
97 0.182442
98 0
99 0.183731
100 0.208505
101 0.210223
102 0.186451
103 0
104 0
105 0.168327
106 0.195948
107 0.180776
108 0.155493
109 0.177908
110 0.176056
111 0.1907
112 0.172209
113 0.180795
114 0.166685
115 0.164232
116 0
117 0
118 0.180169
119 0
120 0.183015
121 0.217952
122 0.194411
123 0.204637
124 0.173778
125 0.17773
126 0.174546
127 0.175269
128 0.170993
129 0
130 0
131 0.201489
132 0.194037
133 0.208729
134 0.179042
135 0.200275
136 0
137 0.203304
138 0.161662
139 0.174666
140 0.182307
141 0.161067
142 0
143 0
144 0.149842
145 0.18226
146 0
147 0.159736
148 0.174612
149 0.177065
150 0.191989
151 0.162796
152 0.173221
153 0.172205
154 0.195764
155 0
156 0
157 0.164272
158 0.156521
159 0.190123
160 0.189904
161 0.179819
162 0.184561
163 0.187373
164 0.189135
165 0.199362
166 0.169507
167 0.160245
168 0
169 0
170 0.180136
171 0.178628
172 0.187177
173 0.183398
174 0.182708
175 0.175835
176 0.187836
177 0.163816
178 0.180351
179 0.167973
180 0.166305
181 0
182 0
183 0.190149
184 0.174971
185 0.174856
186 0.180128
187 0.175052
188 0.182781
189 0.177785
190 0.197442
191 0.170312
192 0.181755
193 0.165379
194 0
195 0
196 0.177919
197 0.207247
198 0.141278
199 0.183701
200 0.186108
201 0.179897
202 0.181311
203 0.185033
204 0.185517
205 0.167375
206 0.155664
207 0
208 0
209 0.142696
210 0.180692
211 0.167229
212 0.16363
213 0.176218
214 0.14512
215 0.165511
216 0.16371
217 0.157585
218 0.192994
219 0.189865
220 0
221 0
222 0.16592
223 0.162687
224 0.152372
225 0.179291
226 0.168605
227 0.159487
228 0.140098
229 0.177212
230 0.12838
231 0.165226
232 0.185203
233 0
234 0
235 0.158644
236 0.17542
237 0.165584
238 0.179286
239 0.16505
240 0.17018
241 0.190208
242 0.166173
243 0.161005
244 0.191421
245 0.198382
246 0
247 0
248 0
249 0
250 0
251 0
252 0
253 0
254 0
255 0
256 0
257 0
258 0
259 0
260 0
261 0.18155
262 0.183343
263 0.214261
264 0.196568
265 0.183867
266 0.193937
267 0.169828
268 0.17187
269 0.201324
270 0.191356
271 0.216785
272 0
273 0
274 0.198601
275 0.179799
276 0.200878
277 0.187515
278 0.182275
279 0.186972
280 0.20319
281 0.195969
282 0.168176
283 0.202681
284 0.1906
285 0
286 0
287 0.266665
288 0.201455
289 0.164209
290 0.185728
291 0.18631
292 0.217692
293 0.18067
294 0.183932
295 0.178174
296 0.183947
297 0.163461
298 0
299 0
300 0.193884
301 0.175581
302 0.175199
303 0.178108
304 0.191439
305 0.172201
306 0.231595
307 0.173537
308 0.54585
309 0.193645
310 0.178105
311 0
312 0
313 0.213212
314 0.251458
315 0.183322
316 0.133015
317 0.183559
318 0.495322
319 0.189094
320 0.205783
321 0.180014
322 0.197105
323 0.154843
324 0
325 0
326 0.17538
327 0.183309
328 0.167717
329 0.165222
330 0.189416
331 0.2308
332 0.17301
333 0.202938
334 0.180952
335 0.199118
336 0.1852
337 0
338 0
339 0.218188
340 0.218043
341 0.169741
342 0.175274
343 0.189458
344 0.206448
345 0.186884
346 0.20249
347 0.165343
348 0.178373
349 0.169775
350 0
351 0
352 0.190209
353 0.205138
354 0.20701
355 0.16995
356 0.162424
357 0.206652
358 0.177762
359 0.205306
360 0.184506
361 0.163577
362 0.164873
363 0
364 0
365 0.194881
366 0.201169
367 0.192699
368 0.218937
369 0
370 0.194659
371 0.17126
372 0.172516
373 0.217861
374 0.200827
375 0.198839
376 0
377 0
378 0.176319
379 0.209415
380 0.189313
381 0.174027
382 0.172301
383 0.195968
384 0.168816
385 0.203052
386 0.205615
387 0.192823
388 0.189895
389 0
390 0
391 0.189135
392 0.191039
393 0.193682
394 0.160291
395 0.185607
396 0.162843
397 0.206501
398 0.1872
399 0.163955
400 0.154039
401 0.172014
402 0
403 0
404 0.175666
405 0.192391
406 0.187165
407 0.171298
408 0.184198
409 0.190182
410 0.178873
411 0.197043
412 0.163074
413 0.168541
414 0.190654
415 0
416 0
417 0.157014
418 0.164466
419 0.147108
420 0.197067
421 0.176429
422 0.166348
423 0.163661
424 0.178589
425 0.14683
426 0.175095
427 0.158145
428 0
429 0
430 0.191952
431 0.165562
432 0.158438
433 0.156537
434 0.175098
435 0.173093
436 0.174608
437 0.196606
438 0.189715
439 0.16512
440 0.152519
441 0
442 0
443 0.190987
444 0.226324
445 0.24125
446 0.165877
447 0.181117
448 0.181718
449 0.152898
450 0.178916
451 0.193598
452 0.170008
453 0.157419
454 0
455 0
456 0.230508
457 0.196289
458 0.159791
459 0.177674
460 0.15811
461 0
462 0.159552
463 0.173656
464 0.191486
465 0.144575
466 0.157252
467 0
468 0
469 0.178572
470 0.176829
471 0.186058
472 0.160507
473 0.156777
474 0.179947
475 0.190278
476 0.183158
477 0.183457
478 0.148766
479 0.152738
480 0
481 0
482 0.184516
483 0.188343
484 0.151953
485 0.147755
486 0.149081
487 0.188376
488 0.187811
489 0.171599
490 0.200887
491 0.167952
492 0.165412
493 0
494 0
495 0.16875
496 0.153597
497 0.184742
498 0.159216
499 0.158035
500 0.184544
501 0.176783
502 0.182979
503 0.182074
504 0.147571
505 0.157666
506 0
507 0
508 0
509 0
510 0
511 0
512 0
513 0
514 0
515 0
516 0
517 0
518 0
519 0
520 0
521 0
522 0
523 0
524 0
525 0
526 0
527 0
528 0
529 0
530 0
531 0
532 0
533 0
534 0
535 0
536 0
537 0
538 0
539 0
540 0
541 0
542 0
543 0
544 0
545 0
546 0
547 0
548 0
549 0
550 0
551 0
552 0
553 0
554 0
555 0
556 0
557 0
558 0
559 0
560 0
561 0
562 0
563 0
564 0
565 0
566 0
567 0
568 0
569 0
570 0
571 0
572 0
573 0
574 0
575 0
576 0
577 0
578 0
579 0
580 0
581 0
582 0
583 0
584 0
585 0
586 0
587 0
588 0
589 0
590 0
591 0
592 0
593 0
594 0
595 0
596 0
597 0
598 0
599 0
600 0
601 0
602 0
603 0
604 0
605 0
606 0
607 0
608 0
609 0
610 0
611 0
612 0
613 0
614 0
615 0
616 0
617 0
618 0
619 0
620 0
621 0
622 0
623 0
624 0
625 0
626 0
627 0
628 0
629 0
630 0
631 0
632 0
633 0
634 0
635 0
636 0
637 0
638 0
639 0
640 0
641 0
642 0
643 0
644 0
645 0
646 0
647 0
648 0
649 0
650 0
651 0
652 0
653 0
654 0
655 0
656 0
657 0
658 0
659 0
660 0
661 0
662 0
663 0
664 0
665 0
666 0
667 0
668 0
669 0
670 0
671 0
672 0
673 0
674 0
675 0
676 0
677 0
678 0
679 0
680 0
681 0
682 0
683 0
684 0
685 0
686 0
687 0
688 0
689 0
690 0
691 0
692 0
693 0
694 0
695 0
696 0
697 0
698 0
699 0
700 0
701 0
702 0
703 0
704 0
705 0
706 0
707 0
708 0
709 0
710 0
711 0
