#@calibrator-type=charge_pol1
#@number-of-columns=2
#@column1-label=om_number
#@column2-label=a
#@column2-unit=MeV/(nV.s)
0 0
1 0.213013
2 0.194232
3 0.209405
4 0.177295
5 0.184809
6 0.190383
7 0.223415
8 0.20226
9 0.187449
10 0.183357
11 0.180765
12 0
13 0
14 0.196803
15 0.203474
16 0.190008
17 0.189181
18 0.186642
19 0.198993
20 0.214767
21 0.190381
22 0.183943
23 0.197214
24 0.184615
25 0
26 0
27 0.201048
28 0.222691
29 0.201643
30 0.209268
31 0.184936
32 0.220837
33 0.203344
34 0.191633
35 0.202864
36 0.181983
37 0.184888
38 0
39 0
40 0.181866
41 0.198428
42 0.201019
43 0.191215
44 0.167531
45 0.212169
46 0.170403
47 0.168058
48 0.176254
49 0.185852
50 0.192277
51 0
52 0
53 0.176255
54 0.199424
55 0.198253
56 0.182569
57 0.182864
58 0.193597
59 0.230476
60 0.184069
61 0.203211
62 0.199086
63 0.187314
64 0
65 0
66 0.173872
67 0.193261
68 0.224443
69 0.182932
70 0.17436
71 0.166765
72 0.194748
73 0.200433
74 0
75 0.185537
76 0.196161
77 0
78 0
79 0.168947
80 0
81 0.228425
82 0.181798
83 0.162168
84 0.237611
85 0.207506
86 0.221594
87 0.187435
88 0.176532
89 0.174913
90 0
91 0
92 0.186708
93 0.174915
94 0.207922
95 0.213392
96 0.193968
97 0.188626
98 0
99 0.19643
100 0.207937
101 0.210582
102 0.18741
103 0
104 0
105 0.179114
106 0.203056
107 0.190244
108 0.160034
109 0.202868
110 0.202927
111 0.191202
112 0.194141
113 0.183153
114 0.177387
115 0.163334
116 0
117 0
118 0.192644
119 0
120 0.192854
121 0.227346
122 0.206246
123 0.210678
124 0.175209
125 0.177657
126 0.180398
127 0.180487
128 0.17342
129 0
130 0
131 0.212695
132 0.208543
133 0.213126
134 0.199446
135 0.211315
136 0
137 0.204944
138 0.163845
139 0.182637
140 0.18629
141 0.163964
142 0
143 0
144 0.151104
145 0.187828
146 0
147 0.164744
148 0.176609
149 0.180586
150 0.194018
151 0.165078
152 0.185127
153 0.187741
154 0.199314
155 0
156 0
157 0.173548
158 0.179786
159 0.191313
160 0.198416
161 0.193921
162 0.192481
163 0.211623
164 0.193387
165 0.203781
166 0.171693
167 0.160769
168 0
169 0
170 0.178252
171 0.180801
172 0.187978
173 0.194253
174 0.19973
175 0.179143
176 0.190994
177 0.167532
178 0.193599
179 0.173811
180 0.17199
181 0
182 0
183 0.194506
184 0.182512
185 0.175049
186 0.184193
187 0.180741
188 0.189934
189 0.181149
190 0.199875
191 0.172044
192 0.174504
193 0.168275
194 0
195 0
196 0.179537
197 0.209921
198 0.150465
199 0.187315
200 0.187146
201 0.190749
202 0.200588
203 0.187261
204 0.189377
205 0.167625
206 0.156209
207 0
208 0
209 0.151291
210 0.181273
211 0.169351
212 0.166332
213 0.175265
214 0.170986
215 0.178922
216 0.163692
217 0.170907
218 0.192061
219 0.190132
220 0
221 0
222 0.166012
223 0.171572
224 0.15506
225 0.179705
226 0.181534
227 0.167329
228 0.165738
229 0.179484
230 0.132203
231 0.166097
232 0.185277
233 0
234 0
235 0.15946
236 0.175016
237 0.167453
238 0.182399
239 0.165904
240 0.171412
241 0.192251
242 0.174123
243 0.160092
244 0.190064
245 0.197079
246 0
247 0
248 0.202845
249 0.167606
250 0.180329
251 0.171643
252 0.169821
253 0.188699
254 0.184216
255 0.1699
256 0.181391
257 0.175375
258 0.186733
259 0
260 0
261 0.189939
262 0.186491
263 0.21368
264 0.196496
265 0.177903
266 0.199372
267 0.176028
268 0.174063
269 0.209333
270 0.199275
271 0.222028
272 0
273 0
274 0.202354
275 0.185404
276 0.205031
277 0.1926
278 0.191408
279 0.191196
280 0.21329
281 0.195242
282 0.167822
283 0.203939
284 0.190551
285 0
286 0
287 0.266795
288 0.204067
289 0.171448
290 0.198786
291 0.231728
292 0.220389
293 0.192597
294 0.187238
295 0.181943
296 0.190715
297 0.166382
298 0
299 0
300 0.193986
301 0.175461
302 0.18226
303 0.177666
304 0.188338
305 0.171938
306 0.244756
307 0.175481
308 0.520837
309 0.198586
310 0.443203
311 0
312 0
313 0.2141
314 0.250976
315 0.184715
316 0.135541
317 0.19029
318 1.37809
319 0.193922
320 0.207728
321 0.180024
322 0.203903
323 0.158621
324 0
325 0
326 0.177149
327 0.183587
328 0.177578
329 0.177445
330 0.192487
331 0.233469
332 0.176492
333 0.206292
334 0.187163
335 0.199919
336 0.195356
337 0
338 0
339 0.223187
340 0.223419
341 0.176289
342 0.183255
343 0.195492
344 0.208688
345 0.186175
346 0.20751
347 0.170452
348 0.180457
349 0.173276
350 0
351 0
352 0.189299
353 0.248515
354 0.219157
355 0.169577
356 0.162274
357 0.209979
358 0.18199
359 0.216136
360 0.188814
361 0.16331
362 0.170821
363 0
364 0
365 0.195377
366 0.202985
367 0.19978
368 0.229262
369 0
370 0.193152
371 0.168665
372 0.175161
373 0.219029
374 0.204658
375 0.199064
376 0
377 0
378 0.178263
379 0.211121
380 0.196449
381 0.175016
382 0.178092
383 0.210173
384 0.185213
385 0.201766
386 0.207375
387 0.192616
388 0.191727
389 0
390 0
391 0.22586
392 0.189891
393 0.192966
394 0.167683
395 0.188209
396 0.162477
397 0.209542
398 0.193507
399 0.164307
400 0.160721
401 0.174442
402 0
403 0
404 0.190728
405 0.195875
406 0.185579
407 0.17099
408 0.184622
409 0.1964
410 0.187125
411 0.204269
412 0.163502
413 0.169642
414 0.193628
415 0
416 0
417 0.170037
418 0.171408
419 0.147038
420 0.200805
421 0.17701
422 0.167589
423 0.172598
424 0.178503
425 0.161986
426 0.176572
427 0.161024
428 0
429 0
430 0.194101
431 0.173607
432 0.158971
433 0.164302
434 0.175214
435 0.171424
436 0.172604
437 0.197228
438 0.190778
439 0.170801
440 0.157511
441 0
442 0
443 0.203931
444 0.222824
445 0.241081
446 0.164905
447 0.184346
448 0.18421
449 0.151949
450 0.181607
451 0.20043
452 0.1719
453 0.164575
454 0
455 0
456 0.227507
457 0.197957
458 0.15886
459 0.177965
460 0.1567
461 0
462 0.158388
463 0.174372
464 0.191571
465 0.162697
466 0.161774
467 0
468 0
469 0.18113
470 0.177014
471 0.184689
472 0.160022
473 0.170168
474 0.188412
475 0.193005
476 0.187631
477 0.186252
478 0.152174
479 0.152825
480 0
481 0
482 0.184255
483 0.191687
484 0.157633
485 0.154447
486 0.152205
487 0.192323
488 0.196697
489 0.180764
490 0.206716
491 0.169888
492 0.162825
493 0
494 0
495 0.164046
496 0.16086
497 0.17994
498 0.165375
499 0.156221
500 0.19559
501 0.17952
502 0.189352
503 0.187147
504 0.15463
505 0.157313
506 0
507 0
508 0.193144
509 0.213547
510 0.193937
511 0.172658
512 0.118657
513 0.208168
514 0.184125
515 0.177372
516 0.181276
517 0.169413
518 0.142561
519 0
520 0
521 0
522 0
523 0
524 0
525 0
526 0
527 0
528 0
529 0
530 0
531 0
532 0
533 0
534 0
535 0
536 0
537 0
538 0
539 0
540 0
541 0
542 0
543 0
544 0
545 0
546 0
547 0
548 0
549 0
550 0
551 0
552 0
553 0
554 0
555 0
556 0
557 0
558 0
559 0
560 0
561 0
562 0
563 0
564 0
565 0
566 0
567 0
568 0
569 0
570 0
571 0
572 0
573 0
574 0
575 0
576 0
577 0
578 0
579 0
580 0
581 0
582 0
583 0
584 0
585 0
586 0
587 0
588 0
589 0
590 0
591 0
592 0
593 0
594 0
595 0
596 0
597 0
598 0
599 0
600 0
601 0
602 0
603 0
604 0
605 0
606 0
607 0
608 0
609 0
610 0
611 0
612 0
613 0
614 0
615 0
616 0
617 0
618 0
619 0
620 0
621 0
622 0
623 0
624 0
625 0
626 0
627 0
628 0
629 0
630 0
631 0
632 0
633 0
634 0
635 0
636 0
637 0
638 0
639 0
640 0
641 0
642 0
643 0
644 0
645 0
646 0
647 0
648 0
649 0
650 0
651 0
652 0
653 0
654 0
655 0
656 0
657 0
658 0
659 0
660 0
661 0
662 0
663 0
664 0
665 0
666 0
667 0
668 0
669 0
670 0
671 0
672 0
673 0
674 0
675 0
676 0
677 0
678 0
679 0
680 0
681 0
682 0
683 0
684 0
685 0
686 0
687 0
688 0
689 0
690 0
691 0
692 0
693 0
694 0
695 0
696 0
697 0
698 0
699 0
700 0
701 0
702 0
703 0
704 0
705 0
706 0
707 0
708 0
709 0
710 0
711 0
