# Temporary file generated by the 'geomtools::gnuplot_drawer'
# class for visualization.
# label='orange'
1825 -4400 3438 0
1825 0 3438 0

1825 0 3438 0
1825 2200 3438 0
1825 4400 3438 0

1825 4400 3438 0

-1825 -4400 3438 0
-1825 4400 3438 0

1825 -4400 3438 0
-1825 -4400 3438 0

1825 4400 3438 0
-1825 4400 3438 0

-1825 -4400 3618 0
-1825 4400 3618 0

1825 -4400 3618 0
1825 4400 3618 0

-1825 -4400 3618 0
1825 -4400 3618 0

-1825 4400 3618 0
1825 4400 3618 0

-1825 -4400 3438 0
-1825 4400 3438 0

-1825 -4400 3618 0
-1825 4400 3618 0

-1825 -4400 3438 0
-1825 -4400 3618 0

-1825 4400 3438 0
-1825 4400 3618 0

1825 -4400 3618 0
1825 4400 3618 0

1825 -4400 3438 0
1825 4400 3438 0

1825 -4400 3618 0
1825 -4400 3438 0

1825 4400 3618 0
1825 4400 3438 0

1825 -4400 3438 0
-1825 -4400 3438 0

1825 -4400 3618 0
-1825 -4400 3618 0

1825 -4400 3438 0
1825 -4400 3618 0

-1825 -4400 3438 0
-1825 -4400 3618 0

1825 4400 3618 0
-1825 4400 3618 0

1825 4400 3438 0
-1825 4400 3438 0

1825 4400 3618 0
1825 4400 3438 0

-1825 4400 3618 0
-1825 4400 3438 0

-1550 3083 -2290.5 0
-1550 2608 -2290.5 0

-1550 2608 -2290.5 0
-1550 2370.5 -2290.5 0
-1550 2133 -2290.5 0

-1550 2133 -2290.5 0

-1730 3083 -2290.5 0
-1730 2133 -2290.5 0

-1550 3083 -2290.5 0
-1730 3083 -2290.5 0

-1550 2133 -2290.5 0
-1730 2133 -2290.5 0

-1730 3083 -2690.5 0
-1730 2133 -2690.5 0

-1550 3083 -2690.5 0
-1550 2133 -2690.5 0

-1730 3083 -2690.5 0
-1550 3083 -2690.5 0

-1730 2133 -2690.5 0
-1550 2133 -2690.5 0

-1730 3083 -2290.5 0
-1730 2133 -2290.5 0

-1730 3083 -2690.5 0
-1730 2133 -2690.5 0

-1730 3083 -2290.5 0
-1730 3083 -2690.5 0

-1730 2133 -2290.5 0
-1730 2133 -2690.5 0

-1550 3083 -2690.5 0
-1550 2133 -2690.5 0

-1550 3083 -2290.5 0
-1550 2133 -2290.5 0

-1550 3083 -2690.5 0
-1550 3083 -2290.5 0

-1550 2133 -2690.5 0
-1550 2133 -2290.5 0

-1550 3083 -2290.5 0
-1730 3083 -2290.5 0

-1550 3083 -2690.5 0
-1730 3083 -2690.5 0

-1550 3083 -2290.5 0
-1550 3083 -2690.5 0

-1730 3083 -2290.5 0
-1730 3083 -2690.5 0

-1550 2133 -2690.5 0
-1730 2133 -2690.5 0

-1550 2133 -2290.5 0
-1730 2133 -2290.5 0

-1550 2133 -2690.5 0
-1550 2133 -2290.5 0

-1730 2133 -2690.5 0
-1730 2133 -2290.5 0

-1550 475 -2290.5 0
-1550 0 -2290.5 0

-1550 0 -2290.5 0
-1550 -237.5 -2290.5 0
-1550 -475 -2290.5 0

-1550 -475 -2290.5 0

-1730 475 -2290.5 0
-1730 -475 -2290.5 0

-1550 475 -2290.5 0
-1730 475 -2290.5 0

-1550 -475 -2290.5 0
-1730 -475 -2290.5 0

-1730 475 -2690.5 0
-1730 -475 -2690.5 0

-1550 475 -2690.5 0
-1550 -475 -2690.5 0

-1730 475 -2690.5 0
-1550 475 -2690.5 0

-1730 -475 -2690.5 0
-1550 -475 -2690.5 0

-1730 475 -2290.5 0
-1730 -475 -2290.5 0

-1730 475 -2690.5 0
-1730 -475 -2690.5 0

-1730 475 -2290.5 0
-1730 475 -2690.5 0

-1730 -475 -2290.5 0
-1730 -475 -2690.5 0

-1550 475 -2690.5 0
-1550 -475 -2690.5 0

-1550 475 -2290.5 0
-1550 -475 -2290.5 0

-1550 475 -2690.5 0
-1550 475 -2290.5 0

-1550 -475 -2690.5 0
-1550 -475 -2290.5 0

-1550 475 -2290.5 0
-1730 475 -2290.5 0

-1550 475 -2690.5 0
-1730 475 -2690.5 0

-1550 475 -2290.5 0
-1550 475 -2690.5 0

-1730 475 -2290.5 0
-1730 475 -2690.5 0

-1550 -475 -2690.5 0
-1730 -475 -2690.5 0

-1550 -475 -2290.5 0
-1730 -475 -2290.5 0

-1550 -475 -2690.5 0
-1550 -475 -2290.5 0

-1730 -475 -2690.5 0
-1730 -475 -2290.5 0

-1550 -2133 -2290.5 0
-1550 -2608 -2290.5 0

-1550 -2608 -2290.5 0
-1550 -2845.5 -2290.5 0
-1550 -3083 -2290.5 0

-1550 -3083 -2290.5 0

-1730 -2133 -2290.5 0
-1730 -3083 -2290.5 0

-1550 -2133 -2290.5 0
-1730 -2133 -2290.5 0

-1550 -3083 -2290.5 0
-1730 -3083 -2290.5 0

-1730 -2133 -2690.5 0
-1730 -3083 -2690.5 0

-1550 -2133 -2690.5 0
-1550 -3083 -2690.5 0

-1730 -2133 -2690.5 0
-1550 -2133 -2690.5 0

-1730 -3083 -2690.5 0
-1550 -3083 -2690.5 0

-1730 -2133 -2290.5 0
-1730 -3083 -2290.5 0

-1730 -2133 -2690.5 0
-1730 -3083 -2690.5 0

-1730 -2133 -2290.5 0
-1730 -2133 -2690.5 0

-1730 -3083 -2290.5 0
-1730 -3083 -2690.5 0

-1550 -2133 -2690.5 0
-1550 -3083 -2690.5 0

-1550 -2133 -2290.5 0
-1550 -3083 -2290.5 0

-1550 -2133 -2690.5 0
-1550 -2133 -2290.5 0

-1550 -3083 -2690.5 0
-1550 -3083 -2290.5 0

-1550 -2133 -2290.5 0
-1730 -2133 -2290.5 0

-1550 -2133 -2690.5 0
-1730 -2133 -2690.5 0

-1550 -2133 -2290.5 0
-1550 -2133 -2690.5 0

-1730 -2133 -2290.5 0
-1730 -2133 -2690.5 0

-1550 -3083 -2690.5 0
-1730 -3083 -2690.5 0

-1550 -3083 -2290.5 0
-1730 -3083 -2290.5 0

-1550 -3083 -2690.5 0
-1550 -3083 -2290.5 0

-1730 -3083 -2690.5 0
-1730 -3083 -2290.5 0

-1550 2138 3438 0
-1550 1304 3438 0

-1550 1304 3438 0
-1550 887 3438 0
-1550 470 3438 0

-1550 470 3438 0

-1730 2138 3438 0
-1730 470 3438 0

-1550 2138 3438 0
-1730 2138 3438 0

-1550 470 3438 0
-1730 470 3438 0

-1730 2138 -2700 0
-1730 470 -2700 0

-1550 2138 -2700 0
-1550 470 -2700 0

-1730 2138 -2700 0
-1550 2138 -2700 0

-1730 470 -2700 0
-1550 470 -2700 0

-1730 2138 3438 0
-1730 470 3438 0

-1730 2138 -2700 0
-1730 470 -2700 0

-1730 2138 3438 0
-1730 2138 -2700 0

-1730 470 3438 0
-1730 470 -2700 0

-1550 2138 -2700 0
-1550 470 -2700 0

-1550 2138 3438 0
-1550 470 3438 0

-1550 2138 -2700 0
-1550 2138 3438 0

-1550 470 -2700 0
-1550 470 3438 0

-1550 2138 3438 0
-1730 2138 3438 0

-1550 2138 -2700 0
-1730 2138 -2700 0

-1550 2138 3438 0
-1550 2138 -2700 0

-1730 2138 3438 0
-1730 2138 -2700 0

-1550 470 -2700 0
-1730 470 -2700 0

-1550 470 3438 0
-1730 470 3438 0

-1550 470 -2700 0
-1550 470 3438 0

-1730 470 -2700 0
-1730 470 3438 0

-1550 -470 3438 0
-1550 -1304 3438 0

-1550 -1304 3438 0
-1550 -1721 3438 0
-1550 -2138 3438 0

-1550 -2138 3438 0

-1730 -470 3438 0
-1730 -2138 3438 0

-1550 -470 3438 0
-1730 -470 3438 0

-1550 -2138 3438 0
-1730 -2138 3438 0

-1730 -470 -2700 0
-1730 -2138 -2700 0

-1550 -470 -2700 0
-1550 -2138 -2700 0

-1730 -470 -2700 0
-1550 -470 -2700 0

-1730 -2138 -2700 0
-1550 -2138 -2700 0

-1730 -470 3438 0
-1730 -2138 3438 0

-1730 -470 -2700 0
-1730 -2138 -2700 0

-1730 -470 3438 0
-1730 -470 -2700 0

-1730 -2138 3438 0
-1730 -2138 -2700 0

-1550 -470 -2700 0
-1550 -2138 -2700 0

-1550 -470 3438 0
-1550 -2138 3438 0

-1550 -470 -2700 0
-1550 -470 3438 0

-1550 -2138 -2700 0
-1550 -2138 3438 0

-1550 -470 3438 0
-1730 -470 3438 0

-1550 -470 -2700 0
-1730 -470 -2700 0

-1550 -470 3438 0
-1550 -470 -2700 0

-1730 -470 3438 0
-1730 -470 -2700 0

-1550 -2138 -2700 0
-1730 -2138 -2700 0

-1550 -2138 3438 0
-1730 -2138 3438 0

-1550 -2138 -2700 0
-1550 -2138 3438 0

-1730 -2138 -2700 0
-1730 -2138 3438 0

-1730 3108 3438 0
-1730 2608 3438 0

-1730 2608 3438 0
-1730 2358 3438 0
-1730 2108 3438 0

-1730 2108 3438 0

-1910 3108 3438 0
-1910 2108 3438 0

-1730 3108 3438 0
-1910 3108 3438 0

-1730 2108 3438 0
-1910 2108 3438 0

-1910 3108 -2700 0
-1910 2108 -2700 0

-1730 3108 -2700 0
-1730 2108 -2700 0

-1910 3108 -2700 0
-1730 3108 -2700 0

-1910 2108 -2700 0
-1730 2108 -2700 0

-1910 3108 3438 0
-1910 2108 3438 0

-1910 3108 -2700 0
-1910 2108 -2700 0

-1910 3108 3438 0
-1910 3108 -2700 0

-1910 2108 3438 0
-1910 2108 -2700 0

-1730 3108 -2700 0
-1730 2108 -2700 0

-1730 3108 3438 0
-1730 2108 3438 0

-1730 3108 -2700 0
-1730 3108 3438 0

-1730 2108 -2700 0
-1730 2108 3438 0

-1730 3108 3438 0
-1910 3108 3438 0

-1730 3108 -2700 0
-1910 3108 -2700 0

-1730 3108 3438 0
-1730 3108 -2700 0

-1910 3108 3438 0
-1910 3108 -2700 0

-1730 2108 -2700 0
-1910 2108 -2700 0

-1730 2108 3438 0
-1910 2108 3438 0

-1730 2108 -2700 0
-1730 2108 3438 0

-1910 2108 -2700 0
-1910 2108 3438 0

-1730 500 3438 0
-1730 0 3438 0

-1730 0 3438 0
-1730 -250 3438 0
-1730 -500 3438 0

-1730 -500 3438 0

-1910 500 3438 0
-1910 -500 3438 0

-1730 500 3438 0
-1910 500 3438 0

-1730 -500 3438 0
-1910 -500 3438 0

-1910 500 -2700 0
-1910 -500 -2700 0

-1730 500 -2700 0
-1730 -500 -2700 0

-1910 500 -2700 0
-1730 500 -2700 0

-1910 -500 -2700 0
-1730 -500 -2700 0

-1910 500 3438 0
-1910 -500 3438 0

-1910 500 -2700 0
-1910 -500 -2700 0

-1910 500 3438 0
-1910 500 -2700 0

-1910 -500 3438 0
-1910 -500 -2700 0

-1730 500 -2700 0
-1730 -500 -2700 0

-1730 500 3438 0
-1730 -500 3438 0

-1730 500 -2700 0
-1730 500 3438 0

-1730 -500 -2700 0
-1730 -500 3438 0

-1730 500 3438 0
-1910 500 3438 0

-1730 500 -2700 0
-1910 500 -2700 0

-1730 500 3438 0
-1730 500 -2700 0

-1910 500 3438 0
-1910 500 -2700 0

-1730 -500 -2700 0
-1910 -500 -2700 0

-1730 -500 3438 0
-1910 -500 3438 0

-1730 -500 -2700 0
-1730 -500 3438 0

-1910 -500 -2700 0
-1910 -500 3438 0

-1730 -2108 3438 0
-1730 -2608 3438 0

-1730 -2608 3438 0
-1730 -2858 3438 0
-1730 -3108 3438 0

-1730 -3108 3438 0

-1910 -2108 3438 0
-1910 -3108 3438 0

-1730 -2108 3438 0
-1910 -2108 3438 0

-1730 -3108 3438 0
-1910 -3108 3438 0

-1910 -2108 -2700 0
-1910 -3108 -2700 0

-1730 -2108 -2700 0
-1730 -3108 -2700 0

-1910 -2108 -2700 0
-1730 -2108 -2700 0

-1910 -3108 -2700 0
-1730 -3108 -2700 0

-1910 -2108 3438 0
-1910 -3108 3438 0

-1910 -2108 -2700 0
-1910 -3108 -2700 0

-1910 -2108 3438 0
-1910 -2108 -2700 0

-1910 -3108 3438 0
-1910 -3108 -2700 0

-1730 -2108 -2700 0
-1730 -3108 -2700 0

-1730 -2108 3438 0
-1730 -3108 3438 0

-1730 -2108 -2700 0
-1730 -2108 3438 0

-1730 -3108 -2700 0
-1730 -3108 3438 0

-1730 -2108 3438 0
-1910 -2108 3438 0

-1730 -2108 -2700 0
-1910 -2108 -2700 0

-1730 -2108 3438 0
-1730 -2108 -2700 0

-1910 -2108 3438 0
-1910 -2108 -2700 0

-1730 -3108 -2700 0
-1910 -3108 -2700 0

-1730 -3108 3438 0
-1910 -3108 3438 0

-1730 -3108 -2700 0
-1730 -3108 3438 0

-1910 -3108 -2700 0
-1910 -3108 3438 0

-1550 4275 3438 0
-1550 3676.5 3438 0

-1550 3676.5 3438 0
-1550 3377.25 3438 0
-1550 3078 3438 0

-1550 3078 3438 0

-1730 4275 3438 0
-1730 3078 3438 0

-1550 4275 3438 0
-1730 4275 3438 0

-1550 3078 3438 0
-1730 3078 3438 0

-1730 4275 -2700 0
-1730 3078 -2700 0

-1550 4275 -2700 0
-1550 3078 -2700 0

-1730 4275 -2700 0
-1550 4275 -2700 0

-1730 3078 -2700 0
-1550 3078 -2700 0

-1730 4275 3438 0
-1730 3078 3438 0

-1730 4275 -2700 0
-1730 3078 -2700 0

-1730 4275 3438 0
-1730 4275 -2700 0

-1730 3078 3438 0
-1730 3078 -2700 0

-1550 4275 -2700 0
-1550 3078 -2700 0

-1550 4275 3438 0
-1550 3078 3438 0

-1550 4275 -2700 0
-1550 4275 3438 0

-1550 3078 -2700 0
-1550 3078 3438 0

-1550 4275 3438 0
-1730 4275 3438 0

-1550 4275 -2700 0
-1730 4275 -2700 0

-1550 4275 3438 0
-1550 4275 -2700 0

-1730 4275 3438 0
-1730 4275 -2700 0

-1550 3078 -2700 0
-1730 3078 -2700 0

-1550 3078 3438 0
-1730 3078 3438 0

-1550 3078 -2700 0
-1550 3078 3438 0

-1730 3078 -2700 0
-1730 3078 3438 0

-1550 -3078 3438 0
-1550 -3676.5 3438 0

-1550 -3676.5 3438 0
-1550 -3975.75 3438 0
-1550 -4275 3438 0

-1550 -4275 3438 0

-1730 -3078 3438 0
-1730 -4275 3438 0

-1550 -3078 3438 0
-1730 -3078 3438 0

-1550 -4275 3438 0
-1730 -4275 3438 0

-1730 -3078 -2700 0
-1730 -4275 -2700 0

-1550 -3078 -2700 0
-1550 -4275 -2700 0

-1730 -3078 -2700 0
-1550 -3078 -2700 0

-1730 -4275 -2700 0
-1550 -4275 -2700 0

-1730 -3078 3438 0
-1730 -4275 3438 0

-1730 -3078 -2700 0
-1730 -4275 -2700 0

-1730 -3078 3438 0
-1730 -3078 -2700 0

-1730 -4275 3438 0
-1730 -4275 -2700 0

-1550 -3078 -2700 0
-1550 -4275 -2700 0

-1550 -3078 3438 0
-1550 -4275 3438 0

-1550 -3078 -2700 0
-1550 -3078 3438 0

-1550 -4275 -2700 0
-1550 -4275 3438 0

-1550 -3078 3438 0
-1730 -3078 3438 0

-1550 -3078 -2700 0
-1730 -3078 -2700 0

-1550 -3078 3438 0
-1550 -3078 -2700 0

-1730 -3078 3438 0
-1730 -3078 -2700 0

-1550 -4275 -2700 0
-1730 -4275 -2700 0

-1550 -4275 3438 0
-1730 -4275 3438 0

-1550 -4275 -2700 0
-1550 -4275 3438 0

-1730 -4275 -2700 0
-1730 -4275 3438 0

1550 -3083 -2290.5 0
1550 -2608 -2290.5 0

1550 -2608 -2290.5 0
1550 -2370.5 -2290.5 0
1550 -2133 -2290.5 0

1550 -2133 -2290.5 0

1730 -3083 -2290.5 0
1730 -2133 -2290.5 0

1550 -3083 -2290.5 0
1730 -3083 -2290.5 0

1550 -2133 -2290.5 0
1730 -2133 -2290.5 0

1730 -3083 -2690.5 0
1730 -2133 -2690.5 0

1550 -3083 -2690.5 0
1550 -2133 -2690.5 0

1730 -3083 -2690.5 0
1550 -3083 -2690.5 0

1730 -2133 -2690.5 0
1550 -2133 -2690.5 0

1730 -3083 -2290.5 0
1730 -2133 -2290.5 0

1730 -3083 -2690.5 0
1730 -2133 -2690.5 0

1730 -3083 -2290.5 0
1730 -3083 -2690.5 0

1730 -2133 -2290.5 0
1730 -2133 -2690.5 0

1550 -3083 -2690.5 0
1550 -2133 -2690.5 0

1550 -3083 -2290.5 0
1550 -2133 -2290.5 0

1550 -3083 -2690.5 0
1550 -3083 -2290.5 0

1550 -2133 -2690.5 0
1550 -2133 -2290.5 0

1550 -3083 -2290.5 0
1730 -3083 -2290.5 0

1550 -3083 -2690.5 0
1730 -3083 -2690.5 0

1550 -3083 -2290.5 0
1550 -3083 -2690.5 0

1730 -3083 -2290.5 0
1730 -3083 -2690.5 0

1550 -2133 -2690.5 0
1730 -2133 -2690.5 0

1550 -2133 -2290.5 0
1730 -2133 -2290.5 0

1550 -2133 -2690.5 0
1550 -2133 -2290.5 0

1730 -2133 -2690.5 0
1730 -2133 -2290.5 0

1550 -475 -2290.5 0
1550 0 -2290.5 0

1550 0 -2290.5 0
1550 237.5 -2290.5 0
1550 475 -2290.5 0

1550 475 -2290.5 0

1730 -475 -2290.5 0
1730 475 -2290.5 0

1550 -475 -2290.5 0
1730 -475 -2290.5 0

1550 475 -2290.5 0
1730 475 -2290.5 0

1730 -475 -2690.5 0
1730 475 -2690.5 0

1550 -475 -2690.5 0
1550 475 -2690.5 0

1730 -475 -2690.5 0
1550 -475 -2690.5 0

1730 475 -2690.5 0
1550 475 -2690.5 0

1730 -475 -2290.5 0
1730 475 -2290.5 0

1730 -475 -2690.5 0
1730 475 -2690.5 0

1730 -475 -2290.5 0
1730 -475 -2690.5 0

1730 475 -2290.5 0
1730 475 -2690.5 0

1550 -475 -2690.5 0
1550 475 -2690.5 0

1550 -475 -2290.5 0
1550 475 -2290.5 0

1550 -475 -2690.5 0
1550 -475 -2290.5 0

1550 475 -2690.5 0
1550 475 -2290.5 0

1550 -475 -2290.5 0
1730 -475 -2290.5 0

1550 -475 -2690.5 0
1730 -475 -2690.5 0

1550 -475 -2290.5 0
1550 -475 -2690.5 0

1730 -475 -2290.5 0
1730 -475 -2690.5 0

1550 475 -2690.5 0
1730 475 -2690.5 0

1550 475 -2290.5 0
1730 475 -2290.5 0

1550 475 -2690.5 0
1550 475 -2290.5 0

1730 475 -2690.5 0
1730 475 -2290.5 0

1550 2133 -2290.5 0
1550 2608 -2290.5 0

1550 2608 -2290.5 0
1550 2845.5 -2290.5 0
1550 3083 -2290.5 0

1550 3083 -2290.5 0

1730 2133 -2290.5 0
1730 3083 -2290.5 0

1550 2133 -2290.5 0
1730 2133 -2290.5 0

1550 3083 -2290.5 0
1730 3083 -2290.5 0

1730 2133 -2690.5 0
1730 3083 -2690.5 0

1550 2133 -2690.5 0
1550 3083 -2690.5 0

1730 2133 -2690.5 0
1550 2133 -2690.5 0

1730 3083 -2690.5 0
1550 3083 -2690.5 0

1730 2133 -2290.5 0
1730 3083 -2290.5 0

1730 2133 -2690.5 0
1730 3083 -2690.5 0

1730 2133 -2290.5 0
1730 2133 -2690.5 0

1730 3083 -2290.5 0
1730 3083 -2690.5 0

1550 2133 -2690.5 0
1550 3083 -2690.5 0

1550 2133 -2290.5 0
1550 3083 -2290.5 0

1550 2133 -2690.5 0
1550 2133 -2290.5 0

1550 3083 -2690.5 0
1550 3083 -2290.5 0

1550 2133 -2290.5 0
1730 2133 -2290.5 0

1550 2133 -2690.5 0
1730 2133 -2690.5 0

1550 2133 -2290.5 0
1550 2133 -2690.5 0

1730 2133 -2290.5 0
1730 2133 -2690.5 0

1550 3083 -2690.5 0
1730 3083 -2690.5 0

1550 3083 -2290.5 0
1730 3083 -2290.5 0

1550 3083 -2690.5 0
1550 3083 -2290.5 0

1730 3083 -2690.5 0
1730 3083 -2290.5 0

1550 -2138 3438 0
1550 -1304 3438 0

1550 -1304 3438 0
1550 -887 3438 0
1550 -470 3438 0

1550 -470 3438 0

1730 -2138 3438 0
1730 -470 3438 0

1550 -2138 3438 0
1730 -2138 3438 0

1550 -470 3438 0
1730 -470 3438 0

1730 -2138 -2700 0
1730 -470 -2700 0

1550 -2138 -2700 0
1550 -470 -2700 0

1730 -2138 -2700 0
1550 -2138 -2700 0

1730 -470 -2700 0
1550 -470 -2700 0

1730 -2138 3438 0
1730 -470 3438 0

1730 -2138 -2700 0
1730 -470 -2700 0

1730 -2138 3438 0
1730 -2138 -2700 0

1730 -470 3438 0
1730 -470 -2700 0

1550 -2138 -2700 0
1550 -470 -2700 0

1550 -2138 3438 0
1550 -470 3438 0

1550 -2138 -2700 0
1550 -2138 3438 0

1550 -470 -2700 0
1550 -470 3438 0

1550 -2138 3438 0
1730 -2138 3438 0

1550 -2138 -2700 0
1730 -2138 -2700 0

1550 -2138 3438 0
1550 -2138 -2700 0

1730 -2138 3438 0
1730 -2138 -2700 0

1550 -470 -2700 0
1730 -470 -2700 0

1550 -470 3438 0
1730 -470 3438 0

1550 -470 -2700 0
1550 -470 3438 0

1730 -470 -2700 0
1730 -470 3438 0

1550 470 3438 0
1550 1304 3438 0

1550 1304 3438 0
1550 1721 3438 0
1550 2138 3438 0

1550 2138 3438 0

1730 470 3438 0
1730 2138 3438 0

1550 470 3438 0
1730 470 3438 0

1550 2138 3438 0
1730 2138 3438 0

1730 470 -2700 0
1730 2138 -2700 0

1550 470 -2700 0
1550 2138 -2700 0

1730 470 -2700 0
1550 470 -2700 0

1730 2138 -2700 0
1550 2138 -2700 0

1730 470 3438 0
1730 2138 3438 0

1730 470 -2700 0
1730 2138 -2700 0

1730 470 3438 0
1730 470 -2700 0

1730 2138 3438 0
1730 2138 -2700 0

1550 470 -2700 0
1550 2138 -2700 0

1550 470 3438 0
1550 2138 3438 0

1550 470 -2700 0
1550 470 3438 0

1550 2138 -2700 0
1550 2138 3438 0

1550 470 3438 0
1730 470 3438 0

1550 470 -2700 0
1730 470 -2700 0

1550 470 3438 0
1550 470 -2700 0

1730 470 3438 0
1730 470 -2700 0

1550 2138 -2700 0
1730 2138 -2700 0

1550 2138 3438 0
1730 2138 3438 0

1550 2138 -2700 0
1550 2138 3438 0

1730 2138 -2700 0
1730 2138 3438 0

1730 -3108 3438 0
1730 -2608 3438 0

1730 -2608 3438 0
1730 -2358 3438 0
1730 -2108 3438 0

1730 -2108 3438 0

1910 -3108 3438 0
1910 -2108 3438 0

1730 -3108 3438 0
1910 -3108 3438 0

1730 -2108 3438 0
1910 -2108 3438 0

1910 -3108 -2700 0
1910 -2108 -2700 0

1730 -3108 -2700 0
1730 -2108 -2700 0

1910 -3108 -2700 0
1730 -3108 -2700 0

1910 -2108 -2700 0
1730 -2108 -2700 0

1910 -3108 3438 0
1910 -2108 3438 0

1910 -3108 -2700 0
1910 -2108 -2700 0

1910 -3108 3438 0
1910 -3108 -2700 0

1910 -2108 3438 0
1910 -2108 -2700 0

1730 -3108 -2700 0
1730 -2108 -2700 0

1730 -3108 3438 0
1730 -2108 3438 0

1730 -3108 -2700 0
1730 -3108 3438 0

1730 -2108 -2700 0
1730 -2108 3438 0

1730 -3108 3438 0
1910 -3108 3438 0

1730 -3108 -2700 0
1910 -3108 -2700 0

1730 -3108 3438 0
1730 -3108 -2700 0

1910 -3108 3438 0
1910 -3108 -2700 0

1730 -2108 -2700 0
1910 -2108 -2700 0

1730 -2108 3438 0
1910 -2108 3438 0

1730 -2108 -2700 0
1730 -2108 3438 0

1910 -2108 -2700 0
1910 -2108 3438 0

1730 -500 3438 0
1730 0 3438 0

1730 0 3438 0
1730 250 3438 0
1730 500 3438 0

1730 500 3438 0

1910 -500 3438 0
1910 500 3438 0

1730 -500 3438 0
1910 -500 3438 0

1730 500 3438 0
1910 500 3438 0

1910 -500 -2700 0
1910 500 -2700 0

1730 -500 -2700 0
1730 500 -2700 0

1910 -500 -2700 0
1730 -500 -2700 0

1910 500 -2700 0
1730 500 -2700 0

1910 -500 3438 0
1910 500 3438 0

1910 -500 -2700 0
1910 500 -2700 0

1910 -500 3438 0
1910 -500 -2700 0

1910 500 3438 0
1910 500 -2700 0

1730 -500 -2700 0
1730 500 -2700 0

1730 -500 3438 0
1730 500 3438 0

1730 -500 -2700 0
1730 -500 3438 0

1730 500 -2700 0
1730 500 3438 0

1730 -500 3438 0
1910 -500 3438 0

1730 -500 -2700 0
1910 -500 -2700 0

1730 -500 3438 0
1730 -500 -2700 0

1910 -500 3438 0
1910 -500 -2700 0

1730 500 -2700 0
1910 500 -2700 0

1730 500 3438 0
1910 500 3438 0

1730 500 -2700 0
1730 500 3438 0

1910 500 -2700 0
1910 500 3438 0

1730 2108 3438 0
1730 2608 3438 0

1730 2608 3438 0
1730 2858 3438 0
1730 3108 3438 0

1730 3108 3438 0

1910 2108 3438 0
1910 3108 3438 0

1730 2108 3438 0
1910 2108 3438 0

1730 3108 3438 0
1910 3108 3438 0

1910 2108 -2700 0
1910 3108 -2700 0

1730 2108 -2700 0
1730 3108 -2700 0

1910 2108 -2700 0
1730 2108 -2700 0

1910 3108 -2700 0
1730 3108 -2700 0

1910 2108 3438 0
1910 3108 3438 0

1910 2108 -2700 0
1910 3108 -2700 0

1910 2108 3438 0
1910 2108 -2700 0

1910 3108 3438 0
1910 3108 -2700 0

1730 2108 -2700 0
1730 3108 -2700 0

1730 2108 3438 0
1730 3108 3438 0

1730 2108 -2700 0
1730 2108 3438 0

1730 3108 -2700 0
1730 3108 3438 0

1730 2108 3438 0
1910 2108 3438 0

1730 2108 -2700 0
1910 2108 -2700 0

1730 2108 3438 0
1730 2108 -2700 0

1910 2108 3438 0
1910 2108 -2700 0

1730 3108 -2700 0
1910 3108 -2700 0

1730 3108 3438 0
1910 3108 3438 0

1730 3108 -2700 0
1730 3108 3438 0

1910 3108 -2700 0
1910 3108 3438 0

1550 -4275 3438 0
1550 -3676.5 3438 0

1550 -3676.5 3438 0
1550 -3377.25 3438 0
1550 -3078 3438 0

1550 -3078 3438 0

1730 -4275 3438 0
1730 -3078 3438 0

1550 -4275 3438 0
1730 -4275 3438 0

1550 -3078 3438 0
1730 -3078 3438 0

1730 -4275 -2700 0
1730 -3078 -2700 0

1550 -4275 -2700 0
1550 -3078 -2700 0

1730 -4275 -2700 0
1550 -4275 -2700 0

1730 -3078 -2700 0
1550 -3078 -2700 0

1730 -4275 3438 0
1730 -3078 3438 0

1730 -4275 -2700 0
1730 -3078 -2700 0

1730 -4275 3438 0
1730 -4275 -2700 0

1730 -3078 3438 0
1730 -3078 -2700 0

1550 -4275 -2700 0
1550 -3078 -2700 0

1550 -4275 3438 0
1550 -3078 3438 0

1550 -4275 -2700 0
1550 -4275 3438 0

1550 -3078 -2700 0
1550 -3078 3438 0

1550 -4275 3438 0
1730 -4275 3438 0

1550 -4275 -2700 0
1730 -4275 -2700 0

1550 -4275 3438 0
1550 -4275 -2700 0

1730 -4275 3438 0
1730 -4275 -2700 0

1550 -3078 -2700 0
1730 -3078 -2700 0

1550 -3078 3438 0
1730 -3078 3438 0

1550 -3078 -2700 0
1550 -3078 3438 0

1730 -3078 -2700 0
1730 -3078 3438 0

1550 3078 3438 0
1550 3676.5 3438 0

1550 3676.5 3438 0
1550 3975.75 3438 0
1550 4275 3438 0

1550 4275 3438 0

1730 3078 3438 0
1730 4275 3438 0

1550 3078 3438 0
1730 3078 3438 0

1550 4275 3438 0
1730 4275 3438 0

1730 3078 -2700 0
1730 4275 -2700 0

1550 3078 -2700 0
1550 4275 -2700 0

1730 3078 -2700 0
1550 3078 -2700 0

1730 4275 -2700 0
1550 4275 -2700 0

1730 3078 3438 0
1730 4275 3438 0

1730 3078 -2700 0
1730 4275 -2700 0

1730 3078 3438 0
1730 3078 -2700 0

1730 4275 3438 0
1730 4275 -2700 0

1550 3078 -2700 0
1550 4275 -2700 0

1550 3078 3438 0
1550 4275 3438 0

1550 3078 -2700 0
1550 3078 3438 0

1550 4275 -2700 0
1550 4275 3438 0

1550 3078 3438 0
1730 3078 3438 0

1550 3078 -2700 0
1730 3078 -2700 0

1550 3078 3438 0
1550 3078 -2700 0

1730 3078 3438 0
1730 3078 -2700 0

1550 4275 -2700 0
1730 4275 -2700 0

1550 4275 3438 0
1730 4275 3438 0

1550 4275 -2700 0
1550 4275 3438 0

1730 4275 -2700 0
1730 4275 3438 0

1400 4455 3438 0
1400 4365 3438 0

1400 4365 3438 0
1400 4320 3438 0
1400 4275 3438 0

1400 4275 3438 0

-1400 4455 3438 0
-1400 4275 3438 0

1400 4455 3438 0
-1400 4455 3438 0

1400 4275 3438 0
-1400 4275 3438 0

-1400 4455 -2700 0
-1400 4275 -2700 0

1400 4455 -2700 0
1400 4275 -2700 0

-1400 4455 -2700 0
1400 4455 -2700 0

-1400 4275 -2700 0
1400 4275 -2700 0

-1400 4455 3438 0
-1400 4275 3438 0

-1400 4455 -2700 0
-1400 4275 -2700 0

-1400 4455 3438 0
-1400 4455 -2700 0

-1400 4275 3438 0
-1400 4275 -2700 0

1400 4455 -2700 0
1400 4275 -2700 0

1400 4455 3438 0
1400 4275 3438 0

1400 4455 -2700 0
1400 4455 3438 0

1400 4275 -2700 0
1400 4275 3438 0

1400 4455 3438 0
-1400 4455 3438 0

1400 4455 -2700 0
-1400 4455 -2700 0

1400 4455 3438 0
1400 4455 -2700 0

-1400 4455 3438 0
-1400 4455 -2700 0

1400 4275 -2700 0
-1400 4275 -2700 0

1400 4275 3438 0
-1400 4275 3438 0

1400 4275 -2700 0
1400 4275 3438 0

-1400 4275 -2700 0
-1400 4275 3438 0

1910 4290 3438 0
1910 4282.5 3438 0

1910 4282.5 3438 0
1910 4278.75 3438 0
1910 4275 3438 0

1910 4275 3438 0

1400 4290 3438 0
1400 4275 3438 0

1910 4290 3438 0
1400 4290 3438 0

1910 4275 3438 0
1400 4275 3438 0

1400 4290 -2700 0
1400 4275 -2700 0

1910 4290 -2700 0
1910 4275 -2700 0

1400 4290 -2700 0
1910 4290 -2700 0

1400 4275 -2700 0
1910 4275 -2700 0

1400 4290 3438 0
1400 4275 3438 0

1400 4290 -2700 0
1400 4275 -2700 0

1400 4290 3438 0
1400 4290 -2700 0

1400 4275 3438 0
1400 4275 -2700 0

1910 4290 -2700 0
1910 4275 -2700 0

1910 4290 3438 0
1910 4275 3438 0

1910 4290 -2700 0
1910 4290 3438 0

1910 4275 -2700 0
1910 4275 3438 0

1910 4290 3438 0
1400 4290 3438 0

1910 4290 -2700 0
1400 4290 -2700 0

1910 4290 3438 0
1910 4290 -2700 0

1400 4290 3438 0
1400 4290 -2700 0

1910 4275 -2700 0
1400 4275 -2700 0

1910 4275 3438 0
1400 4275 3438 0

1910 4275 -2700 0
1910 4275 3438 0

1400 4275 -2700 0
1400 4275 3438 0

-1400 4290 3438 0
-1400 4282.5 3438 0

-1400 4282.5 3438 0
-1400 4278.75 3438 0
-1400 4275 3438 0

-1400 4275 3438 0

-1910 4290 3438 0
-1910 4275 3438 0

-1400 4290 3438 0
-1910 4290 3438 0

-1400 4275 3438 0
-1910 4275 3438 0

-1910 4290 -2700 0
-1910 4275 -2700 0

-1400 4290 -2700 0
-1400 4275 -2700 0

-1910 4290 -2700 0
-1400 4290 -2700 0

-1910 4275 -2700 0
-1400 4275 -2700 0

-1910 4290 3438 0
-1910 4275 3438 0

-1910 4290 -2700 0
-1910 4275 -2700 0

-1910 4290 3438 0
-1910 4290 -2700 0

-1910 4275 3438 0
-1910 4275 -2700 0

-1400 4290 -2700 0
-1400 4275 -2700 0

-1400 4290 3438 0
-1400 4275 3438 0

-1400 4290 -2700 0
-1400 4290 3438 0

-1400 4275 -2700 0
-1400 4275 3438 0

-1400 4290 3438 0
-1910 4290 3438 0

-1400 4290 -2700 0
-1910 4290 -2700 0

-1400 4290 3438 0
-1400 4290 -2700 0

-1910 4290 3438 0
-1910 4290 -2700 0

-1400 4275 -2700 0
-1910 4275 -2700 0

-1400 4275 3438 0
-1910 4275 3438 0

-1400 4275 -2700 0
-1400 4275 3438 0

-1910 4275 -2700 0
-1910 4275 3438 0

1400 -4455 -2700 0
1400 -4365 -2700 0

1400 -4365 -2700 0
1400 -4320 -2700 0
1400 -4275 -2700 0

1400 -4275 -2700 0

-1400 -4455 -2700 0
-1400 -4275 -2700 0

1400 -4455 -2700 0
-1400 -4455 -2700 0

1400 -4275 -2700 0
-1400 -4275 -2700 0

-1400 -4455 3438 0
-1400 -4275 3438 0

1400 -4455 3438 0
1400 -4275 3438 0

-1400 -4455 3438 0
1400 -4455 3438 0

-1400 -4275 3438 0
1400 -4275 3438 0

-1400 -4455 -2700 0
-1400 -4275 -2700 0

-1400 -4455 3438 0
-1400 -4275 3438 0

-1400 -4455 -2700 0
-1400 -4455 3438 0

-1400 -4275 -2700 0
-1400 -4275 3438 0

1400 -4455 3438 0
1400 -4275 3438 0

1400 -4455 -2700 0
1400 -4275 -2700 0

1400 -4455 3438 0
1400 -4455 -2700 0

1400 -4275 3438 0
1400 -4275 -2700 0

1400 -4455 -2700 0
-1400 -4455 -2700 0

1400 -4455 3438 0
-1400 -4455 3438 0

1400 -4455 -2700 0
1400 -4455 3438 0

-1400 -4455 -2700 0
-1400 -4455 3438 0

1400 -4275 3438 0
-1400 -4275 3438 0

1400 -4275 -2700 0
-1400 -4275 -2700 0

1400 -4275 3438 0
1400 -4275 -2700 0

-1400 -4275 3438 0
-1400 -4275 -2700 0

1910 -4290 -2700 0
1910 -4282.5 -2700 0

1910 -4282.5 -2700 0
1910 -4278.75 -2700 0
1910 -4275 -2700 0

1910 -4275 -2700 0

1400 -4290 -2700 0
1400 -4275 -2700 0

1910 -4290 -2700 0
1400 -4290 -2700 0

1910 -4275 -2700 0
1400 -4275 -2700 0

1400 -4290 3438 0
1400 -4275 3438 0

1910 -4290 3438 0
1910 -4275 3438 0

1400 -4290 3438 0
1910 -4290 3438 0

1400 -4275 3438 0
1910 -4275 3438 0

1400 -4290 -2700 0
1400 -4275 -2700 0

1400 -4290 3438 0
1400 -4275 3438 0

1400 -4290 -2700 0
1400 -4290 3438 0

1400 -4275 -2700 0
1400 -4275 3438 0

1910 -4290 3438 0
1910 -4275 3438 0

1910 -4290 -2700 0
1910 -4275 -2700 0

1910 -4290 3438 0
1910 -4290 -2700 0

1910 -4275 3438 0
1910 -4275 -2700 0

1910 -4290 -2700 0
1400 -4290 -2700 0

1910 -4290 3438 0
1400 -4290 3438 0

1910 -4290 -2700 0
1910 -4290 3438 0

1400 -4290 -2700 0
1400 -4290 3438 0

1910 -4275 3438 0
1400 -4275 3438 0

1910 -4275 -2700 0
1400 -4275 -2700 0

1910 -4275 3438 0
1910 -4275 -2700 0

1400 -4275 3438 0
1400 -4275 -2700 0

-1400 -4290 -2700 0
-1400 -4282.5 -2700 0

-1400 -4282.5 -2700 0
-1400 -4278.75 -2700 0
-1400 -4275 -2700 0

-1400 -4275 -2700 0

-1910 -4290 -2700 0
-1910 -4275 -2700 0

-1400 -4290 -2700 0
-1910 -4290 -2700 0

-1400 -4275 -2700 0
-1910 -4275 -2700 0

-1910 -4290 3438 0
-1910 -4275 3438 0

-1400 -4290 3438 0
-1400 -4275 3438 0

-1910 -4290 3438 0
-1400 -4290 3438 0

-1910 -4275 3438 0
-1400 -4275 3438 0

-1910 -4290 -2700 0
-1910 -4275 -2700 0

-1910 -4290 3438 0
-1910 -4275 3438 0

-1910 -4290 -2700 0
-1910 -4290 3438 0

-1910 -4275 -2700 0
-1910 -4275 3438 0

-1400 -4290 3438 0
-1400 -4275 3438 0

-1400 -4290 -2700 0
-1400 -4275 -2700 0

-1400 -4290 3438 0
-1400 -4290 -2700 0

-1400 -4275 3438 0
-1400 -4275 -2700 0

-1400 -4290 -2700 0
-1910 -4290 -2700 0

-1400 -4290 3438 0
-1910 -4290 3438 0

-1400 -4290 -2700 0
-1400 -4290 3438 0

-1910 -4290 -2700 0
-1910 -4290 3438 0

-1400 -4275 3438 0
-1910 -4275 3438 0

-1400 -4275 -2700 0
-1910 -4275 -2700 0

-1400 -4275 3438 0
-1400 -4275 -2700 0

-1910 -4275 3438 0
-1910 -4275 -2700 0

# end of label='orange'
