# Temporary file generated by the 'geomtools::gnuplot_drawer'
# class for visualization.
# label='black'
1292.5 -3000 2000 0
1292.5 0 2000 0

1292.5 0 2000 0
1292.5 1500 2000 0
1292.5 3000 2000 0

1292.5 3000 2000 0

1297.5 -3000 2000 0
1297.5 3000 2000 0

1292.5 -3000 2000 0
1297.5 -3000 2000 0

1292.5 3000 2000 0
1297.5 3000 2000 0

1297.5 -3000 -2000 0
1297.5 3000 -2000 0

1292.5 -3000 -2000 0
1292.5 3000 -2000 0

1297.5 -3000 -2000 0
1292.5 -3000 -2000 0

1297.5 3000 -2000 0
1292.5 3000 -2000 0

1297.5 -3000 2000 0
1297.5 3000 2000 0

1297.5 -3000 -2000 0
1297.5 3000 -2000 0

1297.5 -3000 2000 0
1297.5 -3000 -2000 0

1297.5 3000 2000 0
1297.5 3000 -2000 0

1292.5 -3000 -2000 0
1292.5 3000 -2000 0

1292.5 -3000 2000 0
1292.5 3000 2000 0

1292.5 -3000 -2000 0
1292.5 -3000 2000 0

1292.5 3000 -2000 0
1292.5 3000 2000 0

1292.5 -3000 2000 0
1297.5 -3000 2000 0

1292.5 -3000 -2000 0
1297.5 -3000 -2000 0

1292.5 -3000 2000 0
1292.5 -3000 -2000 0

1297.5 -3000 2000 0
1297.5 -3000 -2000 0

1292.5 3000 -2000 0
1297.5 3000 -2000 0

1292.5 3000 2000 0
1297.5 3000 2000 0

1292.5 3000 -2000 0
1292.5 3000 2000 0

1297.5 3000 -2000 0
1297.5 3000 2000 0

1300 -3000 2000 0
1300 0 2000 0

1300 0 2000 0
1300 1500 2000 0
1300 3000 2000 0

1300 3000 2000 0

1310 -3000 2000 0
1310 3000 2000 0

1300 -3000 2000 0
1310 -3000 2000 0

1300 3000 2000 0
1310 3000 2000 0

1310 -3000 -2000 0
1310 3000 -2000 0

1300 -3000 -2000 0
1300 3000 -2000 0

1310 -3000 -2000 0
1300 -3000 -2000 0

1310 3000 -2000 0
1300 3000 -2000 0

1310 -3000 2000 0
1310 3000 2000 0

1310 -3000 -2000 0
1310 3000 -2000 0

1310 -3000 2000 0
1310 -3000 -2000 0

1310 3000 2000 0
1310 3000 -2000 0

1300 -3000 -2000 0
1300 3000 -2000 0

1300 -3000 2000 0
1300 3000 2000 0

1300 -3000 -2000 0
1300 -3000 2000 0

1300 3000 -2000 0
1300 3000 2000 0

1300 -3000 2000 0
1310 -3000 2000 0

1300 -3000 -2000 0
1310 -3000 -2000 0

1300 -3000 2000 0
1300 -3000 -2000 0

1310 -3000 2000 0
1310 -3000 -2000 0

1300 3000 -2000 0
1310 3000 -2000 0

1300 3000 2000 0
1310 3000 2000 0

1300 3000 -2000 0
1300 3000 2000 0

1310 3000 -2000 0
1310 3000 2000 0

-1292.5 -3000 -2000 0
-1292.5 0 -2000 0

-1292.5 0 -2000 0
-1292.5 1500 -2000 0
-1292.5 3000 -2000 0

-1292.5 3000 -2000 0

-1297.5 -3000 -2000 0
-1297.5 3000 -2000 0

-1292.5 -3000 -2000 0
-1297.5 -3000 -2000 0

-1292.5 3000 -2000 0
-1297.5 3000 -2000 0

-1297.5 -3000 2000 0
-1297.5 3000 2000 0

-1292.5 -3000 2000 0
-1292.5 3000 2000 0

-1297.5 -3000 2000 0
-1292.5 -3000 2000 0

-1297.5 3000 2000 0
-1292.5 3000 2000 0

-1297.5 -3000 -2000 0
-1297.5 3000 -2000 0

-1297.5 -3000 2000 0
-1297.5 3000 2000 0

-1297.5 -3000 -2000 0
-1297.5 -3000 2000 0

-1297.5 3000 -2000 0
-1297.5 3000 2000 0

-1292.5 -3000 2000 0
-1292.5 3000 2000 0

-1292.5 -3000 -2000 0
-1292.5 3000 -2000 0

-1292.5 -3000 2000 0
-1292.5 -3000 -2000 0

-1292.5 3000 2000 0
-1292.5 3000 -2000 0

-1292.5 -3000 -2000 0
-1297.5 -3000 -2000 0

-1292.5 -3000 2000 0
-1297.5 -3000 2000 0

-1292.5 -3000 -2000 0
-1292.5 -3000 2000 0

-1297.5 -3000 -2000 0
-1297.5 -3000 2000 0

-1292.5 3000 2000 0
-1297.5 3000 2000 0

-1292.5 3000 -2000 0
-1297.5 3000 -2000 0

-1292.5 3000 2000 0
-1292.5 3000 -2000 0

-1297.5 3000 2000 0
-1297.5 3000 -2000 0

-1300 -3000 -2000 0
-1300 0 -2000 0

-1300 0 -2000 0
-1300 1500 -2000 0
-1300 3000 -2000 0

-1300 3000 -2000 0

-1310 -3000 -2000 0
-1310 3000 -2000 0

-1300 -3000 -2000 0
-1310 -3000 -2000 0

-1300 3000 -2000 0
-1310 3000 -2000 0

-1310 -3000 2000 0
-1310 3000 2000 0

-1300 -3000 2000 0
-1300 3000 2000 0

-1310 -3000 2000 0
-1300 -3000 2000 0

-1310 3000 2000 0
-1300 3000 2000 0

-1310 -3000 -2000 0
-1310 3000 -2000 0

-1310 -3000 2000 0
-1310 3000 2000 0

-1310 -3000 -2000 0
-1310 -3000 2000 0

-1310 3000 -2000 0
-1310 3000 2000 0

-1300 -3000 2000 0
-1300 3000 2000 0

-1300 -3000 -2000 0
-1300 3000 -2000 0

-1300 -3000 2000 0
-1300 -3000 -2000 0

-1300 3000 2000 0
-1300 3000 -2000 0

-1300 -3000 -2000 0
-1310 -3000 -2000 0

-1300 -3000 2000 0
-1310 -3000 2000 0

-1300 -3000 -2000 0
-1300 -3000 2000 0

-1310 -3000 -2000 0
-1310 -3000 2000 0

-1300 3000 2000 0
-1310 3000 2000 0

-1300 3000 -2000 0
-1310 3000 -2000 0

-1300 3000 2000 0
-1300 3000 -2000 0

-1310 3000 2000 0
-1310 3000 -2000 0

-1005 3047.5 2000 0
-1005 3050 2000 0

-1005 3050 2000 0
-1005 3051.25 2000 0
-1005 3052.5 2000 0

-1005 3052.5 2000 0

995 3047.5 2000 0
995 3052.5 2000 0

-1005 3047.5 2000 0
995 3047.5 2000 0

-1005 3052.5 2000 0
995 3052.5 2000 0

995 3047.5 -2000 0
995 3052.5 -2000 0

-1005 3047.5 -2000 0
-1005 3052.5 -2000 0

995 3047.5 -2000 0
-1005 3047.5 -2000 0

995 3052.5 -2000 0
-1005 3052.5 -2000 0

995 3047.5 2000 0
995 3052.5 2000 0

995 3047.5 -2000 0
995 3052.5 -2000 0

995 3047.5 2000 0
995 3047.5 -2000 0

995 3052.5 2000 0
995 3052.5 -2000 0

-1005 3047.5 -2000 0
-1005 3052.5 -2000 0

-1005 3047.5 2000 0
-1005 3052.5 2000 0

-1005 3047.5 -2000 0
-1005 3047.5 2000 0

-1005 3052.5 -2000 0
-1005 3052.5 2000 0

-1005 3047.5 2000 0
995 3047.5 2000 0

-1005 3047.5 -2000 0
995 3047.5 -2000 0

-1005 3047.5 2000 0
-1005 3047.5 -2000 0

995 3047.5 2000 0
995 3047.5 -2000 0

-1005 3052.5 -2000 0
995 3052.5 -2000 0

-1005 3052.5 2000 0
995 3052.5 2000 0

-1005 3052.5 -2000 0
-1005 3052.5 2000 0

995 3052.5 -2000 0
995 3052.5 2000 0

-995 3045 2000 0
-995 3050 2000 0

-995 3050 2000 0
-995 3052.5 2000 0
-995 3055 2000 0

-995 3055 2000 0

1005 3045 2000 0
1005 3055 2000 0

-995 3045 2000 0
1005 3045 2000 0

-995 3055 2000 0
1005 3055 2000 0

1005 3045 -2000 0
1005 3055 -2000 0

-995 3045 -2000 0
-995 3055 -2000 0

1005 3045 -2000 0
-995 3045 -2000 0

1005 3055 -2000 0
-995 3055 -2000 0

1005 3045 2000 0
1005 3055 2000 0

1005 3045 -2000 0
1005 3055 -2000 0

1005 3045 2000 0
1005 3045 -2000 0

1005 3055 2000 0
1005 3055 -2000 0

-995 3045 -2000 0
-995 3055 -2000 0

-995 3045 2000 0
-995 3055 2000 0

-995 3045 -2000 0
-995 3045 2000 0

-995 3055 -2000 0
-995 3055 2000 0

-995 3045 2000 0
1005 3045 2000 0

-995 3045 -2000 0
1005 3045 -2000 0

-995 3045 2000 0
-995 3045 -2000 0

1005 3045 2000 0
1005 3045 -2000 0

-995 3055 -2000 0
1005 3055 -2000 0

-995 3055 2000 0
1005 3055 2000 0

-995 3055 -2000 0
-995 3055 2000 0

1005 3055 -2000 0
1005 3055 2000 0

-1005 -3047.5 -2000 0
-1005 -3050 -2000 0

-1005 -3050 -2000 0
-1005 -3051.25 -2000 0
-1005 -3052.5 -2000 0

-1005 -3052.5 -2000 0

995 -3047.5 -2000 0
995 -3052.5 -2000 0

-1005 -3047.5 -2000 0
995 -3047.5 -2000 0

-1005 -3052.5 -2000 0
995 -3052.5 -2000 0

995 -3047.5 2000 0
995 -3052.5 2000 0

-1005 -3047.5 2000 0
-1005 -3052.5 2000 0

995 -3047.5 2000 0
-1005 -3047.5 2000 0

995 -3052.5 2000 0
-1005 -3052.5 2000 0

995 -3047.5 -2000 0
995 -3052.5 -2000 0

995 -3047.5 2000 0
995 -3052.5 2000 0

995 -3047.5 -2000 0
995 -3047.5 2000 0

995 -3052.5 -2000 0
995 -3052.5 2000 0

-1005 -3047.5 2000 0
-1005 -3052.5 2000 0

-1005 -3047.5 -2000 0
-1005 -3052.5 -2000 0

-1005 -3047.5 2000 0
-1005 -3047.5 -2000 0

-1005 -3052.5 2000 0
-1005 -3052.5 -2000 0

-1005 -3047.5 -2000 0
995 -3047.5 -2000 0

-1005 -3047.5 2000 0
995 -3047.5 2000 0

-1005 -3047.5 -2000 0
-1005 -3047.5 2000 0

995 -3047.5 -2000 0
995 -3047.5 2000 0

-1005 -3052.5 2000 0
995 -3052.5 2000 0

-1005 -3052.5 -2000 0
995 -3052.5 -2000 0

-1005 -3052.5 2000 0
-1005 -3052.5 -2000 0

995 -3052.5 2000 0
995 -3052.5 -2000 0

-995 -3045 -2000 0
-995 -3050 -2000 0

-995 -3050 -2000 0
-995 -3052.5 -2000 0
-995 -3055 -2000 0

-995 -3055 -2000 0

1005 -3045 -2000 0
1005 -3055 -2000 0

-995 -3045 -2000 0
1005 -3045 -2000 0

-995 -3055 -2000 0
1005 -3055 -2000 0

1005 -3045 2000 0
1005 -3055 2000 0

-995 -3045 2000 0
-995 -3055 2000 0

1005 -3045 2000 0
-995 -3045 2000 0

1005 -3055 2000 0
-995 -3055 2000 0

1005 -3045 -2000 0
1005 -3055 -2000 0

1005 -3045 2000 0
1005 -3055 2000 0

1005 -3045 -2000 0
1005 -3045 2000 0

1005 -3055 -2000 0
1005 -3055 2000 0

-995 -3045 2000 0
-995 -3055 2000 0

-995 -3045 -2000 0
-995 -3055 -2000 0

-995 -3045 2000 0
-995 -3045 -2000 0

-995 -3055 2000 0
-995 -3055 -2000 0

-995 -3045 -2000 0
1005 -3045 -2000 0

-995 -3045 2000 0
1005 -3045 2000 0

-995 -3045 -2000 0
-995 -3045 2000 0

1005 -3045 -2000 0
1005 -3045 2000 0

-995 -3055 2000 0
1005 -3055 2000 0

-995 -3055 -2000 0
1005 -3055 -2000 0

-995 -3055 2000 0
-995 -3055 -2000 0

1005 -3055 2000 0
1005 -3055 -2000 0

# end of label='black'
