# Temporary file generated by the 'geomtools::gnuplot_drawer'
# class for visualization.
# label='grey'
5000 -5000 -5000 0
5000 0 -5000 0

5000 0 -5000 0
5000 2500 -5000 0
5000 5000 -5000 0

5000 5000 -5000 0

-5000 -5000 -5000 0
-5000 5000 -5000 0

5000 -5000 -5000 0
-5000 -5000 -5000 0

5000 5000 -5000 0
-5000 5000 -5000 0

-5000 -5000 5000 0
-5000 5000 5000 0

5000 -5000 5000 0
5000 5000 5000 0

-5000 -5000 5000 0
5000 -5000 5000 0

-5000 5000 5000 0
5000 5000 5000 0

-5000 -5000 -5000 0
-5000 5000 -5000 0

-5000 -5000 5000 0
-5000 5000 5000 0

-5000 -5000 -5000 0
-5000 -5000 5000 0

-5000 5000 -5000 0
-5000 5000 5000 0

5000 -5000 5000 0
5000 5000 5000 0

5000 -5000 -5000 0
5000 5000 -5000 0

5000 -5000 5000 0
5000 -5000 -5000 0

5000 5000 5000 0
5000 5000 -5000 0

5000 -5000 -5000 0
-5000 -5000 -5000 0

5000 -5000 5000 0
-5000 -5000 5000 0

5000 -5000 -5000 0
5000 -5000 5000 0

-5000 -5000 -5000 0
-5000 -5000 5000 0

5000 5000 5000 0
-5000 5000 5000 0

5000 5000 -5000 0
-5000 5000 -5000 0

5000 5000 5000 0
5000 5000 -5000 0

-5000 5000 5000 0
-5000 5000 -5000 0

-1910 -4275 3438 0
-1910 0 3438 0

-1910 0 3438 0
-1910 2137.5 3438 0
-1910 4275 3438 0

-1910 4275 3438 0

-1550 -4275 3438 0
-1550 4275 3438 0

-1910 -4275 3438 0
-1550 -4275 3438 0

-1910 4275 3438 0
-1550 4275 3438 0

-1550 -4275 -2700 0
-1550 4275 -2700 0

-1910 -4275 -2700 0
-1910 4275 -2700 0

-1550 -4275 -2700 0
-1910 -4275 -2700 0

-1550 4275 -2700 0
-1910 4275 -2700 0

-1550 -4275 3438 0
-1550 4275 3438 0

-1550 -4275 -2700 0
-1550 4275 -2700 0

-1550 -4275 3438 0
-1550 -4275 -2700 0

-1550 4275 3438 0
-1550 4275 -2700 0

-1910 -4275 -2700 0
-1910 4275 -2700 0

-1910 -4275 3438 0
-1910 4275 3438 0

-1910 -4275 -2700 0
-1910 -4275 3438 0

-1910 4275 -2700 0
-1910 4275 3438 0

-1910 -4275 3438 0
-1550 -4275 3438 0

-1910 -4275 -2700 0
-1550 -4275 -2700 0

-1910 -4275 3438 0
-1910 -4275 -2700 0

-1550 -4275 3438 0
-1550 -4275 -2700 0

-1910 4275 -2700 0
-1550 4275 -2700 0

-1910 4275 3438 0
-1550 4275 3438 0

-1910 4275 -2700 0
-1910 4275 3438 0

-1550 4275 -2700 0
-1550 4275 3438 0

1550 -4275 3438 0
1550 0 3438 0

1550 0 3438 0
1550 2137.5 3438 0
1550 4275 3438 0

1550 4275 3438 0

1910 -4275 3438 0
1910 4275 3438 0

1550 -4275 3438 0
1910 -4275 3438 0

1550 4275 3438 0
1910 4275 3438 0

1910 -4275 -2700 0
1910 4275 -2700 0

1550 -4275 -2700 0
1550 4275 -2700 0

1910 -4275 -2700 0
1550 -4275 -2700 0

1910 4275 -2700 0
1550 4275 -2700 0

1910 -4275 3438 0
1910 4275 3438 0

1910 -4275 -2700 0
1910 4275 -2700 0

1910 -4275 3438 0
1910 -4275 -2700 0

1910 4275 3438 0
1910 4275 -2700 0

1550 -4275 -2700 0
1550 4275 -2700 0

1550 -4275 3438 0
1550 4275 3438 0

1550 -4275 -2700 0
1550 -4275 3438 0

1550 4275 -2700 0
1550 4275 3438 0

1550 -4275 3438 0
1910 -4275 3438 0

1550 -4275 -2700 0
1910 -4275 -2700 0

1550 -4275 3438 0
1550 -4275 -2700 0

1910 -4275 3438 0
1910 -4275 -2700 0

1550 4275 -2700 0
1910 4275 -2700 0

1550 4275 3438 0
1910 4275 3438 0

1550 4275 -2700 0
1550 4275 3438 0

1910 4275 -2700 0
1910 4275 3438 0

1910 4455 3438 0
1910 4365 3438 0

1910 4365 3438 0
1910 4320 3438 0
1910 4275 3438 0

1910 4275 3438 0

-1910 4455 3438 0
-1910 4275 3438 0

1910 4455 3438 0
-1910 4455 3438 0

1910 4275 3438 0
-1910 4275 3438 0

-1910 4455 -2700 0
-1910 4275 -2700 0

1910 4455 -2700 0
1910 4275 -2700 0

-1910 4455 -2700 0
1910 4455 -2700 0

-1910 4275 -2700 0
1910 4275 -2700 0

-1910 4455 3438 0
-1910 4275 3438 0

-1910 4455 -2700 0
-1910 4275 -2700 0

-1910 4455 3438 0
-1910 4455 -2700 0

-1910 4275 3438 0
-1910 4275 -2700 0

1910 4455 -2700 0
1910 4275 -2700 0

1910 4455 3438 0
1910 4275 3438 0

1910 4455 -2700 0
1910 4455 3438 0

1910 4275 -2700 0
1910 4275 3438 0

1910 4455 3438 0
-1910 4455 3438 0

1910 4455 -2700 0
-1910 4455 -2700 0

1910 4455 3438 0
1910 4455 -2700 0

-1910 4455 3438 0
-1910 4455 -2700 0

1910 4275 -2700 0
-1910 4275 -2700 0

1910 4275 3438 0
-1910 4275 3438 0

1910 4275 -2700 0
1910 4275 3438 0

-1910 4275 -2700 0
-1910 4275 3438 0

1910 -4455 -2700 0
1910 -4365 -2700 0

1910 -4365 -2700 0
1910 -4320 -2700 0
1910 -4275 -2700 0

1910 -4275 -2700 0

-1910 -4455 -2700 0
-1910 -4275 -2700 0

1910 -4455 -2700 0
-1910 -4455 -2700 0

1910 -4275 -2700 0
-1910 -4275 -2700 0

-1910 -4455 3438 0
-1910 -4275 3438 0

1910 -4455 3438 0
1910 -4275 3438 0

-1910 -4455 3438 0
1910 -4455 3438 0

-1910 -4275 3438 0
1910 -4275 3438 0

-1910 -4455 -2700 0
-1910 -4275 -2700 0

-1910 -4455 3438 0
-1910 -4275 3438 0

-1910 -4455 -2700 0
-1910 -4455 3438 0

-1910 -4275 -2700 0
-1910 -4275 3438 0

1910 -4455 3438 0
1910 -4275 3438 0

1910 -4455 -2700 0
1910 -4275 -2700 0

1910 -4455 3438 0
1910 -4455 -2700 0

1910 -4275 3438 0
1910 -4275 -2700 0

1910 -4455 -2700 0
-1910 -4455 -2700 0

1910 -4455 3438 0
-1910 -4455 3438 0

1910 -4455 -2700 0
1910 -4455 3438 0

-1910 -4455 -2700 0
-1910 -4455 3438 0

1910 -4275 3438 0
-1910 -4275 3438 0

1910 -4275 -2700 0
-1910 -4275 -2700 0

1910 -4275 3438 0
1910 -4275 -2700 0

-1910 -4275 3438 0
-1910 -4275 -2700 0

# end of label='grey'
