# Temporary file generated by the 'geomtools::gnuplot_drawer'
# class for visualization.
# label='green'
167.25 -5008 -2499 0
167.25 -2608 -2499 0

167.25 -2608 -2499 0
167.25 -1408 -2499 0
167.25 -208 -2499 0

167.25 -208 -2499 0

192.75 -5008 -2499 0
192.75 -208 -2499 0

167.25 -5008 -2499 0
192.75 -5008 -2499 0

167.25 -208 -2499 0
192.75 -208 -2499 0

192.75 -5008 -3039 0
192.75 -208 -3039 0

167.25 -5008 -3039 0
167.25 -208 -3039 0

192.75 -5008 -3039 0
167.25 -5008 -3039 0

192.75 -208 -3039 0
167.25 -208 -3039 0

192.75 -5008 -2499 0
192.75 -208 -2499 0

192.75 -5008 -3039 0
192.75 -208 -3039 0

192.75 -5008 -2499 0
192.75 -5008 -3039 0

192.75 -208 -2499 0
192.75 -208 -3039 0

167.25 -5008 -3039 0
167.25 -208 -3039 0

167.25 -5008 -2499 0
167.25 -208 -2499 0

167.25 -5008 -3039 0
167.25 -5008 -2499 0

167.25 -208 -3039 0
167.25 -208 -2499 0

167.25 -5008 -2499 0
192.75 -5008 -2499 0

167.25 -5008 -3039 0
192.75 -5008 -3039 0

167.25 -5008 -2499 0
167.25 -5008 -3039 0

192.75 -5008 -2499 0
192.75 -5008 -3039 0

167.25 -208 -3039 0
192.75 -208 -3039 0

167.25 -208 -2499 0
192.75 -208 -2499 0

167.25 -208 -3039 0
167.25 -208 -2499 0

192.75 -208 -3039 0
192.75 -208 -2499 0

30 -5008 -2469 0
30 -2608 -2469 0

30 -2608 -2469 0
30 -1408 -2469 0
30 -208 -2469 0

30 -208 -2469 0

330 -5008 -2469 0
330 -208 -2469 0

30 -5008 -2469 0
330 -5008 -2469 0

30 -208 -2469 0
330 -208 -2469 0

330 -5008 -2499 0
330 -208 -2499 0

30 -5008 -2499 0
30 -208 -2499 0

330 -5008 -2499 0
30 -5008 -2499 0

330 -208 -2499 0
30 -208 -2499 0

330 -5008 -2469 0
330 -208 -2469 0

330 -5008 -2499 0
330 -208 -2499 0

330 -5008 -2469 0
330 -5008 -2499 0

330 -208 -2469 0
330 -208 -2499 0

30 -5008 -2499 0
30 -208 -2499 0

30 -5008 -2469 0
30 -208 -2469 0

30 -5008 -2499 0
30 -5008 -2469 0

30 -208 -2499 0
30 -208 -2469 0

30 -5008 -2469 0
330 -5008 -2469 0

30 -5008 -2499 0
330 -5008 -2499 0

30 -5008 -2469 0
30 -5008 -2499 0

330 -5008 -2469 0
330 -5008 -2499 0

30 -208 -2499 0
330 -208 -2499 0

30 -208 -2469 0
330 -208 -2469 0

30 -208 -2499 0
30 -208 -2469 0

330 -208 -2499 0
330 -208 -2469 0

30 -5008 -3039 0
30 -2608 -3039 0

30 -2608 -3039 0
30 -1408 -3039 0
30 -208 -3039 0

30 -208 -3039 0

330 -5008 -3039 0
330 -208 -3039 0

30 -5008 -3039 0
330 -5008 -3039 0

30 -208 -3039 0
330 -208 -3039 0

330 -5008 -3069 0
330 -208 -3069 0

30 -5008 -3069 0
30 -208 -3069 0

330 -5008 -3069 0
30 -5008 -3069 0

330 -208 -3069 0
30 -208 -3069 0

330 -5008 -3039 0
330 -208 -3039 0

330 -5008 -3069 0
330 -208 -3069 0

330 -5008 -3039 0
330 -5008 -3069 0

330 -208 -3039 0
330 -208 -3069 0

30 -5008 -3069 0
30 -208 -3069 0

30 -5008 -3039 0
30 -208 -3039 0

30 -5008 -3069 0
30 -5008 -3039 0

30 -208 -3069 0
30 -208 -3039 0

30 -5008 -3039 0
330 -5008 -3039 0

30 -5008 -3069 0
330 -5008 -3069 0

30 -5008 -3039 0
30 -5008 -3069 0

330 -5008 -3039 0
330 -5008 -3069 0

30 -208 -3069 0
330 -208 -3069 0

30 -208 -3039 0
330 -208 -3039 0

30 -208 -3069 0
30 -208 -3039 0

330 -208 -3069 0
330 -208 -3039 0

167.25 -2400 -2499 0
167.25 0 -2499 0

167.25 0 -2499 0
167.25 1200 -2499 0
167.25 2400 -2499 0

167.25 2400 -2499 0

192.75 -2400 -2499 0
192.75 2400 -2499 0

167.25 -2400 -2499 0
192.75 -2400 -2499 0

167.25 2400 -2499 0
192.75 2400 -2499 0

192.75 -2400 -3039 0
192.75 2400 -3039 0

167.25 -2400 -3039 0
167.25 2400 -3039 0

192.75 -2400 -3039 0
167.25 -2400 -3039 0

192.75 2400 -3039 0
167.25 2400 -3039 0

192.75 -2400 -2499 0
192.75 2400 -2499 0

192.75 -2400 -3039 0
192.75 2400 -3039 0

192.75 -2400 -2499 0
192.75 -2400 -3039 0

192.75 2400 -2499 0
192.75 2400 -3039 0

167.25 -2400 -3039 0
167.25 2400 -3039 0

167.25 -2400 -2499 0
167.25 2400 -2499 0

167.25 -2400 -3039 0
167.25 -2400 -2499 0

167.25 2400 -3039 0
167.25 2400 -2499 0

167.25 -2400 -2499 0
192.75 -2400 -2499 0

167.25 -2400 -3039 0
192.75 -2400 -3039 0

167.25 -2400 -2499 0
167.25 -2400 -3039 0

192.75 -2400 -2499 0
192.75 -2400 -3039 0

167.25 2400 -3039 0
192.75 2400 -3039 0

167.25 2400 -2499 0
192.75 2400 -2499 0

167.25 2400 -3039 0
167.25 2400 -2499 0

192.75 2400 -3039 0
192.75 2400 -2499 0

30 -2400 -2469 0
30 0 -2469 0

30 0 -2469 0
30 1200 -2469 0
30 2400 -2469 0

30 2400 -2469 0

330 -2400 -2469 0
330 2400 -2469 0

30 -2400 -2469 0
330 -2400 -2469 0

30 2400 -2469 0
330 2400 -2469 0

330 -2400 -2499 0
330 2400 -2499 0

30 -2400 -2499 0
30 2400 -2499 0

330 -2400 -2499 0
30 -2400 -2499 0

330 2400 -2499 0
30 2400 -2499 0

330 -2400 -2469 0
330 2400 -2469 0

330 -2400 -2499 0
330 2400 -2499 0

330 -2400 -2469 0
330 -2400 -2499 0

330 2400 -2469 0
330 2400 -2499 0

30 -2400 -2499 0
30 2400 -2499 0

30 -2400 -2469 0
30 2400 -2469 0

30 -2400 -2499 0
30 -2400 -2469 0

30 2400 -2499 0
30 2400 -2469 0

30 -2400 -2469 0
330 -2400 -2469 0

30 -2400 -2499 0
330 -2400 -2499 0

30 -2400 -2469 0
30 -2400 -2499 0

330 -2400 -2469 0
330 -2400 -2499 0

30 2400 -2499 0
330 2400 -2499 0

30 2400 -2469 0
330 2400 -2469 0

30 2400 -2499 0
30 2400 -2469 0

330 2400 -2499 0
330 2400 -2469 0

30 -2400 -3039 0
30 0 -3039 0

30 0 -3039 0
30 1200 -3039 0
30 2400 -3039 0

30 2400 -3039 0

330 -2400 -3039 0
330 2400 -3039 0

30 -2400 -3039 0
330 -2400 -3039 0

30 2400 -3039 0
330 2400 -3039 0

330 -2400 -3069 0
330 2400 -3069 0

30 -2400 -3069 0
30 2400 -3069 0

330 -2400 -3069 0
30 -2400 -3069 0

330 2400 -3069 0
30 2400 -3069 0

330 -2400 -3039 0
330 2400 -3039 0

330 -2400 -3069 0
330 2400 -3069 0

330 -2400 -3039 0
330 -2400 -3069 0

330 2400 -3039 0
330 2400 -3069 0

30 -2400 -3069 0
30 2400 -3069 0

30 -2400 -3039 0
30 2400 -3039 0

30 -2400 -3069 0
30 -2400 -3039 0

30 2400 -3069 0
30 2400 -3039 0

30 -2400 -3039 0
330 -2400 -3039 0

30 -2400 -3069 0
330 -2400 -3069 0

30 -2400 -3039 0
30 -2400 -3069 0

330 -2400 -3039 0
330 -2400 -3069 0

30 2400 -3069 0
330 2400 -3069 0

30 2400 -3039 0
330 2400 -3039 0

30 2400 -3069 0
30 2400 -3039 0

330 2400 -3069 0
330 2400 -3039 0

167.25 208 -2499 0
167.25 2608 -2499 0

167.25 2608 -2499 0
167.25 3808 -2499 0
167.25 5008 -2499 0

167.25 5008 -2499 0

192.75 208 -2499 0
192.75 5008 -2499 0

167.25 208 -2499 0
192.75 208 -2499 0

167.25 5008 -2499 0
192.75 5008 -2499 0

192.75 208 -3039 0
192.75 5008 -3039 0

167.25 208 -3039 0
167.25 5008 -3039 0

192.75 208 -3039 0
167.25 208 -3039 0

192.75 5008 -3039 0
167.25 5008 -3039 0

192.75 208 -2499 0
192.75 5008 -2499 0

192.75 208 -3039 0
192.75 5008 -3039 0

192.75 208 -2499 0
192.75 208 -3039 0

192.75 5008 -2499 0
192.75 5008 -3039 0

167.25 208 -3039 0
167.25 5008 -3039 0

167.25 208 -2499 0
167.25 5008 -2499 0

167.25 208 -3039 0
167.25 208 -2499 0

167.25 5008 -3039 0
167.25 5008 -2499 0

167.25 208 -2499 0
192.75 208 -2499 0

167.25 208 -3039 0
192.75 208 -3039 0

167.25 208 -2499 0
167.25 208 -3039 0

192.75 208 -2499 0
192.75 208 -3039 0

167.25 5008 -3039 0
192.75 5008 -3039 0

167.25 5008 -2499 0
192.75 5008 -2499 0

167.25 5008 -3039 0
167.25 5008 -2499 0

192.75 5008 -3039 0
192.75 5008 -2499 0

30 208 -2469 0
30 2608 -2469 0

30 2608 -2469 0
30 3808 -2469 0
30 5008 -2469 0

30 5008 -2469 0

330 208 -2469 0
330 5008 -2469 0

30 208 -2469 0
330 208 -2469 0

30 5008 -2469 0
330 5008 -2469 0

330 208 -2499 0
330 5008 -2499 0

30 208 -2499 0
30 5008 -2499 0

330 208 -2499 0
30 208 -2499 0

330 5008 -2499 0
30 5008 -2499 0

330 208 -2469 0
330 5008 -2469 0

330 208 -2499 0
330 5008 -2499 0

330 208 -2469 0
330 208 -2499 0

330 5008 -2469 0
330 5008 -2499 0

30 208 -2499 0
30 5008 -2499 0

30 208 -2469 0
30 5008 -2469 0

30 208 -2499 0
30 208 -2469 0

30 5008 -2499 0
30 5008 -2469 0

30 208 -2469 0
330 208 -2469 0

30 208 -2499 0
330 208 -2499 0

30 208 -2469 0
30 208 -2499 0

330 208 -2469 0
330 208 -2499 0

30 5008 -2499 0
330 5008 -2499 0

30 5008 -2469 0
330 5008 -2469 0

30 5008 -2499 0
30 5008 -2469 0

330 5008 -2499 0
330 5008 -2469 0

30 208 -3039 0
30 2608 -3039 0

30 2608 -3039 0
30 3808 -3039 0
30 5008 -3039 0

30 5008 -3039 0

330 208 -3039 0
330 5008 -3039 0

30 208 -3039 0
330 208 -3039 0

30 5008 -3039 0
330 5008 -3039 0

330 208 -3069 0
330 5008 -3069 0

30 208 -3069 0
30 5008 -3069 0

330 208 -3069 0
30 208 -3069 0

330 5008 -3069 0
30 5008 -3069 0

330 208 -3039 0
330 5008 -3039 0

330 208 -3069 0
330 5008 -3069 0

330 208 -3039 0
330 208 -3069 0

330 5008 -3039 0
330 5008 -3069 0

30 208 -3069 0
30 5008 -3069 0

30 208 -3039 0
30 5008 -3039 0

30 208 -3069 0
30 208 -3039 0

30 5008 -3069 0
30 5008 -3039 0

30 208 -3039 0
330 208 -3039 0

30 208 -3069 0
330 208 -3069 0

30 208 -3039 0
30 208 -3069 0

330 208 -3039 0
330 208 -3069 0

30 5008 -3069 0
330 5008 -3069 0

30 5008 -3039 0
330 5008 -3039 0

30 5008 -3069 0
30 5008 -3039 0

330 5008 -3069 0
330 5008 -3039 0

171 -5008 2999 0
171 -2608 2999 0

171 -2608 2999 0
171 -1408 2999 0
171 -208 2999 0

171 -208 2999 0

189 -5008 2999 0
189 -208 2999 0

171 -5008 2999 0
189 -5008 2999 0

171 -208 2999 0
189 -208 2999 0

189 -5008 2539 0
189 -208 2539 0

171 -5008 2539 0
171 -208 2539 0

189 -5008 2539 0
171 -5008 2539 0

189 -208 2539 0
171 -208 2539 0

189 -5008 2999 0
189 -208 2999 0

189 -5008 2539 0
189 -208 2539 0

189 -5008 2999 0
189 -5008 2539 0

189 -208 2999 0
189 -208 2539 0

171 -5008 2539 0
171 -208 2539 0

171 -5008 2999 0
171 -208 2999 0

171 -5008 2539 0
171 -5008 2999 0

171 -208 2539 0
171 -208 2999 0

171 -5008 2999 0
189 -5008 2999 0

171 -5008 2539 0
189 -5008 2539 0

171 -5008 2999 0
171 -5008 2539 0

189 -5008 2999 0
189 -5008 2539 0

171 -208 2539 0
189 -208 2539 0

171 -208 2999 0
189 -208 2999 0

171 -208 2539 0
171 -208 2999 0

189 -208 2539 0
189 -208 2999 0

87.5 -5008 3019 0
87.5 -2608 3019 0

87.5 -2608 3019 0
87.5 -1408 3019 0
87.5 -208 3019 0

87.5 -208 3019 0

272.5 -5008 3019 0
272.5 -208 3019 0

87.5 -5008 3019 0
272.5 -5008 3019 0

87.5 -208 3019 0
272.5 -208 3019 0

272.5 -5008 2999 0
272.5 -208 2999 0

87.5 -5008 2999 0
87.5 -208 2999 0

272.5 -5008 2999 0
87.5 -5008 2999 0

272.5 -208 2999 0
87.5 -208 2999 0

272.5 -5008 3019 0
272.5 -208 3019 0

272.5 -5008 2999 0
272.5 -208 2999 0

272.5 -5008 3019 0
272.5 -5008 2999 0

272.5 -208 3019 0
272.5 -208 2999 0

87.5 -5008 2999 0
87.5 -208 2999 0

87.5 -5008 3019 0
87.5 -208 3019 0

87.5 -5008 2999 0
87.5 -5008 3019 0

87.5 -208 2999 0
87.5 -208 3019 0

87.5 -5008 3019 0
272.5 -5008 3019 0

87.5 -5008 2999 0
272.5 -5008 2999 0

87.5 -5008 3019 0
87.5 -5008 2999 0

272.5 -5008 3019 0
272.5 -5008 2999 0

87.5 -208 2999 0
272.5 -208 2999 0

87.5 -208 3019 0
272.5 -208 3019 0

87.5 -208 2999 0
87.5 -208 3019 0

272.5 -208 2999 0
272.5 -208 3019 0

87.5 -5008 2539 0
87.5 -2608 2539 0

87.5 -2608 2539 0
87.5 -1408 2539 0
87.5 -208 2539 0

87.5 -208 2539 0

272.5 -5008 2539 0
272.5 -208 2539 0

87.5 -5008 2539 0
272.5 -5008 2539 0

87.5 -208 2539 0
272.5 -208 2539 0

272.5 -5008 2519 0
272.5 -208 2519 0

87.5 -5008 2519 0
87.5 -208 2519 0

272.5 -5008 2519 0
87.5 -5008 2519 0

272.5 -208 2519 0
87.5 -208 2519 0

272.5 -5008 2539 0
272.5 -208 2539 0

272.5 -5008 2519 0
272.5 -208 2519 0

272.5 -5008 2539 0
272.5 -5008 2519 0

272.5 -208 2539 0
272.5 -208 2519 0

87.5 -5008 2519 0
87.5 -208 2519 0

87.5 -5008 2539 0
87.5 -208 2539 0

87.5 -5008 2519 0
87.5 -5008 2539 0

87.5 -208 2519 0
87.5 -208 2539 0

87.5 -5008 2539 0
272.5 -5008 2539 0

87.5 -5008 2519 0
272.5 -5008 2519 0

87.5 -5008 2539 0
87.5 -5008 2519 0

272.5 -5008 2539 0
272.5 -5008 2519 0

87.5 -208 2519 0
272.5 -208 2519 0

87.5 -208 2539 0
272.5 -208 2539 0

87.5 -208 2519 0
87.5 -208 2539 0

272.5 -208 2519 0
272.5 -208 2539 0

171 -2400 2999 0
171 0 2999 0

171 0 2999 0
171 1200 2999 0
171 2400 2999 0

171 2400 2999 0

189 -2400 2999 0
189 2400 2999 0

171 -2400 2999 0
189 -2400 2999 0

171 2400 2999 0
189 2400 2999 0

189 -2400 2539 0
189 2400 2539 0

171 -2400 2539 0
171 2400 2539 0

189 -2400 2539 0
171 -2400 2539 0

189 2400 2539 0
171 2400 2539 0

189 -2400 2999 0
189 2400 2999 0

189 -2400 2539 0
189 2400 2539 0

189 -2400 2999 0
189 -2400 2539 0

189 2400 2999 0
189 2400 2539 0

171 -2400 2539 0
171 2400 2539 0

171 -2400 2999 0
171 2400 2999 0

171 -2400 2539 0
171 -2400 2999 0

171 2400 2539 0
171 2400 2999 0

171 -2400 2999 0
189 -2400 2999 0

171 -2400 2539 0
189 -2400 2539 0

171 -2400 2999 0
171 -2400 2539 0

189 -2400 2999 0
189 -2400 2539 0

171 2400 2539 0
189 2400 2539 0

171 2400 2999 0
189 2400 2999 0

171 2400 2539 0
171 2400 2999 0

189 2400 2539 0
189 2400 2999 0

87.5 -2400 3019 0
87.5 0 3019 0

87.5 0 3019 0
87.5 1200 3019 0
87.5 2400 3019 0

87.5 2400 3019 0

272.5 -2400 3019 0
272.5 2400 3019 0

87.5 -2400 3019 0
272.5 -2400 3019 0

87.5 2400 3019 0
272.5 2400 3019 0

272.5 -2400 2999 0
272.5 2400 2999 0

87.5 -2400 2999 0
87.5 2400 2999 0

272.5 -2400 2999 0
87.5 -2400 2999 0

272.5 2400 2999 0
87.5 2400 2999 0

272.5 -2400 3019 0
272.5 2400 3019 0

272.5 -2400 2999 0
272.5 2400 2999 0

272.5 -2400 3019 0
272.5 -2400 2999 0

272.5 2400 3019 0
272.5 2400 2999 0

87.5 -2400 2999 0
87.5 2400 2999 0

87.5 -2400 3019 0
87.5 2400 3019 0

87.5 -2400 2999 0
87.5 -2400 3019 0

87.5 2400 2999 0
87.5 2400 3019 0

87.5 -2400 3019 0
272.5 -2400 3019 0

87.5 -2400 2999 0
272.5 -2400 2999 0

87.5 -2400 3019 0
87.5 -2400 2999 0

272.5 -2400 3019 0
272.5 -2400 2999 0

87.5 2400 2999 0
272.5 2400 2999 0

87.5 2400 3019 0
272.5 2400 3019 0

87.5 2400 2999 0
87.5 2400 3019 0

272.5 2400 2999 0
272.5 2400 3019 0

87.5 -2400 2539 0
87.5 0 2539 0

87.5 0 2539 0
87.5 1200 2539 0
87.5 2400 2539 0

87.5 2400 2539 0

272.5 -2400 2539 0
272.5 2400 2539 0

87.5 -2400 2539 0
272.5 -2400 2539 0

87.5 2400 2539 0
272.5 2400 2539 0

272.5 -2400 2519 0
272.5 2400 2519 0

87.5 -2400 2519 0
87.5 2400 2519 0

272.5 -2400 2519 0
87.5 -2400 2519 0

272.5 2400 2519 0
87.5 2400 2519 0

272.5 -2400 2539 0
272.5 2400 2539 0

272.5 -2400 2519 0
272.5 2400 2519 0

272.5 -2400 2539 0
272.5 -2400 2519 0

272.5 2400 2539 0
272.5 2400 2519 0

87.5 -2400 2519 0
87.5 2400 2519 0

87.5 -2400 2539 0
87.5 2400 2539 0

87.5 -2400 2519 0
87.5 -2400 2539 0

87.5 2400 2519 0
87.5 2400 2539 0

87.5 -2400 2539 0
272.5 -2400 2539 0

87.5 -2400 2519 0
272.5 -2400 2519 0

87.5 -2400 2539 0
87.5 -2400 2519 0

272.5 -2400 2539 0
272.5 -2400 2519 0

87.5 2400 2519 0
272.5 2400 2519 0

87.5 2400 2539 0
272.5 2400 2539 0

87.5 2400 2519 0
87.5 2400 2539 0

272.5 2400 2519 0
272.5 2400 2539 0

171 208 2999 0
171 2608 2999 0

171 2608 2999 0
171 3808 2999 0
171 5008 2999 0

171 5008 2999 0

189 208 2999 0
189 5008 2999 0

171 208 2999 0
189 208 2999 0

171 5008 2999 0
189 5008 2999 0

189 208 2539 0
189 5008 2539 0

171 208 2539 0
171 5008 2539 0

189 208 2539 0
171 208 2539 0

189 5008 2539 0
171 5008 2539 0

189 208 2999 0
189 5008 2999 0

189 208 2539 0
189 5008 2539 0

189 208 2999 0
189 208 2539 0

189 5008 2999 0
189 5008 2539 0

171 208 2539 0
171 5008 2539 0

171 208 2999 0
171 5008 2999 0

171 208 2539 0
171 208 2999 0

171 5008 2539 0
171 5008 2999 0

171 208 2999 0
189 208 2999 0

171 208 2539 0
189 208 2539 0

171 208 2999 0
171 208 2539 0

189 208 2999 0
189 208 2539 0

171 5008 2539 0
189 5008 2539 0

171 5008 2999 0
189 5008 2999 0

171 5008 2539 0
171 5008 2999 0

189 5008 2539 0
189 5008 2999 0

87.5 208 3019 0
87.5 2608 3019 0

87.5 2608 3019 0
87.5 3808 3019 0
87.5 5008 3019 0

87.5 5008 3019 0

272.5 208 3019 0
272.5 5008 3019 0

87.5 208 3019 0
272.5 208 3019 0

87.5 5008 3019 0
272.5 5008 3019 0

272.5 208 2999 0
272.5 5008 2999 0

87.5 208 2999 0
87.5 5008 2999 0

272.5 208 2999 0
87.5 208 2999 0

272.5 5008 2999 0
87.5 5008 2999 0

272.5 208 3019 0
272.5 5008 3019 0

272.5 208 2999 0
272.5 5008 2999 0

272.5 208 3019 0
272.5 208 2999 0

272.5 5008 3019 0
272.5 5008 2999 0

87.5 208 2999 0
87.5 5008 2999 0

87.5 208 3019 0
87.5 5008 3019 0

87.5 208 2999 0
87.5 208 3019 0

87.5 5008 2999 0
87.5 5008 3019 0

87.5 208 3019 0
272.5 208 3019 0

87.5 208 2999 0
272.5 208 2999 0

87.5 208 3019 0
87.5 208 2999 0

272.5 208 3019 0
272.5 208 2999 0

87.5 5008 2999 0
272.5 5008 2999 0

87.5 5008 3019 0
272.5 5008 3019 0

87.5 5008 2999 0
87.5 5008 3019 0

272.5 5008 2999 0
272.5 5008 3019 0

87.5 208 2539 0
87.5 2608 2539 0

87.5 2608 2539 0
87.5 3808 2539 0
87.5 5008 2539 0

87.5 5008 2539 0

272.5 208 2539 0
272.5 5008 2539 0

87.5 208 2539 0
272.5 208 2539 0

87.5 5008 2539 0
272.5 5008 2539 0

272.5 208 2519 0
272.5 5008 2519 0

87.5 208 2519 0
87.5 5008 2519 0

272.5 208 2519 0
87.5 208 2519 0

272.5 5008 2519 0
87.5 5008 2519 0

272.5 208 2539 0
272.5 5008 2539 0

272.5 208 2519 0
272.5 5008 2519 0

272.5 208 2539 0
272.5 208 2519 0

272.5 5008 2539 0
272.5 5008 2519 0

87.5 208 2519 0
87.5 5008 2519 0

87.5 208 2539 0
87.5 5008 2539 0

87.5 208 2519 0
87.5 208 2539 0

87.5 5008 2519 0
87.5 5008 2539 0

87.5 208 2539 0
272.5 208 2539 0

87.5 208 2519 0
272.5 208 2519 0

87.5 208 2539 0
87.5 208 2519 0

272.5 208 2539 0
272.5 208 2519 0

87.5 5008 2519 0
272.5 5008 2519 0

87.5 5008 2539 0
272.5 5008 2539 0

87.5 5008 2519 0
87.5 5008 2539 0

272.5 5008 2519 0
272.5 5008 2539 0

# end of label='green'
