# Temporary file generated by the 'geomtools::gnuplot_drawer'
# class for visualization.
# label='orange'
70 -3083 -2659.5 0
70 -2608 -2659.5 0

70 -2608 -2659.5 0
70 -2370.5 -2659.5 0
70 -2133 -2659.5 0

70 -2133 -2659.5 0

250 -3083 -2659.5 0
250 -2133 -2659.5 0

70 -3083 -2659.5 0
250 -3083 -2659.5 0

70 -2133 -2659.5 0
250 -2133 -2659.5 0

250 -3083 -3059.5 0
250 -2133 -3059.5 0

70 -3083 -3059.5 0
70 -2133 -3059.5 0

250 -3083 -3059.5 0
70 -3083 -3059.5 0

250 -2133 -3059.5 0
70 -2133 -3059.5 0

250 -3083 -2659.5 0
250 -2133 -2659.5 0

250 -3083 -3059.5 0
250 -2133 -3059.5 0

250 -3083 -2659.5 0
250 -3083 -3059.5 0

250 -2133 -2659.5 0
250 -2133 -3059.5 0

70 -3083 -3059.5 0
70 -2133 -3059.5 0

70 -3083 -2659.5 0
70 -2133 -2659.5 0

70 -3083 -3059.5 0
70 -3083 -2659.5 0

70 -2133 -3059.5 0
70 -2133 -2659.5 0

70 -3083 -2659.5 0
250 -3083 -2659.5 0

70 -3083 -3059.5 0
250 -3083 -3059.5 0

70 -3083 -2659.5 0
70 -3083 -3059.5 0

250 -3083 -2659.5 0
250 -3083 -3059.5 0

70 -2133 -3059.5 0
250 -2133 -3059.5 0

70 -2133 -2659.5 0
250 -2133 -2659.5 0

70 -2133 -3059.5 0
70 -2133 -2659.5 0

250 -2133 -3059.5 0
250 -2133 -2659.5 0

70 -475 -2659.5 0
70 0 -2659.5 0

70 0 -2659.5 0
70 237.5 -2659.5 0
70 475 -2659.5 0

70 475 -2659.5 0

250 -475 -2659.5 0
250 475 -2659.5 0

70 -475 -2659.5 0
250 -475 -2659.5 0

70 475 -2659.5 0
250 475 -2659.5 0

250 -475 -3059.5 0
250 475 -3059.5 0

70 -475 -3059.5 0
70 475 -3059.5 0

250 -475 -3059.5 0
70 -475 -3059.5 0

250 475 -3059.5 0
70 475 -3059.5 0

250 -475 -2659.5 0
250 475 -2659.5 0

250 -475 -3059.5 0
250 475 -3059.5 0

250 -475 -2659.5 0
250 -475 -3059.5 0

250 475 -2659.5 0
250 475 -3059.5 0

70 -475 -3059.5 0
70 475 -3059.5 0

70 -475 -2659.5 0
70 475 -2659.5 0

70 -475 -3059.5 0
70 -475 -2659.5 0

70 475 -3059.5 0
70 475 -2659.5 0

70 -475 -2659.5 0
250 -475 -2659.5 0

70 -475 -3059.5 0
250 -475 -3059.5 0

70 -475 -2659.5 0
70 -475 -3059.5 0

250 -475 -2659.5 0
250 -475 -3059.5 0

70 475 -3059.5 0
250 475 -3059.5 0

70 475 -2659.5 0
250 475 -2659.5 0

70 475 -3059.5 0
70 475 -2659.5 0

250 475 -3059.5 0
250 475 -2659.5 0

70 2133 -2659.5 0
70 2608 -2659.5 0

70 2608 -2659.5 0
70 2845.5 -2659.5 0
70 3083 -2659.5 0

70 3083 -2659.5 0

250 2133 -2659.5 0
250 3083 -2659.5 0

70 2133 -2659.5 0
250 2133 -2659.5 0

70 3083 -2659.5 0
250 3083 -2659.5 0

250 2133 -3059.5 0
250 3083 -3059.5 0

70 2133 -3059.5 0
70 3083 -3059.5 0

250 2133 -3059.5 0
70 2133 -3059.5 0

250 3083 -3059.5 0
70 3083 -3059.5 0

250 2133 -2659.5 0
250 3083 -2659.5 0

250 2133 -3059.5 0
250 3083 -3059.5 0

250 2133 -2659.5 0
250 2133 -3059.5 0

250 3083 -2659.5 0
250 3083 -3059.5 0

70 2133 -3059.5 0
70 3083 -3059.5 0

70 2133 -2659.5 0
70 3083 -2659.5 0

70 2133 -3059.5 0
70 2133 -2659.5 0

70 3083 -3059.5 0
70 3083 -2659.5 0

70 2133 -2659.5 0
250 2133 -2659.5 0

70 2133 -3059.5 0
250 2133 -3059.5 0

70 2133 -2659.5 0
70 2133 -3059.5 0

250 2133 -2659.5 0
250 2133 -3059.5 0

70 3083 -3059.5 0
250 3083 -3059.5 0

70 3083 -2659.5 0
250 3083 -2659.5 0

70 3083 -3059.5 0
70 3083 -2659.5 0

250 3083 -3059.5 0
250 3083 -2659.5 0

70 -2138 3069 0
70 -1304 3069 0

70 -1304 3069 0
70 -887 3069 0
70 -470 3069 0

70 -470 3069 0

250 -2138 3069 0
250 -470 3069 0

70 -2138 3069 0
250 -2138 3069 0

70 -470 3069 0
250 -470 3069 0

250 -2138 -3069 0
250 -470 -3069 0

70 -2138 -3069 0
70 -470 -3069 0

250 -2138 -3069 0
70 -2138 -3069 0

250 -470 -3069 0
70 -470 -3069 0

250 -2138 3069 0
250 -470 3069 0

250 -2138 -3069 0
250 -470 -3069 0

250 -2138 3069 0
250 -2138 -3069 0

250 -470 3069 0
250 -470 -3069 0

70 -2138 -3069 0
70 -470 -3069 0

70 -2138 3069 0
70 -470 3069 0

70 -2138 -3069 0
70 -2138 3069 0

70 -470 -3069 0
70 -470 3069 0

70 -2138 3069 0
250 -2138 3069 0

70 -2138 -3069 0
250 -2138 -3069 0

70 -2138 3069 0
70 -2138 -3069 0

250 -2138 3069 0
250 -2138 -3069 0

70 -470 -3069 0
250 -470 -3069 0

70 -470 3069 0
250 -470 3069 0

70 -470 -3069 0
70 -470 3069 0

250 -470 -3069 0
250 -470 3069 0

70 470 3069 0
70 1304 3069 0

70 1304 3069 0
70 1721 3069 0
70 2138 3069 0

70 2138 3069 0

250 470 3069 0
250 2138 3069 0

70 470 3069 0
250 470 3069 0

70 2138 3069 0
250 2138 3069 0

250 470 -3069 0
250 2138 -3069 0

70 470 -3069 0
70 2138 -3069 0

250 470 -3069 0
70 470 -3069 0

250 2138 -3069 0
70 2138 -3069 0

250 470 3069 0
250 2138 3069 0

250 470 -3069 0
250 2138 -3069 0

250 470 3069 0
250 470 -3069 0

250 2138 3069 0
250 2138 -3069 0

70 470 -3069 0
70 2138 -3069 0

70 470 3069 0
70 2138 3069 0

70 470 -3069 0
70 470 3069 0

70 2138 -3069 0
70 2138 3069 0

70 470 3069 0
250 470 3069 0

70 470 -3069 0
250 470 -3069 0

70 470 3069 0
70 470 -3069 0

250 470 3069 0
250 470 -3069 0

70 2138 -3069 0
250 2138 -3069 0

70 2138 3069 0
250 2138 3069 0

70 2138 -3069 0
70 2138 3069 0

250 2138 -3069 0
250 2138 3069 0

250 -3108 3069 0
250 -2608 3069 0

250 -2608 3069 0
250 -2358 3069 0
250 -2108 3069 0

250 -2108 3069 0

430 -3108 3069 0
430 -2108 3069 0

250 -3108 3069 0
430 -3108 3069 0

250 -2108 3069 0
430 -2108 3069 0

430 -3108 -3069 0
430 -2108 -3069 0

250 -3108 -3069 0
250 -2108 -3069 0

430 -3108 -3069 0
250 -3108 -3069 0

430 -2108 -3069 0
250 -2108 -3069 0

430 -3108 3069 0
430 -2108 3069 0

430 -3108 -3069 0
430 -2108 -3069 0

430 -3108 3069 0
430 -3108 -3069 0

430 -2108 3069 0
430 -2108 -3069 0

250 -3108 -3069 0
250 -2108 -3069 0

250 -3108 3069 0
250 -2108 3069 0

250 -3108 -3069 0
250 -3108 3069 0

250 -2108 -3069 0
250 -2108 3069 0

250 -3108 3069 0
430 -3108 3069 0

250 -3108 -3069 0
430 -3108 -3069 0

250 -3108 3069 0
250 -3108 -3069 0

430 -3108 3069 0
430 -3108 -3069 0

250 -2108 -3069 0
430 -2108 -3069 0

250 -2108 3069 0
430 -2108 3069 0

250 -2108 -3069 0
250 -2108 3069 0

430 -2108 -3069 0
430 -2108 3069 0

250 -500 3069 0
250 0 3069 0

250 0 3069 0
250 250 3069 0
250 500 3069 0

250 500 3069 0

430 -500 3069 0
430 500 3069 0

250 -500 3069 0
430 -500 3069 0

250 500 3069 0
430 500 3069 0

430 -500 -3069 0
430 500 -3069 0

250 -500 -3069 0
250 500 -3069 0

430 -500 -3069 0
250 -500 -3069 0

430 500 -3069 0
250 500 -3069 0

430 -500 3069 0
430 500 3069 0

430 -500 -3069 0
430 500 -3069 0

430 -500 3069 0
430 -500 -3069 0

430 500 3069 0
430 500 -3069 0

250 -500 -3069 0
250 500 -3069 0

250 -500 3069 0
250 500 3069 0

250 -500 -3069 0
250 -500 3069 0

250 500 -3069 0
250 500 3069 0

250 -500 3069 0
430 -500 3069 0

250 -500 -3069 0
430 -500 -3069 0

250 -500 3069 0
250 -500 -3069 0

430 -500 3069 0
430 -500 -3069 0

250 500 -3069 0
430 500 -3069 0

250 500 3069 0
430 500 3069 0

250 500 -3069 0
250 500 3069 0

430 500 -3069 0
430 500 3069 0

250 2108 3069 0
250 2608 3069 0

250 2608 3069 0
250 2858 3069 0
250 3108 3069 0

250 3108 3069 0

430 2108 3069 0
430 3108 3069 0

250 2108 3069 0
430 2108 3069 0

250 3108 3069 0
430 3108 3069 0

430 2108 -3069 0
430 3108 -3069 0

250 2108 -3069 0
250 3108 -3069 0

430 2108 -3069 0
250 2108 -3069 0

430 3108 -3069 0
250 3108 -3069 0

430 2108 3069 0
430 3108 3069 0

430 2108 -3069 0
430 3108 -3069 0

430 2108 3069 0
430 2108 -3069 0

430 3108 3069 0
430 3108 -3069 0

250 2108 -3069 0
250 3108 -3069 0

250 2108 3069 0
250 3108 3069 0

250 2108 -3069 0
250 2108 3069 0

250 3108 -3069 0
250 3108 3069 0

250 2108 3069 0
430 2108 3069 0

250 2108 -3069 0
430 2108 -3069 0

250 2108 3069 0
250 2108 -3069 0

430 2108 3069 0
430 2108 -3069 0

250 3108 -3069 0
430 3108 -3069 0

250 3108 3069 0
430 3108 3069 0

250 3108 -3069 0
250 3108 3069 0

430 3108 -3069 0
430 3108 3069 0

70 -4275 3069 0
70 -3676.5 3069 0

70 -3676.5 3069 0
70 -3377.25 3069 0
70 -3078 3069 0

70 -3078 3069 0

250 -4275 3069 0
250 -3078 3069 0

70 -4275 3069 0
250 -4275 3069 0

70 -3078 3069 0
250 -3078 3069 0

250 -4275 -3069 0
250 -3078 -3069 0

70 -4275 -3069 0
70 -3078 -3069 0

250 -4275 -3069 0
70 -4275 -3069 0

250 -3078 -3069 0
70 -3078 -3069 0

250 -4275 3069 0
250 -3078 3069 0

250 -4275 -3069 0
250 -3078 -3069 0

250 -4275 3069 0
250 -4275 -3069 0

250 -3078 3069 0
250 -3078 -3069 0

70 -4275 -3069 0
70 -3078 -3069 0

70 -4275 3069 0
70 -3078 3069 0

70 -4275 -3069 0
70 -4275 3069 0

70 -3078 -3069 0
70 -3078 3069 0

70 -4275 3069 0
250 -4275 3069 0

70 -4275 -3069 0
250 -4275 -3069 0

70 -4275 3069 0
70 -4275 -3069 0

250 -4275 3069 0
250 -4275 -3069 0

70 -3078 -3069 0
250 -3078 -3069 0

70 -3078 3069 0
250 -3078 3069 0

70 -3078 -3069 0
70 -3078 3069 0

250 -3078 -3069 0
250 -3078 3069 0

70 3078 3069 0
70 3676.5 3069 0

70 3676.5 3069 0
70 3975.75 3069 0
70 4275 3069 0

70 4275 3069 0

250 3078 3069 0
250 4275 3069 0

70 3078 3069 0
250 3078 3069 0

70 4275 3069 0
250 4275 3069 0

250 3078 -3069 0
250 4275 -3069 0

70 3078 -3069 0
70 4275 -3069 0

250 3078 -3069 0
70 3078 -3069 0

250 4275 -3069 0
70 4275 -3069 0

250 3078 3069 0
250 4275 3069 0

250 3078 -3069 0
250 4275 -3069 0

250 3078 3069 0
250 3078 -3069 0

250 4275 3069 0
250 4275 -3069 0

70 3078 -3069 0
70 4275 -3069 0

70 3078 3069 0
70 4275 3069 0

70 3078 -3069 0
70 3078 3069 0

70 4275 -3069 0
70 4275 3069 0

70 3078 3069 0
250 3078 3069 0

70 3078 -3069 0
250 3078 -3069 0

70 3078 3069 0
70 3078 -3069 0

250 3078 3069 0
250 3078 -3069 0

70 4275 -3069 0
250 4275 -3069 0

70 4275 3069 0
250 4275 3069 0

70 4275 -3069 0
70 4275 3069 0

250 4275 -3069 0
250 4275 3069 0

# end of label='orange'
