# Temporary file generated by the 'geomtools::gnuplot_drawer'
# class for visualization.
# label='green'
2580 -2595.25 -3039 0
180 -2595.25 -3039 0

180 -2595.25 -3039 0
-1020 -2595.25 -3039 0
-2220 -2595.25 -3039 0

-2220 -2595.25 -3039 0

2580 -2620.75 -3039 0
-2220 -2620.75 -3039 0

2580 -2595.25 -3039 0
2580 -2620.75 -3039 0

-2220 -2595.25 -3039 0
-2220 -2620.75 -3039 0

2580 -2620.75 -2499 0
-2220 -2620.75 -2499 0

2580 -2595.25 -2499 0
-2220 -2595.25 -2499 0

2580 -2620.75 -2499 0
2580 -2595.25 -2499 0

-2220 -2620.75 -2499 0
-2220 -2595.25 -2499 0

2580 -2620.75 -3039 0
-2220 -2620.75 -3039 0

2580 -2620.75 -2499 0
-2220 -2620.75 -2499 0

2580 -2620.75 -3039 0
2580 -2620.75 -2499 0

-2220 -2620.75 -3039 0
-2220 -2620.75 -2499 0

2580 -2595.25 -2499 0
-2220 -2595.25 -2499 0

2580 -2595.25 -3039 0
-2220 -2595.25 -3039 0

2580 -2595.25 -2499 0
2580 -2595.25 -3039 0

-2220 -2595.25 -2499 0
-2220 -2595.25 -3039 0

2580 -2595.25 -3039 0
2580 -2620.75 -3039 0

2580 -2595.25 -2499 0
2580 -2620.75 -2499 0

2580 -2595.25 -3039 0
2580 -2595.25 -2499 0

2580 -2620.75 -3039 0
2580 -2620.75 -2499 0

-2220 -2595.25 -2499 0
-2220 -2620.75 -2499 0

-2220 -2595.25 -3039 0
-2220 -2620.75 -3039 0

-2220 -2595.25 -2499 0
-2220 -2595.25 -3039 0

-2220 -2620.75 -2499 0
-2220 -2620.75 -3039 0

2580 -2458 -3069 0
180 -2458 -3069 0

180 -2458 -3069 0
-1020 -2458 -3069 0
-2220 -2458 -3069 0

-2220 -2458 -3069 0

2580 -2758 -3069 0
-2220 -2758 -3069 0

2580 -2458 -3069 0
2580 -2758 -3069 0

-2220 -2458 -3069 0
-2220 -2758 -3069 0

2580 -2758 -3039 0
-2220 -2758 -3039 0

2580 -2458 -3039 0
-2220 -2458 -3039 0

2580 -2758 -3039 0
2580 -2458 -3039 0

-2220 -2758 -3039 0
-2220 -2458 -3039 0

2580 -2758 -3069 0
-2220 -2758 -3069 0

2580 -2758 -3039 0
-2220 -2758 -3039 0

2580 -2758 -3069 0
2580 -2758 -3039 0

-2220 -2758 -3069 0
-2220 -2758 -3039 0

2580 -2458 -3039 0
-2220 -2458 -3039 0

2580 -2458 -3069 0
-2220 -2458 -3069 0

2580 -2458 -3039 0
2580 -2458 -3069 0

-2220 -2458 -3039 0
-2220 -2458 -3069 0

2580 -2458 -3069 0
2580 -2758 -3069 0

2580 -2458 -3039 0
2580 -2758 -3039 0

2580 -2458 -3069 0
2580 -2458 -3039 0

2580 -2758 -3069 0
2580 -2758 -3039 0

-2220 -2458 -3039 0
-2220 -2758 -3039 0

-2220 -2458 -3069 0
-2220 -2758 -3069 0

-2220 -2458 -3039 0
-2220 -2458 -3069 0

-2220 -2758 -3039 0
-2220 -2758 -3069 0

2580 -2458 -2499 0
180 -2458 -2499 0

180 -2458 -2499 0
-1020 -2458 -2499 0
-2220 -2458 -2499 0

-2220 -2458 -2499 0

2580 -2758 -2499 0
-2220 -2758 -2499 0

2580 -2458 -2499 0
2580 -2758 -2499 0

-2220 -2458 -2499 0
-2220 -2758 -2499 0

2580 -2758 -2469 0
-2220 -2758 -2469 0

2580 -2458 -2469 0
-2220 -2458 -2469 0

2580 -2758 -2469 0
2580 -2458 -2469 0

-2220 -2758 -2469 0
-2220 -2458 -2469 0

2580 -2758 -2499 0
-2220 -2758 -2499 0

2580 -2758 -2469 0
-2220 -2758 -2469 0

2580 -2758 -2499 0
2580 -2758 -2469 0

-2220 -2758 -2499 0
-2220 -2758 -2469 0

2580 -2458 -2469 0
-2220 -2458 -2469 0

2580 -2458 -2499 0
-2220 -2458 -2499 0

2580 -2458 -2469 0
2580 -2458 -2499 0

-2220 -2458 -2469 0
-2220 -2458 -2499 0

2580 -2458 -2499 0
2580 -2758 -2499 0

2580 -2458 -2469 0
2580 -2758 -2469 0

2580 -2458 -2499 0
2580 -2458 -2469 0

2580 -2758 -2499 0
2580 -2758 -2469 0

-2220 -2458 -2469 0
-2220 -2758 -2469 0

-2220 -2458 -2499 0
-2220 -2758 -2499 0

-2220 -2458 -2469 0
-2220 -2458 -2499 0

-2220 -2758 -2469 0
-2220 -2758 -2499 0

2580 12.75 -3039 0
180 12.75 -3039 0

180 12.75 -3039 0
-1020 12.75 -3039 0
-2220 12.75 -3039 0

-2220 12.75 -3039 0

2580 -12.75 -3039 0
-2220 -12.75 -3039 0

2580 12.75 -3039 0
2580 -12.75 -3039 0

-2220 12.75 -3039 0
-2220 -12.75 -3039 0

2580 -12.75 -2499 0
-2220 -12.75 -2499 0

2580 12.75 -2499 0
-2220 12.75 -2499 0

2580 -12.75 -2499 0
2580 12.75 -2499 0

-2220 -12.75 -2499 0
-2220 12.75 -2499 0

2580 -12.75 -3039 0
-2220 -12.75 -3039 0

2580 -12.75 -2499 0
-2220 -12.75 -2499 0

2580 -12.75 -3039 0
2580 -12.75 -2499 0

-2220 -12.75 -3039 0
-2220 -12.75 -2499 0

2580 12.75 -2499 0
-2220 12.75 -2499 0

2580 12.75 -3039 0
-2220 12.75 -3039 0

2580 12.75 -2499 0
2580 12.75 -3039 0

-2220 12.75 -2499 0
-2220 12.75 -3039 0

2580 12.75 -3039 0
2580 -12.75 -3039 0

2580 12.75 -2499 0
2580 -12.75 -2499 0

2580 12.75 -3039 0
2580 12.75 -2499 0

2580 -12.75 -3039 0
2580 -12.75 -2499 0

-2220 12.75 -2499 0
-2220 -12.75 -2499 0

-2220 12.75 -3039 0
-2220 -12.75 -3039 0

-2220 12.75 -2499 0
-2220 12.75 -3039 0

-2220 -12.75 -2499 0
-2220 -12.75 -3039 0

2580 150 -3069 0
180 150 -3069 0

180 150 -3069 0
-1020 150 -3069 0
-2220 150 -3069 0

-2220 150 -3069 0

2580 -150 -3069 0
-2220 -150 -3069 0

2580 150 -3069 0
2580 -150 -3069 0

-2220 150 -3069 0
-2220 -150 -3069 0

2580 -150 -3039 0
-2220 -150 -3039 0

2580 150 -3039 0
-2220 150 -3039 0

2580 -150 -3039 0
2580 150 -3039 0

-2220 -150 -3039 0
-2220 150 -3039 0

2580 -150 -3069 0
-2220 -150 -3069 0

2580 -150 -3039 0
-2220 -150 -3039 0

2580 -150 -3069 0
2580 -150 -3039 0

-2220 -150 -3069 0
-2220 -150 -3039 0

2580 150 -3039 0
-2220 150 -3039 0

2580 150 -3069 0
-2220 150 -3069 0

2580 150 -3039 0
2580 150 -3069 0

-2220 150 -3039 0
-2220 150 -3069 0

2580 150 -3069 0
2580 -150 -3069 0

2580 150 -3039 0
2580 -150 -3039 0

2580 150 -3069 0
2580 150 -3039 0

2580 -150 -3069 0
2580 -150 -3039 0

-2220 150 -3039 0
-2220 -150 -3039 0

-2220 150 -3069 0
-2220 -150 -3069 0

-2220 150 -3039 0
-2220 150 -3069 0

-2220 -150 -3039 0
-2220 -150 -3069 0

2580 150 -2499 0
180 150 -2499 0

180 150 -2499 0
-1020 150 -2499 0
-2220 150 -2499 0

-2220 150 -2499 0

2580 -150 -2499 0
-2220 -150 -2499 0

2580 150 -2499 0
2580 -150 -2499 0

-2220 150 -2499 0
-2220 -150 -2499 0

2580 -150 -2469 0
-2220 -150 -2469 0

2580 150 -2469 0
-2220 150 -2469 0

2580 -150 -2469 0
2580 150 -2469 0

-2220 -150 -2469 0
-2220 150 -2469 0

2580 -150 -2499 0
-2220 -150 -2499 0

2580 -150 -2469 0
-2220 -150 -2469 0

2580 -150 -2499 0
2580 -150 -2469 0

-2220 -150 -2499 0
-2220 -150 -2469 0

2580 150 -2469 0
-2220 150 -2469 0

2580 150 -2499 0
-2220 150 -2499 0

2580 150 -2469 0
2580 150 -2499 0

-2220 150 -2469 0
-2220 150 -2499 0

2580 150 -2499 0
2580 -150 -2499 0

2580 150 -2469 0
2580 -150 -2469 0

2580 150 -2499 0
2580 150 -2469 0

2580 -150 -2499 0
2580 -150 -2469 0

-2220 150 -2469 0
-2220 -150 -2469 0

-2220 150 -2499 0
-2220 -150 -2499 0

-2220 150 -2469 0
-2220 150 -2499 0

-2220 -150 -2469 0
-2220 -150 -2499 0

2580 2620.75 -3039 0
180 2620.75 -3039 0

180 2620.75 -3039 0
-1020 2620.75 -3039 0
-2220 2620.75 -3039 0

-2220 2620.75 -3039 0

2580 2595.25 -3039 0
-2220 2595.25 -3039 0

2580 2620.75 -3039 0
2580 2595.25 -3039 0

-2220 2620.75 -3039 0
-2220 2595.25 -3039 0

2580 2595.25 -2499 0
-2220 2595.25 -2499 0

2580 2620.75 -2499 0
-2220 2620.75 -2499 0

2580 2595.25 -2499 0
2580 2620.75 -2499 0

-2220 2595.25 -2499 0
-2220 2620.75 -2499 0

2580 2595.25 -3039 0
-2220 2595.25 -3039 0

2580 2595.25 -2499 0
-2220 2595.25 -2499 0

2580 2595.25 -3039 0
2580 2595.25 -2499 0

-2220 2595.25 -3039 0
-2220 2595.25 -2499 0

2580 2620.75 -2499 0
-2220 2620.75 -2499 0

2580 2620.75 -3039 0
-2220 2620.75 -3039 0

2580 2620.75 -2499 0
2580 2620.75 -3039 0

-2220 2620.75 -2499 0
-2220 2620.75 -3039 0

2580 2620.75 -3039 0
2580 2595.25 -3039 0

2580 2620.75 -2499 0
2580 2595.25 -2499 0

2580 2620.75 -3039 0
2580 2620.75 -2499 0

2580 2595.25 -3039 0
2580 2595.25 -2499 0

-2220 2620.75 -2499 0
-2220 2595.25 -2499 0

-2220 2620.75 -3039 0
-2220 2595.25 -3039 0

-2220 2620.75 -2499 0
-2220 2620.75 -3039 0

-2220 2595.25 -2499 0
-2220 2595.25 -3039 0

2580 2758 -3069 0
180 2758 -3069 0

180 2758 -3069 0
-1020 2758 -3069 0
-2220 2758 -3069 0

-2220 2758 -3069 0

2580 2458 -3069 0
-2220 2458 -3069 0

2580 2758 -3069 0
2580 2458 -3069 0

-2220 2758 -3069 0
-2220 2458 -3069 0

2580 2458 -3039 0
-2220 2458 -3039 0

2580 2758 -3039 0
-2220 2758 -3039 0

2580 2458 -3039 0
2580 2758 -3039 0

-2220 2458 -3039 0
-2220 2758 -3039 0

2580 2458 -3069 0
-2220 2458 -3069 0

2580 2458 -3039 0
-2220 2458 -3039 0

2580 2458 -3069 0
2580 2458 -3039 0

-2220 2458 -3069 0
-2220 2458 -3039 0

2580 2758 -3039 0
-2220 2758 -3039 0

2580 2758 -3069 0
-2220 2758 -3069 0

2580 2758 -3039 0
2580 2758 -3069 0

-2220 2758 -3039 0
-2220 2758 -3069 0

2580 2758 -3069 0
2580 2458 -3069 0

2580 2758 -3039 0
2580 2458 -3039 0

2580 2758 -3069 0
2580 2758 -3039 0

2580 2458 -3069 0
2580 2458 -3039 0

-2220 2758 -3039 0
-2220 2458 -3039 0

-2220 2758 -3069 0
-2220 2458 -3069 0

-2220 2758 -3039 0
-2220 2758 -3069 0

-2220 2458 -3039 0
-2220 2458 -3069 0

2580 2758 -2499 0
180 2758 -2499 0

180 2758 -2499 0
-1020 2758 -2499 0
-2220 2758 -2499 0

-2220 2758 -2499 0

2580 2458 -2499 0
-2220 2458 -2499 0

2580 2758 -2499 0
2580 2458 -2499 0

-2220 2758 -2499 0
-2220 2458 -2499 0

2580 2458 -2469 0
-2220 2458 -2469 0

2580 2758 -2469 0
-2220 2758 -2469 0

2580 2458 -2469 0
2580 2758 -2469 0

-2220 2458 -2469 0
-2220 2758 -2469 0

2580 2458 -2499 0
-2220 2458 -2499 0

2580 2458 -2469 0
-2220 2458 -2469 0

2580 2458 -2499 0
2580 2458 -2469 0

-2220 2458 -2499 0
-2220 2458 -2469 0

2580 2758 -2469 0
-2220 2758 -2469 0

2580 2758 -2499 0
-2220 2758 -2499 0

2580 2758 -2469 0
2580 2758 -2499 0

-2220 2758 -2469 0
-2220 2758 -2499 0

2580 2758 -2499 0
2580 2458 -2499 0

2580 2758 -2469 0
2580 2458 -2469 0

2580 2758 -2499 0
2580 2758 -2469 0

2580 2458 -2499 0
2580 2458 -2469 0

-2220 2758 -2469 0
-2220 2458 -2469 0

-2220 2758 -2499 0
-2220 2458 -2499 0

-2220 2758 -2469 0
-2220 2758 -2499 0

-2220 2458 -2469 0
-2220 2458 -2499 0

2580 -2599 2539 0
180 -2599 2539 0

180 -2599 2539 0
-1020 -2599 2539 0
-2220 -2599 2539 0

-2220 -2599 2539 0

2580 -2617 2539 0
-2220 -2617 2539 0

2580 -2599 2539 0
2580 -2617 2539 0

-2220 -2599 2539 0
-2220 -2617 2539 0

2580 -2617 2999 0
-2220 -2617 2999 0

2580 -2599 2999 0
-2220 -2599 2999 0

2580 -2617 2999 0
2580 -2599 2999 0

-2220 -2617 2999 0
-2220 -2599 2999 0

2580 -2617 2539 0
-2220 -2617 2539 0

2580 -2617 2999 0
-2220 -2617 2999 0

2580 -2617 2539 0
2580 -2617 2999 0

-2220 -2617 2539 0
-2220 -2617 2999 0

2580 -2599 2999 0
-2220 -2599 2999 0

2580 -2599 2539 0
-2220 -2599 2539 0

2580 -2599 2999 0
2580 -2599 2539 0

-2220 -2599 2999 0
-2220 -2599 2539 0

2580 -2599 2539 0
2580 -2617 2539 0

2580 -2599 2999 0
2580 -2617 2999 0

2580 -2599 2539 0
2580 -2599 2999 0

2580 -2617 2539 0
2580 -2617 2999 0

-2220 -2599 2999 0
-2220 -2617 2999 0

-2220 -2599 2539 0
-2220 -2617 2539 0

-2220 -2599 2999 0
-2220 -2599 2539 0

-2220 -2617 2999 0
-2220 -2617 2539 0

2580 -2515.5 2519 0
180 -2515.5 2519 0

180 -2515.5 2519 0
-1020 -2515.5 2519 0
-2220 -2515.5 2519 0

-2220 -2515.5 2519 0

2580 -2700.5 2519 0
-2220 -2700.5 2519 0

2580 -2515.5 2519 0
2580 -2700.5 2519 0

-2220 -2515.5 2519 0
-2220 -2700.5 2519 0

2580 -2700.5 2539 0
-2220 -2700.5 2539 0

2580 -2515.5 2539 0
-2220 -2515.5 2539 0

2580 -2700.5 2539 0
2580 -2515.5 2539 0

-2220 -2700.5 2539 0
-2220 -2515.5 2539 0

2580 -2700.5 2519 0
-2220 -2700.5 2519 0

2580 -2700.5 2539 0
-2220 -2700.5 2539 0

2580 -2700.5 2519 0
2580 -2700.5 2539 0

-2220 -2700.5 2519 0
-2220 -2700.5 2539 0

2580 -2515.5 2539 0
-2220 -2515.5 2539 0

2580 -2515.5 2519 0
-2220 -2515.5 2519 0

2580 -2515.5 2539 0
2580 -2515.5 2519 0

-2220 -2515.5 2539 0
-2220 -2515.5 2519 0

2580 -2515.5 2519 0
2580 -2700.5 2519 0

2580 -2515.5 2539 0
2580 -2700.5 2539 0

2580 -2515.5 2519 0
2580 -2515.5 2539 0

2580 -2700.5 2519 0
2580 -2700.5 2539 0

-2220 -2515.5 2539 0
-2220 -2700.5 2539 0

-2220 -2515.5 2519 0
-2220 -2700.5 2519 0

-2220 -2515.5 2539 0
-2220 -2515.5 2519 0

-2220 -2700.5 2539 0
-2220 -2700.5 2519 0

2580 -2515.5 2999 0
180 -2515.5 2999 0

180 -2515.5 2999 0
-1020 -2515.5 2999 0
-2220 -2515.5 2999 0

-2220 -2515.5 2999 0

2580 -2700.5 2999 0
-2220 -2700.5 2999 0

2580 -2515.5 2999 0
2580 -2700.5 2999 0

-2220 -2515.5 2999 0
-2220 -2700.5 2999 0

2580 -2700.5 3019 0
-2220 -2700.5 3019 0

2580 -2515.5 3019 0
-2220 -2515.5 3019 0

2580 -2700.5 3019 0
2580 -2515.5 3019 0

-2220 -2700.5 3019 0
-2220 -2515.5 3019 0

2580 -2700.5 2999 0
-2220 -2700.5 2999 0

2580 -2700.5 3019 0
-2220 -2700.5 3019 0

2580 -2700.5 2999 0
2580 -2700.5 3019 0

-2220 -2700.5 2999 0
-2220 -2700.5 3019 0

2580 -2515.5 3019 0
-2220 -2515.5 3019 0

2580 -2515.5 2999 0
-2220 -2515.5 2999 0

2580 -2515.5 3019 0
2580 -2515.5 2999 0

-2220 -2515.5 3019 0
-2220 -2515.5 2999 0

2580 -2515.5 2999 0
2580 -2700.5 2999 0

2580 -2515.5 3019 0
2580 -2700.5 3019 0

2580 -2515.5 2999 0
2580 -2515.5 3019 0

2580 -2700.5 2999 0
2580 -2700.5 3019 0

-2220 -2515.5 3019 0
-2220 -2700.5 3019 0

-2220 -2515.5 2999 0
-2220 -2700.5 2999 0

-2220 -2515.5 3019 0
-2220 -2515.5 2999 0

-2220 -2700.5 3019 0
-2220 -2700.5 2999 0

2580 9 2539 0
180 9 2539 0

180 9 2539 0
-1020 9 2539 0
-2220 9 2539 0

-2220 9 2539 0

2580 -9 2539 0
-2220 -9 2539 0

2580 9 2539 0
2580 -9 2539 0

-2220 9 2539 0
-2220 -9 2539 0

2580 -9 2999 0
-2220 -9 2999 0

2580 9 2999 0
-2220 9 2999 0

2580 -9 2999 0
2580 9 2999 0

-2220 -9 2999 0
-2220 9 2999 0

2580 -9 2539 0
-2220 -9 2539 0

2580 -9 2999 0
-2220 -9 2999 0

2580 -9 2539 0
2580 -9 2999 0

-2220 -9 2539 0
-2220 -9 2999 0

2580 9 2999 0
-2220 9 2999 0

2580 9 2539 0
-2220 9 2539 0

2580 9 2999 0
2580 9 2539 0

-2220 9 2999 0
-2220 9 2539 0

2580 9 2539 0
2580 -9 2539 0

2580 9 2999 0
2580 -9 2999 0

2580 9 2539 0
2580 9 2999 0

2580 -9 2539 0
2580 -9 2999 0

-2220 9 2999 0
-2220 -9 2999 0

-2220 9 2539 0
-2220 -9 2539 0

-2220 9 2999 0
-2220 9 2539 0

-2220 -9 2999 0
-2220 -9 2539 0

2580 92.5 2519 0
180 92.5 2519 0

180 92.5 2519 0
-1020 92.5 2519 0
-2220 92.5 2519 0

-2220 92.5 2519 0

2580 -92.5 2519 0
-2220 -92.5 2519 0

2580 92.5 2519 0
2580 -92.5 2519 0

-2220 92.5 2519 0
-2220 -92.5 2519 0

2580 -92.5 2539 0
-2220 -92.5 2539 0

2580 92.5 2539 0
-2220 92.5 2539 0

2580 -92.5 2539 0
2580 92.5 2539 0

-2220 -92.5 2539 0
-2220 92.5 2539 0

2580 -92.5 2519 0
-2220 -92.5 2519 0

2580 -92.5 2539 0
-2220 -92.5 2539 0

2580 -92.5 2519 0
2580 -92.5 2539 0

-2220 -92.5 2519 0
-2220 -92.5 2539 0

2580 92.5 2539 0
-2220 92.5 2539 0

2580 92.5 2519 0
-2220 92.5 2519 0

2580 92.5 2539 0
2580 92.5 2519 0

-2220 92.5 2539 0
-2220 92.5 2519 0

2580 92.5 2519 0
2580 -92.5 2519 0

2580 92.5 2539 0
2580 -92.5 2539 0

2580 92.5 2519 0
2580 92.5 2539 0

2580 -92.5 2519 0
2580 -92.5 2539 0

-2220 92.5 2539 0
-2220 -92.5 2539 0

-2220 92.5 2519 0
-2220 -92.5 2519 0

-2220 92.5 2539 0
-2220 92.5 2519 0

-2220 -92.5 2539 0
-2220 -92.5 2519 0

2580 92.5 2999 0
180 92.5 2999 0

180 92.5 2999 0
-1020 92.5 2999 0
-2220 92.5 2999 0

-2220 92.5 2999 0

2580 -92.5 2999 0
-2220 -92.5 2999 0

2580 92.5 2999 0
2580 -92.5 2999 0

-2220 92.5 2999 0
-2220 -92.5 2999 0

2580 -92.5 3019 0
-2220 -92.5 3019 0

2580 92.5 3019 0
-2220 92.5 3019 0

2580 -92.5 3019 0
2580 92.5 3019 0

-2220 -92.5 3019 0
-2220 92.5 3019 0

2580 -92.5 2999 0
-2220 -92.5 2999 0

2580 -92.5 3019 0
-2220 -92.5 3019 0

2580 -92.5 2999 0
2580 -92.5 3019 0

-2220 -92.5 2999 0
-2220 -92.5 3019 0

2580 92.5 3019 0
-2220 92.5 3019 0

2580 92.5 2999 0
-2220 92.5 2999 0

2580 92.5 3019 0
2580 92.5 2999 0

-2220 92.5 3019 0
-2220 92.5 2999 0

2580 92.5 2999 0
2580 -92.5 2999 0

2580 92.5 3019 0
2580 -92.5 3019 0

2580 92.5 2999 0
2580 92.5 3019 0

2580 -92.5 2999 0
2580 -92.5 3019 0

-2220 92.5 3019 0
-2220 -92.5 3019 0

-2220 92.5 2999 0
-2220 -92.5 2999 0

-2220 92.5 3019 0
-2220 92.5 2999 0

-2220 -92.5 3019 0
-2220 -92.5 2999 0

2580 2617 2539 0
180 2617 2539 0

180 2617 2539 0
-1020 2617 2539 0
-2220 2617 2539 0

-2220 2617 2539 0

2580 2599 2539 0
-2220 2599 2539 0

2580 2617 2539 0
2580 2599 2539 0

-2220 2617 2539 0
-2220 2599 2539 0

2580 2599 2999 0
-2220 2599 2999 0

2580 2617 2999 0
-2220 2617 2999 0

2580 2599 2999 0
2580 2617 2999 0

-2220 2599 2999 0
-2220 2617 2999 0

2580 2599 2539 0
-2220 2599 2539 0

2580 2599 2999 0
-2220 2599 2999 0

2580 2599 2539 0
2580 2599 2999 0

-2220 2599 2539 0
-2220 2599 2999 0

2580 2617 2999 0
-2220 2617 2999 0

2580 2617 2539 0
-2220 2617 2539 0

2580 2617 2999 0
2580 2617 2539 0

-2220 2617 2999 0
-2220 2617 2539 0

2580 2617 2539 0
2580 2599 2539 0

2580 2617 2999 0
2580 2599 2999 0

2580 2617 2539 0
2580 2617 2999 0

2580 2599 2539 0
2580 2599 2999 0

-2220 2617 2999 0
-2220 2599 2999 0

-2220 2617 2539 0
-2220 2599 2539 0

-2220 2617 2999 0
-2220 2617 2539 0

-2220 2599 2999 0
-2220 2599 2539 0

2580 2700.5 2519 0
180 2700.5 2519 0

180 2700.5 2519 0
-1020 2700.5 2519 0
-2220 2700.5 2519 0

-2220 2700.5 2519 0

2580 2515.5 2519 0
-2220 2515.5 2519 0

2580 2700.5 2519 0
2580 2515.5 2519 0

-2220 2700.5 2519 0
-2220 2515.5 2519 0

2580 2515.5 2539 0
-2220 2515.5 2539 0

2580 2700.5 2539 0
-2220 2700.5 2539 0

2580 2515.5 2539 0
2580 2700.5 2539 0

-2220 2515.5 2539 0
-2220 2700.5 2539 0

2580 2515.5 2519 0
-2220 2515.5 2519 0

2580 2515.5 2539 0
-2220 2515.5 2539 0

2580 2515.5 2519 0
2580 2515.5 2539 0

-2220 2515.5 2519 0
-2220 2515.5 2539 0

2580 2700.5 2539 0
-2220 2700.5 2539 0

2580 2700.5 2519 0
-2220 2700.5 2519 0

2580 2700.5 2539 0
2580 2700.5 2519 0

-2220 2700.5 2539 0
-2220 2700.5 2519 0

2580 2700.5 2519 0
2580 2515.5 2519 0

2580 2700.5 2539 0
2580 2515.5 2539 0

2580 2700.5 2519 0
2580 2700.5 2539 0

2580 2515.5 2519 0
2580 2515.5 2539 0

-2220 2700.5 2539 0
-2220 2515.5 2539 0

-2220 2700.5 2519 0
-2220 2515.5 2519 0

-2220 2700.5 2539 0
-2220 2700.5 2519 0

-2220 2515.5 2539 0
-2220 2515.5 2519 0

2580 2700.5 2999 0
180 2700.5 2999 0

180 2700.5 2999 0
-1020 2700.5 2999 0
-2220 2700.5 2999 0

-2220 2700.5 2999 0

2580 2515.5 2999 0
-2220 2515.5 2999 0

2580 2700.5 2999 0
2580 2515.5 2999 0

-2220 2700.5 2999 0
-2220 2515.5 2999 0

2580 2515.5 3019 0
-2220 2515.5 3019 0

2580 2700.5 3019 0
-2220 2700.5 3019 0

2580 2515.5 3019 0
2580 2700.5 3019 0

-2220 2515.5 3019 0
-2220 2700.5 3019 0

2580 2515.5 2999 0
-2220 2515.5 2999 0

2580 2515.5 3019 0
-2220 2515.5 3019 0

2580 2515.5 2999 0
2580 2515.5 3019 0

-2220 2515.5 2999 0
-2220 2515.5 3019 0

2580 2700.5 3019 0
-2220 2700.5 3019 0

2580 2700.5 2999 0
-2220 2700.5 2999 0

2580 2700.5 3019 0
2580 2700.5 2999 0

-2220 2700.5 3019 0
-2220 2700.5 2999 0

2580 2700.5 2999 0
2580 2515.5 2999 0

2580 2700.5 3019 0
2580 2515.5 3019 0

2580 2700.5 2999 0
2580 2700.5 3019 0

2580 2515.5 2999 0
2580 2515.5 3019 0

-2220 2700.5 3019 0
-2220 2515.5 3019 0

-2220 2700.5 2999 0
-2220 2515.5 2999 0

-2220 2700.5 3019 0
-2220 2700.5 2999 0

-2220 2515.5 3019 0
-2220 2515.5 2999 0

# end of label='green'
