# Temporary file generated by the 'geomtools::gnuplot_drawer'
# class for visualization.
# label='grey'
5000 -5000 -5000 0
5000 0 -5000 0

5000 0 -5000 0
5000 2500 -5000 0
5000 5000 -5000 0

5000 5000 -5000 0

-5000 -5000 -5000 0
-5000 5000 -5000 0

5000 -5000 -5000 0
-5000 -5000 -5000 0

5000 5000 -5000 0
-5000 5000 -5000 0

-5000 -5000 5000 0
-5000 5000 5000 0

5000 -5000 5000 0
5000 5000 5000 0

-5000 -5000 5000 0
5000 -5000 5000 0

-5000 5000 5000 0
5000 5000 5000 0

-5000 -5000 -5000 0
-5000 5000 -5000 0

-5000 -5000 5000 0
-5000 5000 5000 0

-5000 -5000 -5000 0
-5000 -5000 5000 0

-5000 5000 -5000 0
-5000 5000 5000 0

5000 -5000 5000 0
5000 5000 5000 0

5000 -5000 -5000 0
5000 5000 -5000 0

5000 -5000 5000 0
5000 -5000 -5000 0

5000 5000 5000 0
5000 5000 -5000 0

5000 -5000 -5000 0
-5000 -5000 -5000 0

5000 -5000 5000 0
-5000 -5000 5000 0

5000 -5000 -5000 0
5000 -5000 5000 0

-5000 -5000 -5000 0
-5000 -5000 5000 0

5000 5000 5000 0
-5000 5000 5000 0

5000 5000 -5000 0
-5000 5000 -5000 0

5000 5000 5000 0
5000 5000 -5000 0

-5000 5000 5000 0
-5000 5000 -5000 0

# end of label='grey'
