# Temporary file generated by the 'geomtools::gnuplot_drawer'
# class for visualization.
# label='grey'
5000 -5000 -5000 0
5000 0 -5000 0

5000 0 -5000 0
5000 2500 -5000 0
5000 5000 -5000 0

5000 5000 -5000 0

-5000 -5000 -5000 0
-5000 5000 -5000 0

5000 -5000 -5000 0
-5000 -5000 -5000 0

5000 5000 -5000 0
-5000 5000 -5000 0

-5000 -5000 5000 0
-5000 5000 5000 0

5000 -5000 5000 0
5000 5000 5000 0

-5000 -5000 5000 0
5000 -5000 5000 0

-5000 5000 5000 0
5000 5000 5000 0

-5000 -5000 -5000 0
-5000 5000 -5000 0

-5000 -5000 5000 0
-5000 5000 5000 0

-5000 -5000 -5000 0
-5000 -5000 5000 0

-5000 5000 -5000 0
-5000 5000 5000 0

5000 -5000 5000 0
5000 5000 5000 0

5000 -5000 -5000 0
5000 5000 -5000 0

5000 -5000 5000 0
5000 -5000 -5000 0

5000 5000 5000 0
5000 5000 -5000 0

5000 -5000 -5000 0
-5000 -5000 -5000 0

5000 -5000 5000 0
-5000 -5000 5000 0

5000 -5000 -5000 0
5000 -5000 5000 0

-5000 -5000 -5000 0
-5000 -5000 5000 0

5000 5000 5000 0
-5000 5000 5000 0

5000 5000 -5000 0
-5000 5000 -5000 0

5000 5000 5000 0
5000 5000 -5000 0

-5000 5000 5000 0
-5000 5000 -5000 0

1550 -3777 -2440 0
1550 0 -2440 0

1550 0 -2440 0
1550 1888.5 -2440 0
1550 3777 -2440 0

1550 3777 -2440 0

-1550 -3777 -2440 0
-1550 3777 -2440 0

1550 -3777 -2440 0
-1550 -3777 -2440 0

1550 3777 -2440 0
-1550 3777 -2440 0

-1550 -3777 -2100 0
-1550 3777 -2100 0

1550 -3777 -2100 0
1550 3777 -2100 0

-1550 -3777 -2100 0
1550 -3777 -2100 0

-1550 3777 -2100 0
1550 3777 -2100 0

-1550 -3777 -2440 0
-1550 3777 -2440 0

-1550 -3777 -2100 0
-1550 3777 -2100 0

-1550 -3777 -2440 0
-1550 -3777 -2100 0

-1550 3777 -2440 0
-1550 3777 -2100 0

1550 -3777 -2100 0
1550 3777 -2100 0

1550 -3777 -2440 0
1550 3777 -2440 0

1550 -3777 -2100 0
1550 -3777 -2440 0

1550 3777 -2100 0
1550 3777 -2440 0

1550 -3777 -2440 0
-1550 -3777 -2440 0

1550 -3777 -2100 0
-1550 -3777 -2100 0

1550 -3777 -2440 0
1550 -3777 -2100 0

-1550 -3777 -2440 0
-1550 -3777 -2100 0

1550 3777 -2100 0
-1550 3777 -2100 0

1550 3777 -2440 0
-1550 3777 -2440 0

1550 3777 -2100 0
1550 3777 -2440 0

-1550 3777 -2100 0
-1550 3777 -2440 0

1550 -3777 -2700 0
1550 0 -2700 0

1550 0 -2700 0
1550 1888.5 -2700 0
1550 3777 -2700 0

1550 3777 -2700 0

-1550 -3777 -2700 0
-1550 3777 -2700 0

1550 -3777 -2700 0
-1550 -3777 -2700 0

1550 3777 -2700 0
-1550 3777 -2700 0

-1550 -3777 -2440 0
-1550 3777 -2440 0

1550 -3777 -2440 0
1550 3777 -2440 0

-1550 -3777 -2440 0
1550 -3777 -2440 0

-1550 3777 -2440 0
1550 3777 -2440 0

-1550 -3777 -2700 0
-1550 3777 -2700 0

-1550 -3777 -2440 0
-1550 3777 -2440 0

-1550 -3777 -2700 0
-1550 -3777 -2440 0

-1550 3777 -2700 0
-1550 3777 -2440 0

1550 -3777 -2440 0
1550 3777 -2440 0

1550 -3777 -2700 0
1550 3777 -2700 0

1550 -3777 -2440 0
1550 -3777 -2700 0

1550 3777 -2440 0
1550 3777 -2700 0

1550 -3777 -2700 0
-1550 -3777 -2700 0

1550 -3777 -2440 0
-1550 -3777 -2440 0

1550 -3777 -2700 0
1550 -3777 -2440 0

-1550 -3777 -2700 0
-1550 -3777 -2440 0

1550 3777 -2440 0
-1550 3777 -2440 0

1550 3777 -2700 0
-1550 3777 -2700 0

1550 3777 -2440 0
1550 3777 -2700 0

-1550 3777 -2440 0
-1550 3777 -2700 0

-1910 4275 -2700 0
-1910 0 -2700 0

-1910 0 -2700 0
-1910 -2137.5 -2700 0
-1910 -4275 -2700 0

-1910 -4275 -2700 0

-1550 4275 -2700 0
-1550 -4275 -2700 0

-1910 4275 -2700 0
-1550 4275 -2700 0

-1910 -4275 -2700 0
-1550 -4275 -2700 0

-1550 4275 3438 0
-1550 -4275 3438 0

-1910 4275 3438 0
-1910 -4275 3438 0

-1550 4275 3438 0
-1910 4275 3438 0

-1550 -4275 3438 0
-1910 -4275 3438 0

-1550 4275 -2700 0
-1550 -4275 -2700 0

-1550 4275 3438 0
-1550 -4275 3438 0

-1550 4275 -2700 0
-1550 4275 3438 0

-1550 -4275 -2700 0
-1550 -4275 3438 0

-1910 4275 3438 0
-1910 -4275 3438 0

-1910 4275 -2700 0
-1910 -4275 -2700 0

-1910 4275 3438 0
-1910 4275 -2700 0

-1910 -4275 3438 0
-1910 -4275 -2700 0

-1910 4275 -2700 0
-1550 4275 -2700 0

-1910 4275 3438 0
-1550 4275 3438 0

-1910 4275 -2700 0
-1910 4275 3438 0

-1550 4275 -2700 0
-1550 4275 3438 0

-1910 -4275 3438 0
-1550 -4275 3438 0

-1910 -4275 -2700 0
-1550 -4275 -2700 0

-1910 -4275 3438 0
-1910 -4275 -2700 0

-1550 -4275 3438 0
-1550 -4275 -2700 0

-1730 2515.5 2888 0
-1640 2515.5 2888 0

-1640 2515.5 2888 0
-1595 2515.5 2888 0
-1550 2515.5 2888 0

-1550 2515.5 2888 0

-1730 2700.5 2888 0
-1550 2700.5 2888 0

-1730 2515.5 2888 0
-1730 2700.5 2888 0

-1550 2515.5 2888 0
-1550 2700.5 2888 0

-1730 2700.5 3388 0
-1550 2700.5 3388 0

-1730 2515.5 3388 0
-1550 2515.5 3388 0

-1730 2700.5 3388 0
-1730 2515.5 3388 0

-1550 2700.5 3388 0
-1550 2515.5 3388 0

-1730 2700.5 2888 0
-1550 2700.5 2888 0

-1730 2700.5 3388 0
-1550 2700.5 3388 0

-1730 2700.5 2888 0
-1730 2700.5 3388 0

-1550 2700.5 2888 0
-1550 2700.5 3388 0

-1730 2515.5 3388 0
-1550 2515.5 3388 0

-1730 2515.5 2888 0
-1550 2515.5 2888 0

-1730 2515.5 3388 0
-1730 2515.5 2888 0

-1550 2515.5 3388 0
-1550 2515.5 2888 0

-1730 2515.5 2888 0
-1730 2700.5 2888 0

-1730 2515.5 3388 0
-1730 2700.5 3388 0

-1730 2515.5 2888 0
-1730 2515.5 3388 0

-1730 2700.5 2888 0
-1730 2700.5 3388 0

-1550 2515.5 3388 0
-1550 2700.5 3388 0

-1550 2515.5 2888 0
-1550 2700.5 2888 0

-1550 2515.5 3388 0
-1550 2515.5 2888 0

-1550 2700.5 3388 0
-1550 2700.5 2888 0

-1730 -92.5 2888 0
-1640 -92.5 2888 0

-1640 -92.5 2888 0
-1595 -92.5 2888 0
-1550 -92.5 2888 0

-1550 -92.5 2888 0

-1730 92.5 2888 0
-1550 92.5 2888 0

-1730 -92.5 2888 0
-1730 92.5 2888 0

-1550 -92.5 2888 0
-1550 92.5 2888 0

-1730 92.5 3388 0
-1550 92.5 3388 0

-1730 -92.5 3388 0
-1550 -92.5 3388 0

-1730 92.5 3388 0
-1730 -92.5 3388 0

-1550 92.5 3388 0
-1550 -92.5 3388 0

-1730 92.5 2888 0
-1550 92.5 2888 0

-1730 92.5 3388 0
-1550 92.5 3388 0

-1730 92.5 2888 0
-1730 92.5 3388 0

-1550 92.5 2888 0
-1550 92.5 3388 0

-1730 -92.5 3388 0
-1550 -92.5 3388 0

-1730 -92.5 2888 0
-1550 -92.5 2888 0

-1730 -92.5 3388 0
-1730 -92.5 2888 0

-1550 -92.5 3388 0
-1550 -92.5 2888 0

-1730 -92.5 2888 0
-1730 92.5 2888 0

-1730 -92.5 3388 0
-1730 92.5 3388 0

-1730 -92.5 2888 0
-1730 -92.5 3388 0

-1730 92.5 2888 0
-1730 92.5 3388 0

-1550 -92.5 3388 0
-1550 92.5 3388 0

-1550 -92.5 2888 0
-1550 92.5 2888 0

-1550 -92.5 3388 0
-1550 -92.5 2888 0

-1550 92.5 3388 0
-1550 92.5 2888 0

-1730 -2700.5 2888 0
-1640 -2700.5 2888 0

-1640 -2700.5 2888 0
-1595 -2700.5 2888 0
-1550 -2700.5 2888 0

-1550 -2700.5 2888 0

-1730 -2515.5 2888 0
-1550 -2515.5 2888 0

-1730 -2700.5 2888 0
-1730 -2515.5 2888 0

-1550 -2700.5 2888 0
-1550 -2515.5 2888 0

-1730 -2515.5 3388 0
-1550 -2515.5 3388 0

-1730 -2700.5 3388 0
-1550 -2700.5 3388 0

-1730 -2515.5 3388 0
-1730 -2700.5 3388 0

-1550 -2515.5 3388 0
-1550 -2700.5 3388 0

-1730 -2515.5 2888 0
-1550 -2515.5 2888 0

-1730 -2515.5 3388 0
-1550 -2515.5 3388 0

-1730 -2515.5 2888 0
-1730 -2515.5 3388 0

-1550 -2515.5 2888 0
-1550 -2515.5 3388 0

-1730 -2700.5 3388 0
-1550 -2700.5 3388 0

-1730 -2700.5 2888 0
-1550 -2700.5 2888 0

-1730 -2700.5 3388 0
-1730 -2700.5 2888 0

-1550 -2700.5 3388 0
-1550 -2700.5 2888 0

-1730 -2700.5 2888 0
-1730 -2515.5 2888 0

-1730 -2700.5 3388 0
-1730 -2515.5 3388 0

-1730 -2700.5 2888 0
-1730 -2700.5 3388 0

-1730 -2515.5 2888 0
-1730 -2515.5 3388 0

-1550 -2700.5 3388 0
-1550 -2515.5 3388 0

-1550 -2700.5 2888 0
-1550 -2515.5 2888 0

-1550 -2700.5 3388 0
-1550 -2700.5 2888 0

-1550 -2515.5 3388 0
-1550 -2515.5 2888 0

1910 -4275 -2700 0
1910 0 -2700 0

1910 0 -2700 0
1910 2137.5 -2700 0
1910 4275 -2700 0

1910 4275 -2700 0

1550 -4275 -2700 0
1550 4275 -2700 0

1910 -4275 -2700 0
1550 -4275 -2700 0

1910 4275 -2700 0
1550 4275 -2700 0

1550 -4275 3438 0
1550 4275 3438 0

1910 -4275 3438 0
1910 4275 3438 0

1550 -4275 3438 0
1910 -4275 3438 0

1550 4275 3438 0
1910 4275 3438 0

1550 -4275 -2700 0
1550 4275 -2700 0

1550 -4275 3438 0
1550 4275 3438 0

1550 -4275 -2700 0
1550 -4275 3438 0

1550 4275 -2700 0
1550 4275 3438 0

1910 -4275 3438 0
1910 4275 3438 0

1910 -4275 -2700 0
1910 4275 -2700 0

1910 -4275 3438 0
1910 -4275 -2700 0

1910 4275 3438 0
1910 4275 -2700 0

1910 -4275 -2700 0
1550 -4275 -2700 0

1910 -4275 3438 0
1550 -4275 3438 0

1910 -4275 -2700 0
1910 -4275 3438 0

1550 -4275 -2700 0
1550 -4275 3438 0

1910 4275 3438 0
1550 4275 3438 0

1910 4275 -2700 0
1550 4275 -2700 0

1910 4275 3438 0
1910 4275 -2700 0

1550 4275 3438 0
1550 4275 -2700 0

1730 -2515.5 2888 0
1640 -2515.5 2888 0

1640 -2515.5 2888 0
1595 -2515.5 2888 0
1550 -2515.5 2888 0

1550 -2515.5 2888 0

1730 -2700.5 2888 0
1550 -2700.5 2888 0

1730 -2515.5 2888 0
1730 -2700.5 2888 0

1550 -2515.5 2888 0
1550 -2700.5 2888 0

1730 -2700.5 3388 0
1550 -2700.5 3388 0

1730 -2515.5 3388 0
1550 -2515.5 3388 0

1730 -2700.5 3388 0
1730 -2515.5 3388 0

1550 -2700.5 3388 0
1550 -2515.5 3388 0

1730 -2700.5 2888 0
1550 -2700.5 2888 0

1730 -2700.5 3388 0
1550 -2700.5 3388 0

1730 -2700.5 2888 0
1730 -2700.5 3388 0

1550 -2700.5 2888 0
1550 -2700.5 3388 0

1730 -2515.5 3388 0
1550 -2515.5 3388 0

1730 -2515.5 2888 0
1550 -2515.5 2888 0

1730 -2515.5 3388 0
1730 -2515.5 2888 0

1550 -2515.5 3388 0
1550 -2515.5 2888 0

1730 -2515.5 2888 0
1730 -2700.5 2888 0

1730 -2515.5 3388 0
1730 -2700.5 3388 0

1730 -2515.5 2888 0
1730 -2515.5 3388 0

1730 -2700.5 2888 0
1730 -2700.5 3388 0

1550 -2515.5 3388 0
1550 -2700.5 3388 0

1550 -2515.5 2888 0
1550 -2700.5 2888 0

1550 -2515.5 3388 0
1550 -2515.5 2888 0

1550 -2700.5 3388 0
1550 -2700.5 2888 0

1730 92.5 2888 0
1640 92.5 2888 0

1640 92.5 2888 0
1595 92.5 2888 0
1550 92.5 2888 0

1550 92.5 2888 0

1730 -92.5 2888 0
1550 -92.5 2888 0

1730 92.5 2888 0
1730 -92.5 2888 0

1550 92.5 2888 0
1550 -92.5 2888 0

1730 -92.5 3388 0
1550 -92.5 3388 0

1730 92.5 3388 0
1550 92.5 3388 0

1730 -92.5 3388 0
1730 92.5 3388 0

1550 -92.5 3388 0
1550 92.5 3388 0

1730 -92.5 2888 0
1550 -92.5 2888 0

1730 -92.5 3388 0
1550 -92.5 3388 0

1730 -92.5 2888 0
1730 -92.5 3388 0

1550 -92.5 2888 0
1550 -92.5 3388 0

1730 92.5 3388 0
1550 92.5 3388 0

1730 92.5 2888 0
1550 92.5 2888 0

1730 92.5 3388 0
1730 92.5 2888 0

1550 92.5 3388 0
1550 92.5 2888 0

1730 92.5 2888 0
1730 -92.5 2888 0

1730 92.5 3388 0
1730 -92.5 3388 0

1730 92.5 2888 0
1730 92.5 3388 0

1730 -92.5 2888 0
1730 -92.5 3388 0

1550 92.5 3388 0
1550 -92.5 3388 0

1550 92.5 2888 0
1550 -92.5 2888 0

1550 92.5 3388 0
1550 92.5 2888 0

1550 -92.5 3388 0
1550 -92.5 2888 0

1730 2700.5 2888 0
1640 2700.5 2888 0

1640 2700.5 2888 0
1595 2700.5 2888 0
1550 2700.5 2888 0

1550 2700.5 2888 0

1730 2515.5 2888 0
1550 2515.5 2888 0

1730 2700.5 2888 0
1730 2515.5 2888 0

1550 2700.5 2888 0
1550 2515.5 2888 0

1730 2515.5 3388 0
1550 2515.5 3388 0

1730 2700.5 3388 0
1550 2700.5 3388 0

1730 2515.5 3388 0
1730 2700.5 3388 0

1550 2515.5 3388 0
1550 2700.5 3388 0

1730 2515.5 2888 0
1550 2515.5 2888 0

1730 2515.5 3388 0
1550 2515.5 3388 0

1730 2515.5 2888 0
1730 2515.5 3388 0

1550 2515.5 2888 0
1550 2515.5 3388 0

1730 2700.5 3388 0
1550 2700.5 3388 0

1730 2700.5 2888 0
1550 2700.5 2888 0

1730 2700.5 3388 0
1730 2700.5 2888 0

1550 2700.5 3388 0
1550 2700.5 2888 0

1730 2700.5 2888 0
1730 2515.5 2888 0

1730 2700.5 3388 0
1730 2515.5 3388 0

1730 2700.5 2888 0
1730 2700.5 3388 0

1730 2515.5 2888 0
1730 2515.5 3388 0

1550 2700.5 3388 0
1550 2515.5 3388 0

1550 2700.5 2888 0
1550 2515.5 2888 0

1550 2700.5 3388 0
1550 2700.5 2888 0

1550 2515.5 3388 0
1550 2515.5 2888 0

1910 4455 3438 0
1910 4365 3438 0

1910 4365 3438 0
1910 4320 3438 0
1910 4275 3438 0

1910 4275 3438 0

-1910 4455 3438 0
-1910 4275 3438 0

1910 4455 3438 0
-1910 4455 3438 0

1910 4275 3438 0
-1910 4275 3438 0

-1910 4455 -2700 0
-1910 4275 -2700 0

1910 4455 -2700 0
1910 4275 -2700 0

-1910 4455 -2700 0
1910 4455 -2700 0

-1910 4275 -2700 0
1910 4275 -2700 0

-1910 4455 3438 0
-1910 4275 3438 0

-1910 4455 -2700 0
-1910 4275 -2700 0

-1910 4455 3438 0
-1910 4455 -2700 0

-1910 4275 3438 0
-1910 4275 -2700 0

1910 4455 -2700 0
1910 4275 -2700 0

1910 4455 3438 0
1910 4275 3438 0

1910 4455 -2700 0
1910 4455 3438 0

1910 4275 -2700 0
1910 4275 3438 0

1910 4455 3438 0
-1910 4455 3438 0

1910 4455 -2700 0
-1910 4455 -2700 0

1910 4455 3438 0
1910 4455 -2700 0

-1910 4455 3438 0
-1910 4455 -2700 0

1910 4275 -2700 0
-1910 4275 -2700 0

1910 4275 3438 0
-1910 4275 3438 0

1910 4275 -2700 0
1910 4275 3438 0

-1910 4275 -2700 0
-1910 4275 3438 0

1910 -4455 -2700 0
1910 -4365 -2700 0

1910 -4365 -2700 0
1910 -4320 -2700 0
1910 -4275 -2700 0

1910 -4275 -2700 0

-1910 -4455 -2700 0
-1910 -4275 -2700 0

1910 -4455 -2700 0
-1910 -4455 -2700 0

1910 -4275 -2700 0
-1910 -4275 -2700 0

-1910 -4455 3438 0
-1910 -4275 3438 0

1910 -4455 3438 0
1910 -4275 3438 0

-1910 -4455 3438 0
1910 -4455 3438 0

-1910 -4275 3438 0
1910 -4275 3438 0

-1910 -4455 -2700 0
-1910 -4275 -2700 0

-1910 -4455 3438 0
-1910 -4275 3438 0

-1910 -4455 -2700 0
-1910 -4455 3438 0

-1910 -4275 -2700 0
-1910 -4275 3438 0

1910 -4455 3438 0
1910 -4275 3438 0

1910 -4455 -2700 0
1910 -4275 -2700 0

1910 -4455 3438 0
1910 -4455 -2700 0

1910 -4275 3438 0
1910 -4275 -2700 0

1910 -4455 -2700 0
-1910 -4455 -2700 0

1910 -4455 3438 0
-1910 -4455 3438 0

1910 -4455 -2700 0
1910 -4455 3438 0

-1910 -4455 -2700 0
-1910 -4455 3438 0

1910 -4275 3438 0
-1910 -4275 3438 0

1910 -4275 -2700 0
-1910 -4275 -2700 0

1910 -4275 3438 0
1910 -4275 -2700 0

-1910 -4275 3438 0
-1910 -4275 -2700 0

1500 -3000 2947.5 0
1500 0 2947.5 0

1500 0 2947.5 0
1500 1500 2947.5 0
1500 3000 2947.5 0

1500 3000 2947.5 0

-1500 -3000 2947.5 0
-1500 3000 2947.5 0

1500 -3000 2947.5 0
-1500 -3000 2947.5 0

1500 3000 2947.5 0
-1500 3000 2947.5 0

-1500 -3000 3447.5 0
-1500 3000 3447.5 0

1500 -3000 3447.5 0
1500 3000 3447.5 0

-1500 -3000 3447.5 0
1500 -3000 3447.5 0

-1500 3000 3447.5 0
1500 3000 3447.5 0

-1500 -3000 2947.5 0
-1500 3000 2947.5 0

-1500 -3000 3447.5 0
-1500 3000 3447.5 0

-1500 -3000 2947.5 0
-1500 -3000 3447.5 0

-1500 3000 2947.5 0
-1500 3000 3447.5 0

1500 -3000 3447.5 0
1500 3000 3447.5 0

1500 -3000 2947.5 0
1500 3000 2947.5 0

1500 -3000 3447.5 0
1500 -3000 2947.5 0

1500 3000 3447.5 0
1500 3000 2947.5 0

1500 -3000 2947.5 0
-1500 -3000 2947.5 0

1500 -3000 3447.5 0
-1500 -3000 3447.5 0

1500 -3000 2947.5 0
1500 -3000 3447.5 0

-1500 -3000 2947.5 0
-1500 -3000 3447.5 0

1500 3000 3447.5 0
-1500 3000 3447.5 0

1500 3000 2947.5 0
-1500 3000 2947.5 0

1500 3000 3447.5 0
1500 3000 2947.5 0

-1500 3000 3447.5 0
-1500 3000 2947.5 0

1500 -2515.5 2947.5 0
0 -2515.5 2947.5 0

0 -2515.5 2947.5 0
-750 -2515.5 2947.5 0
-1500 -2515.5 2947.5 0

-1500 -2515.5 2947.5 0

1500 -2700.5 2947.5 0
-1500 -2700.5 2947.5 0

1500 -2515.5 2947.5 0
1500 -2700.5 2947.5 0

-1500 -2515.5 2947.5 0
-1500 -2700.5 2947.5 0

1500 -2700.5 3447.5 0
-1500 -2700.5 3447.5 0

1500 -2515.5 3447.5 0
-1500 -2515.5 3447.5 0

1500 -2700.5 3447.5 0
1500 -2515.5 3447.5 0

-1500 -2700.5 3447.5 0
-1500 -2515.5 3447.5 0

1500 -2700.5 2947.5 0
-1500 -2700.5 2947.5 0

1500 -2700.5 3447.5 0
-1500 -2700.5 3447.5 0

1500 -2700.5 2947.5 0
1500 -2700.5 3447.5 0

-1500 -2700.5 2947.5 0
-1500 -2700.5 3447.5 0

1500 -2515.5 3447.5 0
-1500 -2515.5 3447.5 0

1500 -2515.5 2947.5 0
-1500 -2515.5 2947.5 0

1500 -2515.5 3447.5 0
1500 -2515.5 2947.5 0

-1500 -2515.5 3447.5 0
-1500 -2515.5 2947.5 0

1500 -2515.5 2947.5 0
1500 -2700.5 2947.5 0

1500 -2515.5 3447.5 0
1500 -2700.5 3447.5 0

1500 -2515.5 2947.5 0
1500 -2515.5 3447.5 0

1500 -2700.5 2947.5 0
1500 -2700.5 3447.5 0

-1500 -2515.5 3447.5 0
-1500 -2700.5 3447.5 0

-1500 -2515.5 2947.5 0
-1500 -2700.5 2947.5 0

-1500 -2515.5 3447.5 0
-1500 -2515.5 2947.5 0

-1500 -2700.5 3447.5 0
-1500 -2700.5 2947.5 0

1500 92.5 2947.5 0
0 92.5 2947.5 0

0 92.5 2947.5 0
-750 92.5 2947.5 0
-1500 92.5 2947.5 0

-1500 92.5 2947.5 0

1500 -92.5 2947.5 0
-1500 -92.5 2947.5 0

1500 92.5 2947.5 0
1500 -92.5 2947.5 0

-1500 92.5 2947.5 0
-1500 -92.5 2947.5 0

1500 -92.5 3447.5 0
-1500 -92.5 3447.5 0

1500 92.5 3447.5 0
-1500 92.5 3447.5 0

1500 -92.5 3447.5 0
1500 92.5 3447.5 0

-1500 -92.5 3447.5 0
-1500 92.5 3447.5 0

1500 -92.5 2947.5 0
-1500 -92.5 2947.5 0

1500 -92.5 3447.5 0
-1500 -92.5 3447.5 0

1500 -92.5 2947.5 0
1500 -92.5 3447.5 0

-1500 -92.5 2947.5 0
-1500 -92.5 3447.5 0

1500 92.5 3447.5 0
-1500 92.5 3447.5 0

1500 92.5 2947.5 0
-1500 92.5 2947.5 0

1500 92.5 3447.5 0
1500 92.5 2947.5 0

-1500 92.5 3447.5 0
-1500 92.5 2947.5 0

1500 92.5 2947.5 0
1500 -92.5 2947.5 0

1500 92.5 3447.5 0
1500 -92.5 3447.5 0

1500 92.5 2947.5 0
1500 92.5 3447.5 0

1500 -92.5 2947.5 0
1500 -92.5 3447.5 0

-1500 92.5 3447.5 0
-1500 -92.5 3447.5 0

-1500 92.5 2947.5 0
-1500 -92.5 2947.5 0

-1500 92.5 3447.5 0
-1500 92.5 2947.5 0

-1500 -92.5 3447.5 0
-1500 -92.5 2947.5 0

1500 2700.5 2947.5 0
0 2700.5 2947.5 0

0 2700.5 2947.5 0
-750 2700.5 2947.5 0
-1500 2700.5 2947.5 0

-1500 2700.5 2947.5 0

1500 2515.5 2947.5 0
-1500 2515.5 2947.5 0

1500 2700.5 2947.5 0
1500 2515.5 2947.5 0

-1500 2700.5 2947.5 0
-1500 2515.5 2947.5 0

1500 2515.5 3447.5 0
-1500 2515.5 3447.5 0

1500 2700.5 3447.5 0
-1500 2700.5 3447.5 0

1500 2515.5 3447.5 0
1500 2700.5 3447.5 0

-1500 2515.5 3447.5 0
-1500 2700.5 3447.5 0

1500 2515.5 2947.5 0
-1500 2515.5 2947.5 0

1500 2515.5 3447.5 0
-1500 2515.5 3447.5 0

1500 2515.5 2947.5 0
1500 2515.5 3447.5 0

-1500 2515.5 2947.5 0
-1500 2515.5 3447.5 0

1500 2700.5 3447.5 0
-1500 2700.5 3447.5 0

1500 2700.5 2947.5 0
-1500 2700.5 2947.5 0

1500 2700.5 3447.5 0
1500 2700.5 2947.5 0

-1500 2700.5 3447.5 0
-1500 2700.5 2947.5 0

1500 2700.5 2947.5 0
1500 2515.5 2947.5 0

1500 2700.5 3447.5 0
1500 2515.5 3447.5 0

1500 2700.5 2947.5 0
1500 2700.5 3447.5 0

1500 2515.5 2947.5 0
1500 2515.5 3447.5 0

-1500 2700.5 3447.5 0
-1500 2515.5 3447.5 0

-1500 2700.5 2947.5 0
-1500 2515.5 2947.5 0

-1500 2700.5 3447.5 0
-1500 2700.5 2947.5 0

-1500 2515.5 3447.5 0
-1500 2515.5 2947.5 0

-1967 -4600 -2709.5 0
-1967 0 -2709.5 0

-1967 0 -2709.5 0
-1967 2300 -2709.5 0
-1967 4600 -2709.5 0

-1967 4600 -2709.5 0

-2467 -4600 -2709.5 0
-2467 4600 -2709.5 0

-1967 -4600 -2709.5 0
-2467 -4600 -2709.5 0

-1967 4600 -2709.5 0
-2467 4600 -2709.5 0

-2467 -4600 3447.5 0
-2467 4600 3447.5 0

-1967 -4600 3447.5 0
-1967 4600 3447.5 0

-2467 -4600 3447.5 0
-1967 -4600 3447.5 0

-2467 4600 3447.5 0
-1967 4600 3447.5 0

-2467 -4600 -2709.5 0
-2467 4600 -2709.5 0

-2467 -4600 3447.5 0
-2467 4600 3447.5 0

-2467 -4600 -2709.5 0
-2467 -4600 3447.5 0

-2467 4600 -2709.5 0
-2467 4600 3447.5 0

-1967 -4600 3447.5 0
-1967 4600 3447.5 0

-1967 -4600 -2709.5 0
-1967 4600 -2709.5 0

-1967 -4600 3447.5 0
-1967 -4600 -2709.5 0

-1967 4600 3447.5 0
-1967 4600 -2709.5 0

-1967 -4600 -2709.5 0
-2467 -4600 -2709.5 0

-1967 -4600 3447.5 0
-2467 -4600 3447.5 0

-1967 -4600 -2709.5 0
-1967 -4600 3447.5 0

-2467 -4600 -2709.5 0
-2467 -4600 3447.5 0

-1967 4600 3447.5 0
-2467 4600 3447.5 0

-1967 4600 -2709.5 0
-2467 4600 -2709.5 0

-1967 4600 3447.5 0
-1967 4600 -2709.5 0

-2467 4600 3447.5 0
-2467 4600 -2709.5 0

-2282 92.5 2947.5 0
-2282 1301 2947.5 0

-2282 1301 2947.5 0
-2282 1905.25 2947.5 0
-2282 2509.5 2947.5 0

-2282 2509.5 2947.5 0

-2467 92.5 2947.5 0
-2467 2509.5 2947.5 0

-2282 92.5 2947.5 0
-2467 92.5 2947.5 0

-2282 2509.5 2947.5 0
-2467 2509.5 2947.5 0

-2467 92.5 3447.5 0
-2467 2509.5 3447.5 0

-2282 92.5 3447.5 0
-2282 2509.5 3447.5 0

-2467 92.5 3447.5 0
-2282 92.5 3447.5 0

-2467 2509.5 3447.5 0
-2282 2509.5 3447.5 0

-2467 92.5 2947.5 0
-2467 2509.5 2947.5 0

-2467 92.5 3447.5 0
-2467 2509.5 3447.5 0

-2467 92.5 2947.5 0
-2467 92.5 3447.5 0

-2467 2509.5 2947.5 0
-2467 2509.5 3447.5 0

-2282 92.5 3447.5 0
-2282 2509.5 3447.5 0

-2282 92.5 2947.5 0
-2282 2509.5 2947.5 0

-2282 92.5 3447.5 0
-2282 92.5 2947.5 0

-2282 2509.5 3447.5 0
-2282 2509.5 2947.5 0

-2282 92.5 2947.5 0
-2467 92.5 2947.5 0

-2282 92.5 3447.5 0
-2467 92.5 3447.5 0

-2282 92.5 2947.5 0
-2282 92.5 3447.5 0

-2467 92.5 2947.5 0
-2467 92.5 3447.5 0

-2282 2509.5 3447.5 0
-2467 2509.5 3447.5 0

-2282 2509.5 2947.5 0
-2467 2509.5 2947.5 0

-2282 2509.5 3447.5 0
-2282 2509.5 2947.5 0

-2467 2509.5 3447.5 0
-2467 2509.5 2947.5 0

-2282 -2509.5 2947.5 0
-2282 -1301 2947.5 0

-2282 -1301 2947.5 0
-2282 -696.75 2947.5 0
-2282 -92.5 2947.5 0

-2282 -92.5 2947.5 0

-2467 -2509.5 2947.5 0
-2467 -92.5 2947.5 0

-2282 -2509.5 2947.5 0
-2467 -2509.5 2947.5 0

-2282 -92.5 2947.5 0
-2467 -92.5 2947.5 0

-2467 -2509.5 3447.5 0
-2467 -92.5 3447.5 0

-2282 -2509.5 3447.5 0
-2282 -92.5 3447.5 0

-2467 -2509.5 3447.5 0
-2282 -2509.5 3447.5 0

-2467 -92.5 3447.5 0
-2282 -92.5 3447.5 0

-2467 -2509.5 2947.5 0
-2467 -92.5 2947.5 0

-2467 -2509.5 3447.5 0
-2467 -92.5 3447.5 0

-2467 -2509.5 2947.5 0
-2467 -2509.5 3447.5 0

-2467 -92.5 2947.5 0
-2467 -92.5 3447.5 0

-2282 -2509.5 3447.5 0
-2282 -92.5 3447.5 0

-2282 -2509.5 2947.5 0
-2282 -92.5 2947.5 0

-2282 -2509.5 3447.5 0
-2282 -2509.5 2947.5 0

-2282 -92.5 3447.5 0
-2282 -92.5 2947.5 0

-2282 -2509.5 2947.5 0
-2467 -2509.5 2947.5 0

-2282 -2509.5 3447.5 0
-2467 -2509.5 3447.5 0

-2282 -2509.5 2947.5 0
-2282 -2509.5 3447.5 0

-2467 -2509.5 2947.5 0
-2467 -2509.5 3447.5 0

-2282 -92.5 3447.5 0
-2467 -92.5 3447.5 0

-2282 -92.5 2947.5 0
-2467 -92.5 2947.5 0

-2282 -92.5 3447.5 0
-2282 -92.5 2947.5 0

-2467 -92.5 3447.5 0
-2467 -92.5 2947.5 0

-2467 -2694.5 3447.5 0
-2467 -2602 3447.5 0

-2467 -2602 3447.5 0
-2467 -2555.75 3447.5 0
-2467 -2509.5 3447.5 0

-2467 -2509.5 3447.5 0

-1967 -2694.5 3447.5 0
-1967 -2509.5 3447.5 0

-2467 -2694.5 3447.5 0
-1967 -2694.5 3447.5 0

-2467 -2509.5 3447.5 0
-1967 -2509.5 3447.5 0

-1967 -2694.5 -2709.5 0
-1967 -2509.5 -2709.5 0

-2467 -2694.5 -2709.5 0
-2467 -2509.5 -2709.5 0

-1967 -2694.5 -2709.5 0
-2467 -2694.5 -2709.5 0

-1967 -2509.5 -2709.5 0
-2467 -2509.5 -2709.5 0

-1967 -2694.5 3447.5 0
-1967 -2509.5 3447.5 0

-1967 -2694.5 -2709.5 0
-1967 -2509.5 -2709.5 0

-1967 -2694.5 3447.5 0
-1967 -2694.5 -2709.5 0

-1967 -2509.5 3447.5 0
-1967 -2509.5 -2709.5 0

-2467 -2694.5 -2709.5 0
-2467 -2509.5 -2709.5 0

-2467 -2694.5 3447.5 0
-2467 -2509.5 3447.5 0

-2467 -2694.5 -2709.5 0
-2467 -2694.5 3447.5 0

-2467 -2509.5 -2709.5 0
-2467 -2509.5 3447.5 0

-2467 -2694.5 3447.5 0
-1967 -2694.5 3447.5 0

-2467 -2694.5 -2709.5 0
-1967 -2694.5 -2709.5 0

-2467 -2694.5 3447.5 0
-2467 -2694.5 -2709.5 0

-1967 -2694.5 3447.5 0
-1967 -2694.5 -2709.5 0

-2467 -2509.5 -2709.5 0
-1967 -2509.5 -2709.5 0

-2467 -2509.5 3447.5 0
-1967 -2509.5 3447.5 0

-2467 -2509.5 -2709.5 0
-2467 -2509.5 3447.5 0

-1967 -2509.5 -2709.5 0
-1967 -2509.5 3447.5 0

-2467 -92.5 3447.5 0
-2467 0 3447.5 0

-2467 0 3447.5 0
-2467 46.25 3447.5 0
-2467 92.5 3447.5 0

-2467 92.5 3447.5 0

-1967 -92.5 3447.5 0
-1967 92.5 3447.5 0

-2467 -92.5 3447.5 0
-1967 -92.5 3447.5 0

-2467 92.5 3447.5 0
-1967 92.5 3447.5 0

-1967 -92.5 -2709.5 0
-1967 92.5 -2709.5 0

-2467 -92.5 -2709.5 0
-2467 92.5 -2709.5 0

-1967 -92.5 -2709.5 0
-2467 -92.5 -2709.5 0

-1967 92.5 -2709.5 0
-2467 92.5 -2709.5 0

-1967 -92.5 3447.5 0
-1967 92.5 3447.5 0

-1967 -92.5 -2709.5 0
-1967 92.5 -2709.5 0

-1967 -92.5 3447.5 0
-1967 -92.5 -2709.5 0

-1967 92.5 3447.5 0
-1967 92.5 -2709.5 0

-2467 -92.5 -2709.5 0
-2467 92.5 -2709.5 0

-2467 -92.5 3447.5 0
-2467 92.5 3447.5 0

-2467 -92.5 -2709.5 0
-2467 -92.5 3447.5 0

-2467 92.5 -2709.5 0
-2467 92.5 3447.5 0

-2467 -92.5 3447.5 0
-1967 -92.5 3447.5 0

-2467 -92.5 -2709.5 0
-1967 -92.5 -2709.5 0

-2467 -92.5 3447.5 0
-2467 -92.5 -2709.5 0

-1967 -92.5 3447.5 0
-1967 -92.5 -2709.5 0

-2467 92.5 -2709.5 0
-1967 92.5 -2709.5 0

-2467 92.5 3447.5 0
-1967 92.5 3447.5 0

-2467 92.5 -2709.5 0
-2467 92.5 3447.5 0

-1967 92.5 -2709.5 0
-1967 92.5 3447.5 0

-2467 2509.5 3447.5 0
-2467 2602 3447.5 0

-2467 2602 3447.5 0
-2467 2648.25 3447.5 0
-2467 2694.5 3447.5 0

-2467 2694.5 3447.5 0

-1967 2509.5 3447.5 0
-1967 2694.5 3447.5 0

-2467 2509.5 3447.5 0
-1967 2509.5 3447.5 0

-2467 2694.5 3447.5 0
-1967 2694.5 3447.5 0

-1967 2509.5 -2709.5 0
-1967 2694.5 -2709.5 0

-2467 2509.5 -2709.5 0
-2467 2694.5 -2709.5 0

-1967 2509.5 -2709.5 0
-2467 2509.5 -2709.5 0

-1967 2694.5 -2709.5 0
-2467 2694.5 -2709.5 0

-1967 2509.5 3447.5 0
-1967 2694.5 3447.5 0

-1967 2509.5 -2709.5 0
-1967 2694.5 -2709.5 0

-1967 2509.5 3447.5 0
-1967 2509.5 -2709.5 0

-1967 2694.5 3447.5 0
-1967 2694.5 -2709.5 0

-2467 2509.5 -2709.5 0
-2467 2694.5 -2709.5 0

-2467 2509.5 3447.5 0
-2467 2694.5 3447.5 0

-2467 2509.5 -2709.5 0
-2467 2509.5 3447.5 0

-2467 2694.5 -2709.5 0
-2467 2694.5 3447.5 0

-2467 2509.5 3447.5 0
-1967 2509.5 3447.5 0

-2467 2509.5 -2709.5 0
-1967 2509.5 -2709.5 0

-2467 2509.5 3447.5 0
-2467 2509.5 -2709.5 0

-1967 2509.5 3447.5 0
-1967 2509.5 -2709.5 0

-2467 2694.5 -2709.5 0
-1967 2694.5 -2709.5 0

-2467 2694.5 3447.5 0
-1967 2694.5 3447.5 0

-2467 2694.5 -2709.5 0
-2467 2694.5 3447.5 0

-1967 2694.5 -2709.5 0
-1967 2694.5 3447.5 0

2830 4600 -2709.5 0
2830 0 -2709.5 0

2830 0 -2709.5 0
2830 -2300 -2709.5 0
2830 -4600 -2709.5 0

2830 -4600 -2709.5 0

3330 4600 -2709.5 0
3330 -4600 -2709.5 0

2830 4600 -2709.5 0
3330 4600 -2709.5 0

2830 -4600 -2709.5 0
3330 -4600 -2709.5 0

3330 4600 3447.5 0
3330 -4600 3447.5 0

2830 4600 3447.5 0
2830 -4600 3447.5 0

3330 4600 3447.5 0
2830 4600 3447.5 0

3330 -4600 3447.5 0
2830 -4600 3447.5 0

3330 4600 -2709.5 0
3330 -4600 -2709.5 0

3330 4600 3447.5 0
3330 -4600 3447.5 0

3330 4600 -2709.5 0
3330 4600 3447.5 0

3330 -4600 -2709.5 0
3330 -4600 3447.5 0

2830 4600 3447.5 0
2830 -4600 3447.5 0

2830 4600 -2709.5 0
2830 -4600 -2709.5 0

2830 4600 3447.5 0
2830 4600 -2709.5 0

2830 -4600 3447.5 0
2830 -4600 -2709.5 0

2830 4600 -2709.5 0
3330 4600 -2709.5 0

2830 4600 3447.5 0
3330 4600 3447.5 0

2830 4600 -2709.5 0
2830 4600 3447.5 0

3330 4600 -2709.5 0
3330 4600 3447.5 0

2830 -4600 3447.5 0
3330 -4600 3447.5 0

2830 -4600 -2709.5 0
3330 -4600 -2709.5 0

2830 -4600 3447.5 0
2830 -4600 -2709.5 0

3330 -4600 3447.5 0
3330 -4600 -2709.5 0

3145 -92.5 2947.5 0
3145 -1301 2947.5 0

3145 -1301 2947.5 0
3145 -1905.25 2947.5 0
3145 -2509.5 2947.5 0

3145 -2509.5 2947.5 0

3330 -92.5 2947.5 0
3330 -2509.5 2947.5 0

3145 -92.5 2947.5 0
3330 -92.5 2947.5 0

3145 -2509.5 2947.5 0
3330 -2509.5 2947.5 0

3330 -92.5 3447.5 0
3330 -2509.5 3447.5 0

3145 -92.5 3447.5 0
3145 -2509.5 3447.5 0

3330 -92.5 3447.5 0
3145 -92.5 3447.5 0

3330 -2509.5 3447.5 0
3145 -2509.5 3447.5 0

3330 -92.5 2947.5 0
3330 -2509.5 2947.5 0

3330 -92.5 3447.5 0
3330 -2509.5 3447.5 0

3330 -92.5 2947.5 0
3330 -92.5 3447.5 0

3330 -2509.5 2947.5 0
3330 -2509.5 3447.5 0

3145 -92.5 3447.5 0
3145 -2509.5 3447.5 0

3145 -92.5 2947.5 0
3145 -2509.5 2947.5 0

3145 -92.5 3447.5 0
3145 -92.5 2947.5 0

3145 -2509.5 3447.5 0
3145 -2509.5 2947.5 0

3145 -92.5 2947.5 0
3330 -92.5 2947.5 0

3145 -92.5 3447.5 0
3330 -92.5 3447.5 0

3145 -92.5 2947.5 0
3145 -92.5 3447.5 0

3330 -92.5 2947.5 0
3330 -92.5 3447.5 0

3145 -2509.5 3447.5 0
3330 -2509.5 3447.5 0

3145 -2509.5 2947.5 0
3330 -2509.5 2947.5 0

3145 -2509.5 3447.5 0
3145 -2509.5 2947.5 0

3330 -2509.5 3447.5 0
3330 -2509.5 2947.5 0

3145 2509.5 2947.5 0
3145 1301 2947.5 0

3145 1301 2947.5 0
3145 696.75 2947.5 0
3145 92.5 2947.5 0

3145 92.5 2947.5 0

3330 2509.5 2947.5 0
3330 92.5 2947.5 0

3145 2509.5 2947.5 0
3330 2509.5 2947.5 0

3145 92.5 2947.5 0
3330 92.5 2947.5 0

3330 2509.5 3447.5 0
3330 92.5 3447.5 0

3145 2509.5 3447.5 0
3145 92.5 3447.5 0

3330 2509.5 3447.5 0
3145 2509.5 3447.5 0

3330 92.5 3447.5 0
3145 92.5 3447.5 0

3330 2509.5 2947.5 0
3330 92.5 2947.5 0

3330 2509.5 3447.5 0
3330 92.5 3447.5 0

3330 2509.5 2947.5 0
3330 2509.5 3447.5 0

3330 92.5 2947.5 0
3330 92.5 3447.5 0

3145 2509.5 3447.5 0
3145 92.5 3447.5 0

3145 2509.5 2947.5 0
3145 92.5 2947.5 0

3145 2509.5 3447.5 0
3145 2509.5 2947.5 0

3145 92.5 3447.5 0
3145 92.5 2947.5 0

3145 2509.5 2947.5 0
3330 2509.5 2947.5 0

3145 2509.5 3447.5 0
3330 2509.5 3447.5 0

3145 2509.5 2947.5 0
3145 2509.5 3447.5 0

3330 2509.5 2947.5 0
3330 2509.5 3447.5 0

3145 92.5 3447.5 0
3330 92.5 3447.5 0

3145 92.5 2947.5 0
3330 92.5 2947.5 0

3145 92.5 3447.5 0
3145 92.5 2947.5 0

3330 92.5 3447.5 0
3330 92.5 2947.5 0

3330 2694.5 3447.5 0
3330 2602 3447.5 0

3330 2602 3447.5 0
3330 2555.75 3447.5 0
3330 2509.5 3447.5 0

3330 2509.5 3447.5 0

2830 2694.5 3447.5 0
2830 2509.5 3447.5 0

3330 2694.5 3447.5 0
2830 2694.5 3447.5 0

3330 2509.5 3447.5 0
2830 2509.5 3447.5 0

2830 2694.5 -2709.5 0
2830 2509.5 -2709.5 0

3330 2694.5 -2709.5 0
3330 2509.5 -2709.5 0

2830 2694.5 -2709.5 0
3330 2694.5 -2709.5 0

2830 2509.5 -2709.5 0
3330 2509.5 -2709.5 0

2830 2694.5 3447.5 0
2830 2509.5 3447.5 0

2830 2694.5 -2709.5 0
2830 2509.5 -2709.5 0

2830 2694.5 3447.5 0
2830 2694.5 -2709.5 0

2830 2509.5 3447.5 0
2830 2509.5 -2709.5 0

3330 2694.5 -2709.5 0
3330 2509.5 -2709.5 0

3330 2694.5 3447.5 0
3330 2509.5 3447.5 0

3330 2694.5 -2709.5 0
3330 2694.5 3447.5 0

3330 2509.5 -2709.5 0
3330 2509.5 3447.5 0

3330 2694.5 3447.5 0
2830 2694.5 3447.5 0

3330 2694.5 -2709.5 0
2830 2694.5 -2709.5 0

3330 2694.5 3447.5 0
3330 2694.5 -2709.5 0

2830 2694.5 3447.5 0
2830 2694.5 -2709.5 0

3330 2509.5 -2709.5 0
2830 2509.5 -2709.5 0

3330 2509.5 3447.5 0
2830 2509.5 3447.5 0

3330 2509.5 -2709.5 0
3330 2509.5 3447.5 0

2830 2509.5 -2709.5 0
2830 2509.5 3447.5 0

3330 92.5 3447.5 0
3330 0 3447.5 0

3330 0 3447.5 0
3330 -46.25 3447.5 0
3330 -92.5 3447.5 0

3330 -92.5 3447.5 0

2830 92.5 3447.5 0
2830 -92.5 3447.5 0

3330 92.5 3447.5 0
2830 92.5 3447.5 0

3330 -92.5 3447.5 0
2830 -92.5 3447.5 0

2830 92.5 -2709.5 0
2830 -92.5 -2709.5 0

3330 92.5 -2709.5 0
3330 -92.5 -2709.5 0

2830 92.5 -2709.5 0
3330 92.5 -2709.5 0

2830 -92.5 -2709.5 0
3330 -92.5 -2709.5 0

2830 92.5 3447.5 0
2830 -92.5 3447.5 0

2830 92.5 -2709.5 0
2830 -92.5 -2709.5 0

2830 92.5 3447.5 0
2830 92.5 -2709.5 0

2830 -92.5 3447.5 0
2830 -92.5 -2709.5 0

3330 92.5 -2709.5 0
3330 -92.5 -2709.5 0

3330 92.5 3447.5 0
3330 -92.5 3447.5 0

3330 92.5 -2709.5 0
3330 92.5 3447.5 0

3330 -92.5 -2709.5 0
3330 -92.5 3447.5 0

3330 92.5 3447.5 0
2830 92.5 3447.5 0

3330 92.5 -2709.5 0
2830 92.5 -2709.5 0

3330 92.5 3447.5 0
3330 92.5 -2709.5 0

2830 92.5 3447.5 0
2830 92.5 -2709.5 0

3330 -92.5 -2709.5 0
2830 -92.5 -2709.5 0

3330 -92.5 3447.5 0
2830 -92.5 3447.5 0

3330 -92.5 -2709.5 0
3330 -92.5 3447.5 0

2830 -92.5 -2709.5 0
2830 -92.5 3447.5 0

3330 -2509.5 3447.5 0
3330 -2602 3447.5 0

3330 -2602 3447.5 0
3330 -2648.25 3447.5 0
3330 -2694.5 3447.5 0

3330 -2694.5 3447.5 0

2830 -2509.5 3447.5 0
2830 -2694.5 3447.5 0

3330 -2509.5 3447.5 0
2830 -2509.5 3447.5 0

3330 -2694.5 3447.5 0
2830 -2694.5 3447.5 0

2830 -2509.5 -2709.5 0
2830 -2694.5 -2709.5 0

3330 -2509.5 -2709.5 0
3330 -2694.5 -2709.5 0

2830 -2509.5 -2709.5 0
3330 -2509.5 -2709.5 0

2830 -2694.5 -2709.5 0
3330 -2694.5 -2709.5 0

2830 -2509.5 3447.5 0
2830 -2694.5 3447.5 0

2830 -2509.5 -2709.5 0
2830 -2694.5 -2709.5 0

2830 -2509.5 3447.5 0
2830 -2509.5 -2709.5 0

2830 -2694.5 3447.5 0
2830 -2694.5 -2709.5 0

3330 -2509.5 -2709.5 0
3330 -2694.5 -2709.5 0

3330 -2509.5 3447.5 0
3330 -2694.5 3447.5 0

3330 -2509.5 -2709.5 0
3330 -2509.5 3447.5 0

3330 -2694.5 -2709.5 0
3330 -2694.5 3447.5 0

3330 -2509.5 3447.5 0
2830 -2509.5 3447.5 0

3330 -2509.5 -2709.5 0
2830 -2509.5 -2709.5 0

3330 -2509.5 3447.5 0
3330 -2509.5 -2709.5 0

2830 -2509.5 3447.5 0
2830 -2509.5 -2709.5 0

3330 -2694.5 -2709.5 0
2830 -2694.5 -2709.5 0

3330 -2694.5 3447.5 0
2830 -2694.5 3447.5 0

3330 -2694.5 -2709.5 0
3330 -2694.5 3447.5 0

2830 -2694.5 -2709.5 0
2830 -2694.5 3447.5 0

2840 -4275 -2700 0
2840 0 -2700 0

2840 0 -2700 0
2840 2137.5 -2700 0
2840 4275 -2700 0

2840 4275 -2700 0

1910 -4275 -2700 0
1910 4275 -2700 0

2840 -4275 -2700 0
1910 -4275 -2700 0

2840 4275 -2700 0
1910 4275 -2700 0

1910 -4275 3438 0
1910 4275 3438 0

2840 -4275 3438 0
2840 4275 3438 0

1910 -4275 3438 0
2840 -4275 3438 0

1910 4275 3438 0
2840 4275 3438 0

1910 -4275 -2700 0
1910 4275 -2700 0

1910 -4275 3438 0
1910 4275 3438 0

1910 -4275 -2700 0
1910 -4275 3438 0

1910 4275 -2700 0
1910 4275 3438 0

2840 -4275 3438 0
2840 4275 3438 0

2840 -4275 -2700 0
2840 4275 -2700 0

2840 -4275 3438 0
2840 -4275 -2700 0

2840 4275 3438 0
2840 4275 -2700 0

2840 -4275 -2700 0
1910 -4275 -2700 0

2840 -4275 3438 0
1910 -4275 3438 0

2840 -4275 -2700 0
2840 -4275 3438 0

1910 -4275 -2700 0
1910 -4275 3438 0

2840 4275 3438 0
1910 4275 3438 0

2840 4275 -2700 0
1910 4275 -2700 0

2840 4275 3438 0
2840 4275 -2700 0

1910 4275 3438 0
1910 4275 -2700 0

2840 -2458 -2700 0
2375 -2458 -2700 0

2375 -2458 -2700 0
2142.5 -2458 -2700 0
1910 -2458 -2700 0

1910 -2458 -2700 0

2840 -2758 -2700 0
1910 -2758 -2700 0

2840 -2458 -2700 0
2840 -2758 -2700 0

1910 -2458 -2700 0
1910 -2758 -2700 0

2840 -2758 -2100 0
1910 -2758 -2100 0

2840 -2458 -2100 0
1910 -2458 -2100 0

2840 -2758 -2100 0
2840 -2458 -2100 0

1910 -2758 -2100 0
1910 -2458 -2100 0

2840 -2758 -2700 0
1910 -2758 -2700 0

2840 -2758 -2100 0
1910 -2758 -2100 0

2840 -2758 -2700 0
2840 -2758 -2100 0

1910 -2758 -2700 0
1910 -2758 -2100 0

2840 -2458 -2100 0
1910 -2458 -2100 0

2840 -2458 -2700 0
1910 -2458 -2700 0

2840 -2458 -2100 0
2840 -2458 -2700 0

1910 -2458 -2100 0
1910 -2458 -2700 0

2840 -2458 -2700 0
2840 -2758 -2700 0

2840 -2458 -2100 0
2840 -2758 -2100 0

2840 -2458 -2700 0
2840 -2458 -2100 0

2840 -2758 -2700 0
2840 -2758 -2100 0

1910 -2458 -2100 0
1910 -2758 -2100 0

1910 -2458 -2700 0
1910 -2758 -2700 0

1910 -2458 -2100 0
1910 -2458 -2700 0

1910 -2758 -2100 0
1910 -2758 -2700 0

2840 150 -2700 0
2375 150 -2700 0

2375 150 -2700 0
2142.5 150 -2700 0
1910 150 -2700 0

1910 150 -2700 0

2840 -150 -2700 0
1910 -150 -2700 0

2840 150 -2700 0
2840 -150 -2700 0

1910 150 -2700 0
1910 -150 -2700 0

2840 -150 -2100 0
1910 -150 -2100 0

2840 150 -2100 0
1910 150 -2100 0

2840 -150 -2100 0
2840 150 -2100 0

1910 -150 -2100 0
1910 150 -2100 0

2840 -150 -2700 0
1910 -150 -2700 0

2840 -150 -2100 0
1910 -150 -2100 0

2840 -150 -2700 0
2840 -150 -2100 0

1910 -150 -2700 0
1910 -150 -2100 0

2840 150 -2100 0
1910 150 -2100 0

2840 150 -2700 0
1910 150 -2700 0

2840 150 -2100 0
2840 150 -2700 0

1910 150 -2100 0
1910 150 -2700 0

2840 150 -2700 0
2840 -150 -2700 0

2840 150 -2100 0
2840 -150 -2100 0

2840 150 -2700 0
2840 150 -2100 0

2840 -150 -2700 0
2840 -150 -2100 0

1910 150 -2100 0
1910 -150 -2100 0

1910 150 -2700 0
1910 -150 -2700 0

1910 150 -2100 0
1910 150 -2700 0

1910 -150 -2100 0
1910 -150 -2700 0

2840 2758 -2700 0
2375 2758 -2700 0

2375 2758 -2700 0
2142.5 2758 -2700 0
1910 2758 -2700 0

1910 2758 -2700 0

2840 2458 -2700 0
1910 2458 -2700 0

2840 2758 -2700 0
2840 2458 -2700 0

1910 2758 -2700 0
1910 2458 -2700 0

2840 2458 -2100 0
1910 2458 -2100 0

2840 2758 -2100 0
1910 2758 -2100 0

2840 2458 -2100 0
2840 2758 -2100 0

1910 2458 -2100 0
1910 2758 -2100 0

2840 2458 -2700 0
1910 2458 -2700 0

2840 2458 -2100 0
1910 2458 -2100 0

2840 2458 -2700 0
2840 2458 -2100 0

1910 2458 -2700 0
1910 2458 -2100 0

2840 2758 -2100 0
1910 2758 -2100 0

2840 2758 -2700 0
1910 2758 -2700 0

2840 2758 -2100 0
2840 2758 -2700 0

1910 2758 -2100 0
1910 2758 -2700 0

2840 2758 -2700 0
2840 2458 -2700 0

2840 2758 -2100 0
2840 2458 -2100 0

2840 2758 -2700 0
2840 2758 -2100 0

2840 2458 -2700 0
2840 2458 -2100 0

1910 2758 -2100 0
1910 2458 -2100 0

1910 2758 -2700 0
1910 2458 -2700 0

1910 2758 -2100 0
1910 2758 -2700 0

1910 2458 -2100 0
1910 2458 -2700 0

2840 -2515.5 2888 0
2375 -2515.5 2888 0

2375 -2515.5 2888 0
2142.5 -2515.5 2888 0
1910 -2515.5 2888 0

1910 -2515.5 2888 0

2840 -2700.5 2888 0
1910 -2700.5 2888 0

2840 -2515.5 2888 0
2840 -2700.5 2888 0

1910 -2515.5 2888 0
1910 -2700.5 2888 0

2840 -2700.5 3388 0
1910 -2700.5 3388 0

2840 -2515.5 3388 0
1910 -2515.5 3388 0

2840 -2700.5 3388 0
2840 -2515.5 3388 0

1910 -2700.5 3388 0
1910 -2515.5 3388 0

2840 -2700.5 2888 0
1910 -2700.5 2888 0

2840 -2700.5 3388 0
1910 -2700.5 3388 0

2840 -2700.5 2888 0
2840 -2700.5 3388 0

1910 -2700.5 2888 0
1910 -2700.5 3388 0

2840 -2515.5 3388 0
1910 -2515.5 3388 0

2840 -2515.5 2888 0
1910 -2515.5 2888 0

2840 -2515.5 3388 0
2840 -2515.5 2888 0

1910 -2515.5 3388 0
1910 -2515.5 2888 0

2840 -2515.5 2888 0
2840 -2700.5 2888 0

2840 -2515.5 3388 0
2840 -2700.5 3388 0

2840 -2515.5 2888 0
2840 -2515.5 3388 0

2840 -2700.5 2888 0
2840 -2700.5 3388 0

1910 -2515.5 3388 0
1910 -2700.5 3388 0

1910 -2515.5 2888 0
1910 -2700.5 2888 0

1910 -2515.5 3388 0
1910 -2515.5 2888 0

1910 -2700.5 3388 0
1910 -2700.5 2888 0

2840 92.5 2888 0
2375 92.5 2888 0

2375 92.5 2888 0
2142.5 92.5 2888 0
1910 92.5 2888 0

1910 92.5 2888 0

2840 -92.5 2888 0
1910 -92.5 2888 0

2840 92.5 2888 0
2840 -92.5 2888 0

1910 92.5 2888 0
1910 -92.5 2888 0

2840 -92.5 3388 0
1910 -92.5 3388 0

2840 92.5 3388 0
1910 92.5 3388 0

2840 -92.5 3388 0
2840 92.5 3388 0

1910 -92.5 3388 0
1910 92.5 3388 0

2840 -92.5 2888 0
1910 -92.5 2888 0

2840 -92.5 3388 0
1910 -92.5 3388 0

2840 -92.5 2888 0
2840 -92.5 3388 0

1910 -92.5 2888 0
1910 -92.5 3388 0

2840 92.5 3388 0
1910 92.5 3388 0

2840 92.5 2888 0
1910 92.5 2888 0

2840 92.5 3388 0
2840 92.5 2888 0

1910 92.5 3388 0
1910 92.5 2888 0

2840 92.5 2888 0
2840 -92.5 2888 0

2840 92.5 3388 0
2840 -92.5 3388 0

2840 92.5 2888 0
2840 92.5 3388 0

2840 -92.5 2888 0
2840 -92.5 3388 0

1910 92.5 3388 0
1910 -92.5 3388 0

1910 92.5 2888 0
1910 -92.5 2888 0

1910 92.5 3388 0
1910 92.5 2888 0

1910 -92.5 3388 0
1910 -92.5 2888 0

2840 2700.5 2888 0
2375 2700.5 2888 0

2375 2700.5 2888 0
2142.5 2700.5 2888 0
1910 2700.5 2888 0

1910 2700.5 2888 0

2840 2515.5 2888 0
1910 2515.5 2888 0

2840 2700.5 2888 0
2840 2515.5 2888 0

1910 2700.5 2888 0
1910 2515.5 2888 0

2840 2515.5 3388 0
1910 2515.5 3388 0

2840 2700.5 3388 0
1910 2700.5 3388 0

2840 2515.5 3388 0
2840 2700.5 3388 0

1910 2515.5 3388 0
1910 2700.5 3388 0

2840 2515.5 2888 0
1910 2515.5 2888 0

2840 2515.5 3388 0
1910 2515.5 3388 0

2840 2515.5 2888 0
2840 2515.5 3388 0

1910 2515.5 2888 0
1910 2515.5 3388 0

2840 2700.5 3388 0
1910 2700.5 3388 0

2840 2700.5 2888 0
1910 2700.5 2888 0

2840 2700.5 3388 0
2840 2700.5 2888 0

1910 2700.5 3388 0
1910 2700.5 2888 0

2840 2700.5 2888 0
2840 2515.5 2888 0

2840 2700.5 3388 0
2840 2515.5 3388 0

2840 2700.5 2888 0
2840 2700.5 3388 0

2840 2515.5 2888 0
2840 2515.5 3388 0

1910 2700.5 3388 0
1910 2515.5 3388 0

1910 2700.5 2888 0
1910 2515.5 2888 0

1910 2700.5 3388 0
1910 2700.5 2888 0

1910 2515.5 3388 0
1910 2515.5 2888 0

# end of label='grey'
