# Temporary file generated by the 'geomtools::gnuplot_drawer'
# class for visualization.
# label='grey'
-979.5 2658.5 -1698.5 0
-979.5 0 -1698.5 0

-979.5 0 -1698.5 0
-979.5 -1329.25 -1698.5 0
-979.5 -2658.5 -1698.5 0

-979.5 -2658.5 -1698.5 0

-953.5 2658.5 -1698.5 0
-953.5 -2658.5 -1698.5 0

-979.5 2658.5 -1698.5 0
-953.5 2658.5 -1698.5 0

-979.5 -2658.5 -1698.5 0
-953.5 -2658.5 -1698.5 0

-953.5 2658.5 1698.5 0
-953.5 -2658.5 1698.5 0

-979.5 2658.5 1698.5 0
-979.5 -2658.5 1698.5 0

-953.5 2658.5 1698.5 0
-979.5 2658.5 1698.5 0

-953.5 -2658.5 1698.5 0
-979.5 -2658.5 1698.5 0

-953.5 2658.5 -1698.5 0
-953.5 -2658.5 -1698.5 0

-953.5 2658.5 1698.5 0
-953.5 -2658.5 1698.5 0

-953.5 2658.5 -1698.5 0
-953.5 2658.5 1698.5 0

-953.5 -2658.5 -1698.5 0
-953.5 -2658.5 1698.5 0

-979.5 2658.5 1698.5 0
-979.5 -2658.5 1698.5 0

-979.5 2658.5 -1698.5 0
-979.5 -2658.5 -1698.5 0

-979.5 2658.5 1698.5 0
-979.5 2658.5 -1698.5 0

-979.5 -2658.5 1698.5 0
-979.5 -2658.5 -1698.5 0

-979.5 2658.5 -1698.5 0
-953.5 2658.5 -1698.5 0

-979.5 2658.5 1698.5 0
-953.5 2658.5 1698.5 0

-979.5 2658.5 -1698.5 0
-979.5 2658.5 1698.5 0

-953.5 2658.5 -1698.5 0
-953.5 2658.5 1698.5 0

-979.5 -2658.5 1698.5 0
-953.5 -2658.5 1698.5 0

-979.5 -2658.5 -1698.5 0
-953.5 -2658.5 -1698.5 0

-979.5 -2658.5 1698.5 0
-979.5 -2658.5 -1698.5 0

-953.5 -2658.5 1698.5 0
-953.5 -2658.5 -1698.5 0

-966.5 2598 -1698.5 0
-966.5 0 -1698.5 0

-966.5 0 -1698.5 0
-966.5 -1299 -1698.5 0
-966.5 -2598 -1698.5 0

-966.5 -2598 -1698.5 0

-953.5 2598 -1698.5 0
-953.5 -2598 -1698.5 0

-966.5 2598 -1698.5 0
-953.5 2598 -1698.5 0

-966.5 -2598 -1698.5 0
-953.5 -2598 -1698.5 0

-953.5 2598 1698.5 0
-953.5 -2598 1698.5 0

-966.5 2598 1698.5 0
-966.5 -2598 1698.5 0

-953.5 2598 1698.5 0
-966.5 2598 1698.5 0

-953.5 -2598 1698.5 0
-966.5 -2598 1698.5 0

-953.5 2598 -1698.5 0
-953.5 -2598 -1698.5 0

-953.5 2598 1698.5 0
-953.5 -2598 1698.5 0

-953.5 2598 -1698.5 0
-953.5 2598 1698.5 0

-953.5 -2598 -1698.5 0
-953.5 -2598 1698.5 0

-966.5 2598 1698.5 0
-966.5 -2598 1698.5 0

-966.5 2598 -1698.5 0
-966.5 -2598 -1698.5 0

-966.5 2598 1698.5 0
-966.5 2598 -1698.5 0

-966.5 -2598 1698.5 0
-966.5 -2598 -1698.5 0

-966.5 2598 -1698.5 0
-953.5 2598 -1698.5 0

-966.5 2598 1698.5 0
-953.5 2598 1698.5 0

-966.5 2598 -1698.5 0
-966.5 2598 1698.5 0

-953.5 2598 -1698.5 0
-953.5 2598 1698.5 0

-966.5 -2598 1698.5 0
-953.5 -2598 1698.5 0

-966.5 -2598 -1698.5 0
-953.5 -2598 -1698.5 0

-966.5 -2598 1698.5 0
-966.5 -2598 -1698.5 0

-953.5 -2598 1698.5 0
-953.5 -2598 -1698.5 0

-966.5 2598 -1698.5 0
-966.5 2381.5 -1698.5 0

-966.5 2381.5 -1698.5 0
-966.5 2273.25 -1698.5 0
-966.5 2165 -1698.5 0

-966.5 2165 -1698.5 0

-953.5 2598 -1698.5 0
-953.5 2165 -1698.5 0

-966.5 2598 -1698.5 0
-953.5 2598 -1698.5 0

-966.5 2165 -1698.5 0
-953.5 2165 -1698.5 0

-953.5 2598 1698.5 0
-953.5 2165 1698.5 0

-966.5 2598 1698.5 0
-966.5 2165 1698.5 0

-953.5 2598 1698.5 0
-966.5 2598 1698.5 0

-953.5 2165 1698.5 0
-966.5 2165 1698.5 0

-953.5 2598 -1698.5 0
-953.5 2165 -1698.5 0

-953.5 2598 1698.5 0
-953.5 2165 1698.5 0

-953.5 2598 -1698.5 0
-953.5 2598 1698.5 0

-953.5 2165 -1698.5 0
-953.5 2165 1698.5 0

-966.5 2598 1698.5 0
-966.5 2165 1698.5 0

-966.5 2598 -1698.5 0
-966.5 2165 -1698.5 0

-966.5 2598 1698.5 0
-966.5 2598 -1698.5 0

-966.5 2165 1698.5 0
-966.5 2165 -1698.5 0

-966.5 2598 -1698.5 0
-953.5 2598 -1698.5 0

-966.5 2598 1698.5 0
-953.5 2598 1698.5 0

-966.5 2598 -1698.5 0
-966.5 2598 1698.5 0

-953.5 2598 -1698.5 0
-953.5 2598 1698.5 0

-966.5 2165 1698.5 0
-953.5 2165 1698.5 0

-966.5 2165 -1698.5 0
-953.5 2165 -1698.5 0

-966.5 2165 1698.5 0
-966.5 2165 -1698.5 0

-953.5 2165 1698.5 0
-953.5 2165 -1698.5 0

-966.5 2265 -1698.5 0
-966.5 2215 -1698.5 0

-966.5 2215 -1698.5 0
-966.5 2190 -1698.5 0
-966.5 2165 -1698.5 0

-966.5 2165 -1698.5 0

-953.5 2265 -1698.5 0
-953.5 2165 -1698.5 0

-966.5 2265 -1698.5 0
-953.5 2265 -1698.5 0

-966.5 2165 -1698.5 0
-953.5 2165 -1698.5 0

-953.5 2265 1698.5 0
-953.5 2165 1698.5 0

-966.5 2265 1698.5 0
-966.5 2165 1698.5 0

-953.5 2265 1698.5 0
-966.5 2265 1698.5 0

-953.5 2165 1698.5 0
-966.5 2165 1698.5 0

-953.5 2265 -1698.5 0
-953.5 2165 -1698.5 0

-953.5 2265 1698.5 0
-953.5 2165 1698.5 0

-953.5 2265 -1698.5 0
-953.5 2265 1698.5 0

-953.5 2165 -1698.5 0
-953.5 2165 1698.5 0

-966.5 2265 1698.5 0
-966.5 2165 1698.5 0

-966.5 2265 -1698.5 0
-966.5 2165 -1698.5 0

-966.5 2265 1698.5 0
-966.5 2265 -1698.5 0

-966.5 2165 1698.5 0
-966.5 2165 -1698.5 0

-966.5 2265 -1698.5 0
-953.5 2265 -1698.5 0

-966.5 2265 1698.5 0
-953.5 2265 1698.5 0

-966.5 2265 -1698.5 0
-966.5 2265 1698.5 0

-953.5 2265 -1698.5 0
-953.5 2265 1698.5 0

-966.5 2165 1698.5 0
-953.5 2165 1698.5 0

-966.5 2165 -1698.5 0
-953.5 2165 -1698.5 0

-966.5 2165 1698.5 0
-966.5 2165 -1698.5 0

-953.5 2165 1698.5 0
-953.5 2165 -1698.5 0

-966.5 2165 -1698.5 0
-966.5 1948.5 -1698.5 0

-966.5 1948.5 -1698.5 0
-966.5 1840.25 -1698.5 0
-966.5 1732 -1698.5 0

-966.5 1732 -1698.5 0

-953.5 2165 -1698.5 0
-953.5 1732 -1698.5 0

-966.5 2165 -1698.5 0
-953.5 2165 -1698.5 0

-966.5 1732 -1698.5 0
-953.5 1732 -1698.5 0

-953.5 2165 1698.5 0
-953.5 1732 1698.5 0

-966.5 2165 1698.5 0
-966.5 1732 1698.5 0

-953.5 2165 1698.5 0
-966.5 2165 1698.5 0

-953.5 1732 1698.5 0
-966.5 1732 1698.5 0

-953.5 2165 -1698.5 0
-953.5 1732 -1698.5 0

-953.5 2165 1698.5 0
-953.5 1732 1698.5 0

-953.5 2165 -1698.5 0
-953.5 2165 1698.5 0

-953.5 1732 -1698.5 0
-953.5 1732 1698.5 0

-966.5 2165 1698.5 0
-966.5 1732 1698.5 0

-966.5 2165 -1698.5 0
-966.5 1732 -1698.5 0

-966.5 2165 1698.5 0
-966.5 2165 -1698.5 0

-966.5 1732 1698.5 0
-966.5 1732 -1698.5 0

-966.5 2165 -1698.5 0
-953.5 2165 -1698.5 0

-966.5 2165 1698.5 0
-953.5 2165 1698.5 0

-966.5 2165 -1698.5 0
-966.5 2165 1698.5 0

-953.5 2165 -1698.5 0
-953.5 2165 1698.5 0

-966.5 1732 1698.5 0
-953.5 1732 1698.5 0

-966.5 1732 -1698.5 0
-953.5 1732 -1698.5 0

-966.5 1732 1698.5 0
-966.5 1732 -1698.5 0

-953.5 1732 1698.5 0
-953.5 1732 -1698.5 0

-966.5 1832 -1698.5 0
-966.5 1782 -1698.5 0

-966.5 1782 -1698.5 0
-966.5 1757 -1698.5 0
-966.5 1732 -1698.5 0

-966.5 1732 -1698.5 0

-953.5 1832 -1698.5 0
-953.5 1732 -1698.5 0

-966.5 1832 -1698.5 0
-953.5 1832 -1698.5 0

-966.5 1732 -1698.5 0
-953.5 1732 -1698.5 0

-953.5 1832 1698.5 0
-953.5 1732 1698.5 0

-966.5 1832 1698.5 0
-966.5 1732 1698.5 0

-953.5 1832 1698.5 0
-966.5 1832 1698.5 0

-953.5 1732 1698.5 0
-966.5 1732 1698.5 0

-953.5 1832 -1698.5 0
-953.5 1732 -1698.5 0

-953.5 1832 1698.5 0
-953.5 1732 1698.5 0

-953.5 1832 -1698.5 0
-953.5 1832 1698.5 0

-953.5 1732 -1698.5 0
-953.5 1732 1698.5 0

-966.5 1832 1698.5 0
-966.5 1732 1698.5 0

-966.5 1832 -1698.5 0
-966.5 1732 -1698.5 0

-966.5 1832 1698.5 0
-966.5 1832 -1698.5 0

-966.5 1732 1698.5 0
-966.5 1732 -1698.5 0

-966.5 1832 -1698.5 0
-953.5 1832 -1698.5 0

-966.5 1832 1698.5 0
-953.5 1832 1698.5 0

-966.5 1832 -1698.5 0
-966.5 1832 1698.5 0

-953.5 1832 -1698.5 0
-953.5 1832 1698.5 0

-966.5 1732 1698.5 0
-953.5 1732 1698.5 0

-966.5 1732 -1698.5 0
-953.5 1732 -1698.5 0

-966.5 1732 1698.5 0
-966.5 1732 -1698.5 0

-953.5 1732 1698.5 0
-953.5 1732 -1698.5 0

-966.5 1732 -1698.5 0
-966.5 1515.5 -1698.5 0

-966.5 1515.5 -1698.5 0
-966.5 1407.25 -1698.5 0
-966.5 1299 -1698.5 0

-966.5 1299 -1698.5 0

-953.5 1732 -1698.5 0
-953.5 1299 -1698.5 0

-966.5 1732 -1698.5 0
-953.5 1732 -1698.5 0

-966.5 1299 -1698.5 0
-953.5 1299 -1698.5 0

-953.5 1732 1698.5 0
-953.5 1299 1698.5 0

-966.5 1732 1698.5 0
-966.5 1299 1698.5 0

-953.5 1732 1698.5 0
-966.5 1732 1698.5 0

-953.5 1299 1698.5 0
-966.5 1299 1698.5 0

-953.5 1732 -1698.5 0
-953.5 1299 -1698.5 0

-953.5 1732 1698.5 0
-953.5 1299 1698.5 0

-953.5 1732 -1698.5 0
-953.5 1732 1698.5 0

-953.5 1299 -1698.5 0
-953.5 1299 1698.5 0

-966.5 1732 1698.5 0
-966.5 1299 1698.5 0

-966.5 1732 -1698.5 0
-966.5 1299 -1698.5 0

-966.5 1732 1698.5 0
-966.5 1732 -1698.5 0

-966.5 1299 1698.5 0
-966.5 1299 -1698.5 0

-966.5 1732 -1698.5 0
-953.5 1732 -1698.5 0

-966.5 1732 1698.5 0
-953.5 1732 1698.5 0

-966.5 1732 -1698.5 0
-966.5 1732 1698.5 0

-953.5 1732 -1698.5 0
-953.5 1732 1698.5 0

-966.5 1299 1698.5 0
-953.5 1299 1698.5 0

-966.5 1299 -1698.5 0
-953.5 1299 -1698.5 0

-966.5 1299 1698.5 0
-966.5 1299 -1698.5 0

-953.5 1299 1698.5 0
-953.5 1299 -1698.5 0

-966.5 1399 -1698.5 0
-966.5 1349 -1698.5 0

-966.5 1349 -1698.5 0
-966.5 1324 -1698.5 0
-966.5 1299 -1698.5 0

-966.5 1299 -1698.5 0

-953.5 1399 -1698.5 0
-953.5 1299 -1698.5 0

-966.5 1399 -1698.5 0
-953.5 1399 -1698.5 0

-966.5 1299 -1698.5 0
-953.5 1299 -1698.5 0

-953.5 1399 1698.5 0
-953.5 1299 1698.5 0

-966.5 1399 1698.5 0
-966.5 1299 1698.5 0

-953.5 1399 1698.5 0
-966.5 1399 1698.5 0

-953.5 1299 1698.5 0
-966.5 1299 1698.5 0

-953.5 1399 -1698.5 0
-953.5 1299 -1698.5 0

-953.5 1399 1698.5 0
-953.5 1299 1698.5 0

-953.5 1399 -1698.5 0
-953.5 1399 1698.5 0

-953.5 1299 -1698.5 0
-953.5 1299 1698.5 0

-966.5 1399 1698.5 0
-966.5 1299 1698.5 0

-966.5 1399 -1698.5 0
-966.5 1299 -1698.5 0

-966.5 1399 1698.5 0
-966.5 1399 -1698.5 0

-966.5 1299 1698.5 0
-966.5 1299 -1698.5 0

-966.5 1399 -1698.5 0
-953.5 1399 -1698.5 0

-966.5 1399 1698.5 0
-953.5 1399 1698.5 0

-966.5 1399 -1698.5 0
-966.5 1399 1698.5 0

-953.5 1399 -1698.5 0
-953.5 1399 1698.5 0

-966.5 1299 1698.5 0
-953.5 1299 1698.5 0

-966.5 1299 -1698.5 0
-953.5 1299 -1698.5 0

-966.5 1299 1698.5 0
-966.5 1299 -1698.5 0

-953.5 1299 1698.5 0
-953.5 1299 -1698.5 0

-966.5 1299 -1698.5 0
-966.5 1082.5 -1698.5 0

-966.5 1082.5 -1698.5 0
-966.5 974.25 -1698.5 0
-966.5 866 -1698.5 0

-966.5 866 -1698.5 0

-953.5 1299 -1698.5 0
-953.5 866 -1698.5 0

-966.5 1299 -1698.5 0
-953.5 1299 -1698.5 0

-966.5 866 -1698.5 0
-953.5 866 -1698.5 0

-953.5 1299 1698.5 0
-953.5 866 1698.5 0

-966.5 1299 1698.5 0
-966.5 866 1698.5 0

-953.5 1299 1698.5 0
-966.5 1299 1698.5 0

-953.5 866 1698.5 0
-966.5 866 1698.5 0

-953.5 1299 -1698.5 0
-953.5 866 -1698.5 0

-953.5 1299 1698.5 0
-953.5 866 1698.5 0

-953.5 1299 -1698.5 0
-953.5 1299 1698.5 0

-953.5 866 -1698.5 0
-953.5 866 1698.5 0

-966.5 1299 1698.5 0
-966.5 866 1698.5 0

-966.5 1299 -1698.5 0
-966.5 866 -1698.5 0

-966.5 1299 1698.5 0
-966.5 1299 -1698.5 0

-966.5 866 1698.5 0
-966.5 866 -1698.5 0

-966.5 1299 -1698.5 0
-953.5 1299 -1698.5 0

-966.5 1299 1698.5 0
-953.5 1299 1698.5 0

-966.5 1299 -1698.5 0
-966.5 1299 1698.5 0

-953.5 1299 -1698.5 0
-953.5 1299 1698.5 0

-966.5 866 1698.5 0
-953.5 866 1698.5 0

-966.5 866 -1698.5 0
-953.5 866 -1698.5 0

-966.5 866 1698.5 0
-966.5 866 -1698.5 0

-953.5 866 1698.5 0
-953.5 866 -1698.5 0

-966.5 966 -1698.5 0
-966.5 916 -1698.5 0

-966.5 916 -1698.5 0
-966.5 891 -1698.5 0
-966.5 866 -1698.5 0

-966.5 866 -1698.5 0

-953.5 966 -1698.5 0
-953.5 866 -1698.5 0

-966.5 966 -1698.5 0
-953.5 966 -1698.5 0

-966.5 866 -1698.5 0
-953.5 866 -1698.5 0

-953.5 966 1698.5 0
-953.5 866 1698.5 0

-966.5 966 1698.5 0
-966.5 866 1698.5 0

-953.5 966 1698.5 0
-966.5 966 1698.5 0

-953.5 866 1698.5 0
-966.5 866 1698.5 0

-953.5 966 -1698.5 0
-953.5 866 -1698.5 0

-953.5 966 1698.5 0
-953.5 866 1698.5 0

-953.5 966 -1698.5 0
-953.5 966 1698.5 0

-953.5 866 -1698.5 0
-953.5 866 1698.5 0

-966.5 966 1698.5 0
-966.5 866 1698.5 0

-966.5 966 -1698.5 0
-966.5 866 -1698.5 0

-966.5 966 1698.5 0
-966.5 966 -1698.5 0

-966.5 866 1698.5 0
-966.5 866 -1698.5 0

-966.5 966 -1698.5 0
-953.5 966 -1698.5 0

-966.5 966 1698.5 0
-953.5 966 1698.5 0

-966.5 966 -1698.5 0
-966.5 966 1698.5 0

-953.5 966 -1698.5 0
-953.5 966 1698.5 0

-966.5 866 1698.5 0
-953.5 866 1698.5 0

-966.5 866 -1698.5 0
-953.5 866 -1698.5 0

-966.5 866 1698.5 0
-966.5 866 -1698.5 0

-953.5 866 1698.5 0
-953.5 866 -1698.5 0

-966.5 866 -1698.5 0
-966.5 649.5 -1698.5 0

-966.5 649.5 -1698.5 0
-966.5 541.25 -1698.5 0
-966.5 433 -1698.5 0

-966.5 433 -1698.5 0

-953.5 866 -1698.5 0
-953.5 433 -1698.5 0

-966.5 866 -1698.5 0
-953.5 866 -1698.5 0

-966.5 433 -1698.5 0
-953.5 433 -1698.5 0

-953.5 866 1698.5 0
-953.5 433 1698.5 0

-966.5 866 1698.5 0
-966.5 433 1698.5 0

-953.5 866 1698.5 0
-966.5 866 1698.5 0

-953.5 433 1698.5 0
-966.5 433 1698.5 0

-953.5 866 -1698.5 0
-953.5 433 -1698.5 0

-953.5 866 1698.5 0
-953.5 433 1698.5 0

-953.5 866 -1698.5 0
-953.5 866 1698.5 0

-953.5 433 -1698.5 0
-953.5 433 1698.5 0

-966.5 866 1698.5 0
-966.5 433 1698.5 0

-966.5 866 -1698.5 0
-966.5 433 -1698.5 0

-966.5 866 1698.5 0
-966.5 866 -1698.5 0

-966.5 433 1698.5 0
-966.5 433 -1698.5 0

-966.5 866 -1698.5 0
-953.5 866 -1698.5 0

-966.5 866 1698.5 0
-953.5 866 1698.5 0

-966.5 866 -1698.5 0
-966.5 866 1698.5 0

-953.5 866 -1698.5 0
-953.5 866 1698.5 0

-966.5 433 1698.5 0
-953.5 433 1698.5 0

-966.5 433 -1698.5 0
-953.5 433 -1698.5 0

-966.5 433 1698.5 0
-966.5 433 -1698.5 0

-953.5 433 1698.5 0
-953.5 433 -1698.5 0

-966.5 533 -1698.5 0
-966.5 483 -1698.5 0

-966.5 483 -1698.5 0
-966.5 458 -1698.5 0
-966.5 433 -1698.5 0

-966.5 433 -1698.5 0

-953.5 533 -1698.5 0
-953.5 433 -1698.5 0

-966.5 533 -1698.5 0
-953.5 533 -1698.5 0

-966.5 433 -1698.5 0
-953.5 433 -1698.5 0

-953.5 533 1698.5 0
-953.5 433 1698.5 0

-966.5 533 1698.5 0
-966.5 433 1698.5 0

-953.5 533 1698.5 0
-966.5 533 1698.5 0

-953.5 433 1698.5 0
-966.5 433 1698.5 0

-953.5 533 -1698.5 0
-953.5 433 -1698.5 0

-953.5 533 1698.5 0
-953.5 433 1698.5 0

-953.5 533 -1698.5 0
-953.5 533 1698.5 0

-953.5 433 -1698.5 0
-953.5 433 1698.5 0

-966.5 533 1698.5 0
-966.5 433 1698.5 0

-966.5 533 -1698.5 0
-966.5 433 -1698.5 0

-966.5 533 1698.5 0
-966.5 533 -1698.5 0

-966.5 433 1698.5 0
-966.5 433 -1698.5 0

-966.5 533 -1698.5 0
-953.5 533 -1698.5 0

-966.5 533 1698.5 0
-953.5 533 1698.5 0

-966.5 533 -1698.5 0
-966.5 533 1698.5 0

-953.5 533 -1698.5 0
-953.5 533 1698.5 0

-966.5 433 1698.5 0
-953.5 433 1698.5 0

-966.5 433 -1698.5 0
-953.5 433 -1698.5 0

-966.5 433 1698.5 0
-966.5 433 -1698.5 0

-953.5 433 1698.5 0
-953.5 433 -1698.5 0

-966.5 433 -1698.5 0
-966.5 216.5 -1698.5 0

-966.5 216.5 -1698.5 0
-966.5 108.25 -1698.5 0
-966.5 0 -1698.5 0

-966.5 0 -1698.5 0

-953.5 433 -1698.5 0
-953.5 0 -1698.5 0

-966.5 433 -1698.5 0
-953.5 433 -1698.5 0

-966.5 0 -1698.5 0
-953.5 0 -1698.5 0

-953.5 433 1698.5 0
-953.5 0 1698.5 0

-966.5 433 1698.5 0
-966.5 0 1698.5 0

-953.5 433 1698.5 0
-966.5 433 1698.5 0

-953.5 0 1698.5 0
-966.5 0 1698.5 0

-953.5 433 -1698.5 0
-953.5 0 -1698.5 0

-953.5 433 1698.5 0
-953.5 0 1698.5 0

-953.5 433 -1698.5 0
-953.5 433 1698.5 0

-953.5 0 -1698.5 0
-953.5 0 1698.5 0

-966.5 433 1698.5 0
-966.5 0 1698.5 0

-966.5 433 -1698.5 0
-966.5 0 -1698.5 0

-966.5 433 1698.5 0
-966.5 433 -1698.5 0

-966.5 0 1698.5 0
-966.5 0 -1698.5 0

-966.5 433 -1698.5 0
-953.5 433 -1698.5 0

-966.5 433 1698.5 0
-953.5 433 1698.5 0

-966.5 433 -1698.5 0
-966.5 433 1698.5 0

-953.5 433 -1698.5 0
-953.5 433 1698.5 0

-966.5 0 1698.5 0
-953.5 0 1698.5 0

-966.5 0 -1698.5 0
-953.5 0 -1698.5 0

-966.5 0 1698.5 0
-966.5 0 -1698.5 0

-953.5 0 1698.5 0
-953.5 0 -1698.5 0

-966.5 100 -1698.5 0
-966.5 50 -1698.5 0

-966.5 50 -1698.5 0
-966.5 25 -1698.5 0
-966.5 0 -1698.5 0

-966.5 0 -1698.5 0

-953.5 100 -1698.5 0
-953.5 0 -1698.5 0

-966.5 100 -1698.5 0
-953.5 100 -1698.5 0

-966.5 0 -1698.5 0
-953.5 0 -1698.5 0

-953.5 100 1698.5 0
-953.5 0 1698.5 0

-966.5 100 1698.5 0
-966.5 0 1698.5 0

-953.5 100 1698.5 0
-966.5 100 1698.5 0

-953.5 0 1698.5 0
-966.5 0 1698.5 0

-953.5 100 -1698.5 0
-953.5 0 -1698.5 0

-953.5 100 1698.5 0
-953.5 0 1698.5 0

-953.5 100 -1698.5 0
-953.5 100 1698.5 0

-953.5 0 -1698.5 0
-953.5 0 1698.5 0

-966.5 100 1698.5 0
-966.5 0 1698.5 0

-966.5 100 -1698.5 0
-966.5 0 -1698.5 0

-966.5 100 1698.5 0
-966.5 100 -1698.5 0

-966.5 0 1698.5 0
-966.5 0 -1698.5 0

-966.5 100 -1698.5 0
-953.5 100 -1698.5 0

-966.5 100 1698.5 0
-953.5 100 1698.5 0

-966.5 100 -1698.5 0
-966.5 100 1698.5 0

-953.5 100 -1698.5 0
-953.5 100 1698.5 0

-966.5 0 1698.5 0
-953.5 0 1698.5 0

-966.5 0 -1698.5 0
-953.5 0 -1698.5 0

-966.5 0 1698.5 0
-966.5 0 -1698.5 0

-953.5 0 1698.5 0
-953.5 0 -1698.5 0

-966.5 0 -1698.5 0
-966.5 -216.5 -1698.5 0

-966.5 -216.5 -1698.5 0
-966.5 -324.75 -1698.5 0
-966.5 -433 -1698.5 0

-966.5 -433 -1698.5 0

-953.5 0 -1698.5 0
-953.5 -433 -1698.5 0

-966.5 0 -1698.5 0
-953.5 0 -1698.5 0

-966.5 -433 -1698.5 0
-953.5 -433 -1698.5 0

-953.5 0 1698.5 0
-953.5 -433 1698.5 0

-966.5 0 1698.5 0
-966.5 -433 1698.5 0

-953.5 0 1698.5 0
-966.5 0 1698.5 0

-953.5 -433 1698.5 0
-966.5 -433 1698.5 0

-953.5 0 -1698.5 0
-953.5 -433 -1698.5 0

-953.5 0 1698.5 0
-953.5 -433 1698.5 0

-953.5 0 -1698.5 0
-953.5 0 1698.5 0

-953.5 -433 -1698.5 0
-953.5 -433 1698.5 0

-966.5 0 1698.5 0
-966.5 -433 1698.5 0

-966.5 0 -1698.5 0
-966.5 -433 -1698.5 0

-966.5 0 1698.5 0
-966.5 0 -1698.5 0

-966.5 -433 1698.5 0
-966.5 -433 -1698.5 0

-966.5 0 -1698.5 0
-953.5 0 -1698.5 0

-966.5 0 1698.5 0
-953.5 0 1698.5 0

-966.5 0 -1698.5 0
-966.5 0 1698.5 0

-953.5 0 -1698.5 0
-953.5 0 1698.5 0

-966.5 -433 1698.5 0
-953.5 -433 1698.5 0

-966.5 -433 -1698.5 0
-953.5 -433 -1698.5 0

-966.5 -433 1698.5 0
-966.5 -433 -1698.5 0

-953.5 -433 1698.5 0
-953.5 -433 -1698.5 0

-966.5 -333 -1698.5 0
-966.5 -383 -1698.5 0

-966.5 -383 -1698.5 0
-966.5 -408 -1698.5 0
-966.5 -433 -1698.5 0

-966.5 -433 -1698.5 0

-953.5 -333 -1698.5 0
-953.5 -433 -1698.5 0

-966.5 -333 -1698.5 0
-953.5 -333 -1698.5 0

-966.5 -433 -1698.5 0
-953.5 -433 -1698.5 0

-953.5 -333 1698.5 0
-953.5 -433 1698.5 0

-966.5 -333 1698.5 0
-966.5 -433 1698.5 0

-953.5 -333 1698.5 0
-966.5 -333 1698.5 0

-953.5 -433 1698.5 0
-966.5 -433 1698.5 0

-953.5 -333 -1698.5 0
-953.5 -433 -1698.5 0

-953.5 -333 1698.5 0
-953.5 -433 1698.5 0

-953.5 -333 -1698.5 0
-953.5 -333 1698.5 0

-953.5 -433 -1698.5 0
-953.5 -433 1698.5 0

-966.5 -333 1698.5 0
-966.5 -433 1698.5 0

-966.5 -333 -1698.5 0
-966.5 -433 -1698.5 0

-966.5 -333 1698.5 0
-966.5 -333 -1698.5 0

-966.5 -433 1698.5 0
-966.5 -433 -1698.5 0

-966.5 -333 -1698.5 0
-953.5 -333 -1698.5 0

-966.5 -333 1698.5 0
-953.5 -333 1698.5 0

-966.5 -333 -1698.5 0
-966.5 -333 1698.5 0

-953.5 -333 -1698.5 0
-953.5 -333 1698.5 0

-966.5 -433 1698.5 0
-953.5 -433 1698.5 0

-966.5 -433 -1698.5 0
-953.5 -433 -1698.5 0

-966.5 -433 1698.5 0
-966.5 -433 -1698.5 0

-953.5 -433 1698.5 0
-953.5 -433 -1698.5 0

-966.5 -433 -1698.5 0
-966.5 -649.5 -1698.5 0

-966.5 -649.5 -1698.5 0
-966.5 -757.75 -1698.5 0
-966.5 -866 -1698.5 0

-966.5 -866 -1698.5 0

-953.5 -433 -1698.5 0
-953.5 -866 -1698.5 0

-966.5 -433 -1698.5 0
-953.5 -433 -1698.5 0

-966.5 -866 -1698.5 0
-953.5 -866 -1698.5 0

-953.5 -433 1698.5 0
-953.5 -866 1698.5 0

-966.5 -433 1698.5 0
-966.5 -866 1698.5 0

-953.5 -433 1698.5 0
-966.5 -433 1698.5 0

-953.5 -866 1698.5 0
-966.5 -866 1698.5 0

-953.5 -433 -1698.5 0
-953.5 -866 -1698.5 0

-953.5 -433 1698.5 0
-953.5 -866 1698.5 0

-953.5 -433 -1698.5 0
-953.5 -433 1698.5 0

-953.5 -866 -1698.5 0
-953.5 -866 1698.5 0

-966.5 -433 1698.5 0
-966.5 -866 1698.5 0

-966.5 -433 -1698.5 0
-966.5 -866 -1698.5 0

-966.5 -433 1698.5 0
-966.5 -433 -1698.5 0

-966.5 -866 1698.5 0
-966.5 -866 -1698.5 0

-966.5 -433 -1698.5 0
-953.5 -433 -1698.5 0

-966.5 -433 1698.5 0
-953.5 -433 1698.5 0

-966.5 -433 -1698.5 0
-966.5 -433 1698.5 0

-953.5 -433 -1698.5 0
-953.5 -433 1698.5 0

-966.5 -866 1698.5 0
-953.5 -866 1698.5 0

-966.5 -866 -1698.5 0
-953.5 -866 -1698.5 0

-966.5 -866 1698.5 0
-966.5 -866 -1698.5 0

-953.5 -866 1698.5 0
-953.5 -866 -1698.5 0

-966.5 -766 -1698.5 0
-966.5 -816 -1698.5 0

-966.5 -816 -1698.5 0
-966.5 -841 -1698.5 0
-966.5 -866 -1698.5 0

-966.5 -866 -1698.5 0

-953.5 -766 -1698.5 0
-953.5 -866 -1698.5 0

-966.5 -766 -1698.5 0
-953.5 -766 -1698.5 0

-966.5 -866 -1698.5 0
-953.5 -866 -1698.5 0

-953.5 -766 1698.5 0
-953.5 -866 1698.5 0

-966.5 -766 1698.5 0
-966.5 -866 1698.5 0

-953.5 -766 1698.5 0
-966.5 -766 1698.5 0

-953.5 -866 1698.5 0
-966.5 -866 1698.5 0

-953.5 -766 -1698.5 0
-953.5 -866 -1698.5 0

-953.5 -766 1698.5 0
-953.5 -866 1698.5 0

-953.5 -766 -1698.5 0
-953.5 -766 1698.5 0

-953.5 -866 -1698.5 0
-953.5 -866 1698.5 0

-966.5 -766 1698.5 0
-966.5 -866 1698.5 0

-966.5 -766 -1698.5 0
-966.5 -866 -1698.5 0

-966.5 -766 1698.5 0
-966.5 -766 -1698.5 0

-966.5 -866 1698.5 0
-966.5 -866 -1698.5 0

-966.5 -766 -1698.5 0
-953.5 -766 -1698.5 0

-966.5 -766 1698.5 0
-953.5 -766 1698.5 0

-966.5 -766 -1698.5 0
-966.5 -766 1698.5 0

-953.5 -766 -1698.5 0
-953.5 -766 1698.5 0

-966.5 -866 1698.5 0
-953.5 -866 1698.5 0

-966.5 -866 -1698.5 0
-953.5 -866 -1698.5 0

-966.5 -866 1698.5 0
-966.5 -866 -1698.5 0

-953.5 -866 1698.5 0
-953.5 -866 -1698.5 0

-966.5 -866 -1698.5 0
-966.5 -1082.5 -1698.5 0

-966.5 -1082.5 -1698.5 0
-966.5 -1190.75 -1698.5 0
-966.5 -1299 -1698.5 0

-966.5 -1299 -1698.5 0

-953.5 -866 -1698.5 0
-953.5 -1299 -1698.5 0

-966.5 -866 -1698.5 0
-953.5 -866 -1698.5 0

-966.5 -1299 -1698.5 0
-953.5 -1299 -1698.5 0

-953.5 -866 1698.5 0
-953.5 -1299 1698.5 0

-966.5 -866 1698.5 0
-966.5 -1299 1698.5 0

-953.5 -866 1698.5 0
-966.5 -866 1698.5 0

-953.5 -1299 1698.5 0
-966.5 -1299 1698.5 0

-953.5 -866 -1698.5 0
-953.5 -1299 -1698.5 0

-953.5 -866 1698.5 0
-953.5 -1299 1698.5 0

-953.5 -866 -1698.5 0
-953.5 -866 1698.5 0

-953.5 -1299 -1698.5 0
-953.5 -1299 1698.5 0

-966.5 -866 1698.5 0
-966.5 -1299 1698.5 0

-966.5 -866 -1698.5 0
-966.5 -1299 -1698.5 0

-966.5 -866 1698.5 0
-966.5 -866 -1698.5 0

-966.5 -1299 1698.5 0
-966.5 -1299 -1698.5 0

-966.5 -866 -1698.5 0
-953.5 -866 -1698.5 0

-966.5 -866 1698.5 0
-953.5 -866 1698.5 0

-966.5 -866 -1698.5 0
-966.5 -866 1698.5 0

-953.5 -866 -1698.5 0
-953.5 -866 1698.5 0

-966.5 -1299 1698.5 0
-953.5 -1299 1698.5 0

-966.5 -1299 -1698.5 0
-953.5 -1299 -1698.5 0

-966.5 -1299 1698.5 0
-966.5 -1299 -1698.5 0

-953.5 -1299 1698.5 0
-953.5 -1299 -1698.5 0

-966.5 -1199 -1698.5 0
-966.5 -1249 -1698.5 0

-966.5 -1249 -1698.5 0
-966.5 -1274 -1698.5 0
-966.5 -1299 -1698.5 0

-966.5 -1299 -1698.5 0

-953.5 -1199 -1698.5 0
-953.5 -1299 -1698.5 0

-966.5 -1199 -1698.5 0
-953.5 -1199 -1698.5 0

-966.5 -1299 -1698.5 0
-953.5 -1299 -1698.5 0

-953.5 -1199 1698.5 0
-953.5 -1299 1698.5 0

-966.5 -1199 1698.5 0
-966.5 -1299 1698.5 0

-953.5 -1199 1698.5 0
-966.5 -1199 1698.5 0

-953.5 -1299 1698.5 0
-966.5 -1299 1698.5 0

-953.5 -1199 -1698.5 0
-953.5 -1299 -1698.5 0

-953.5 -1199 1698.5 0
-953.5 -1299 1698.5 0

-953.5 -1199 -1698.5 0
-953.5 -1199 1698.5 0

-953.5 -1299 -1698.5 0
-953.5 -1299 1698.5 0

-966.5 -1199 1698.5 0
-966.5 -1299 1698.5 0

-966.5 -1199 -1698.5 0
-966.5 -1299 -1698.5 0

-966.5 -1199 1698.5 0
-966.5 -1199 -1698.5 0

-966.5 -1299 1698.5 0
-966.5 -1299 -1698.5 0

-966.5 -1199 -1698.5 0
-953.5 -1199 -1698.5 0

-966.5 -1199 1698.5 0
-953.5 -1199 1698.5 0

-966.5 -1199 -1698.5 0
-966.5 -1199 1698.5 0

-953.5 -1199 -1698.5 0
-953.5 -1199 1698.5 0

-966.5 -1299 1698.5 0
-953.5 -1299 1698.5 0

-966.5 -1299 -1698.5 0
-953.5 -1299 -1698.5 0

-966.5 -1299 1698.5 0
-966.5 -1299 -1698.5 0

-953.5 -1299 1698.5 0
-953.5 -1299 -1698.5 0

-966.5 -1299 -1698.5 0
-966.5 -1515.5 -1698.5 0

-966.5 -1515.5 -1698.5 0
-966.5 -1623.75 -1698.5 0
-966.5 -1732 -1698.5 0

-966.5 -1732 -1698.5 0

-953.5 -1299 -1698.5 0
-953.5 -1732 -1698.5 0

-966.5 -1299 -1698.5 0
-953.5 -1299 -1698.5 0

-966.5 -1732 -1698.5 0
-953.5 -1732 -1698.5 0

-953.5 -1299 1698.5 0
-953.5 -1732 1698.5 0

-966.5 -1299 1698.5 0
-966.5 -1732 1698.5 0

-953.5 -1299 1698.5 0
-966.5 -1299 1698.5 0

-953.5 -1732 1698.5 0
-966.5 -1732 1698.5 0

-953.5 -1299 -1698.5 0
-953.5 -1732 -1698.5 0

-953.5 -1299 1698.5 0
-953.5 -1732 1698.5 0

-953.5 -1299 -1698.5 0
-953.5 -1299 1698.5 0

-953.5 -1732 -1698.5 0
-953.5 -1732 1698.5 0

-966.5 -1299 1698.5 0
-966.5 -1732 1698.5 0

-966.5 -1299 -1698.5 0
-966.5 -1732 -1698.5 0

-966.5 -1299 1698.5 0
-966.5 -1299 -1698.5 0

-966.5 -1732 1698.5 0
-966.5 -1732 -1698.5 0

-966.5 -1299 -1698.5 0
-953.5 -1299 -1698.5 0

-966.5 -1299 1698.5 0
-953.5 -1299 1698.5 0

-966.5 -1299 -1698.5 0
-966.5 -1299 1698.5 0

-953.5 -1299 -1698.5 0
-953.5 -1299 1698.5 0

-966.5 -1732 1698.5 0
-953.5 -1732 1698.5 0

-966.5 -1732 -1698.5 0
-953.5 -1732 -1698.5 0

-966.5 -1732 1698.5 0
-966.5 -1732 -1698.5 0

-953.5 -1732 1698.5 0
-953.5 -1732 -1698.5 0

-966.5 -1632 -1698.5 0
-966.5 -1682 -1698.5 0

-966.5 -1682 -1698.5 0
-966.5 -1707 -1698.5 0
-966.5 -1732 -1698.5 0

-966.5 -1732 -1698.5 0

-953.5 -1632 -1698.5 0
-953.5 -1732 -1698.5 0

-966.5 -1632 -1698.5 0
-953.5 -1632 -1698.5 0

-966.5 -1732 -1698.5 0
-953.5 -1732 -1698.5 0

-953.5 -1632 1698.5 0
-953.5 -1732 1698.5 0

-966.5 -1632 1698.5 0
-966.5 -1732 1698.5 0

-953.5 -1632 1698.5 0
-966.5 -1632 1698.5 0

-953.5 -1732 1698.5 0
-966.5 -1732 1698.5 0

-953.5 -1632 -1698.5 0
-953.5 -1732 -1698.5 0

-953.5 -1632 1698.5 0
-953.5 -1732 1698.5 0

-953.5 -1632 -1698.5 0
-953.5 -1632 1698.5 0

-953.5 -1732 -1698.5 0
-953.5 -1732 1698.5 0

-966.5 -1632 1698.5 0
-966.5 -1732 1698.5 0

-966.5 -1632 -1698.5 0
-966.5 -1732 -1698.5 0

-966.5 -1632 1698.5 0
-966.5 -1632 -1698.5 0

-966.5 -1732 1698.5 0
-966.5 -1732 -1698.5 0

-966.5 -1632 -1698.5 0
-953.5 -1632 -1698.5 0

-966.5 -1632 1698.5 0
-953.5 -1632 1698.5 0

-966.5 -1632 -1698.5 0
-966.5 -1632 1698.5 0

-953.5 -1632 -1698.5 0
-953.5 -1632 1698.5 0

-966.5 -1732 1698.5 0
-953.5 -1732 1698.5 0

-966.5 -1732 -1698.5 0
-953.5 -1732 -1698.5 0

-966.5 -1732 1698.5 0
-966.5 -1732 -1698.5 0

-953.5 -1732 1698.5 0
-953.5 -1732 -1698.5 0

-966.5 -1732 -1698.5 0
-966.5 -1948.5 -1698.5 0

-966.5 -1948.5 -1698.5 0
-966.5 -2056.75 -1698.5 0
-966.5 -2165 -1698.5 0

-966.5 -2165 -1698.5 0

-953.5 -1732 -1698.5 0
-953.5 -2165 -1698.5 0

-966.5 -1732 -1698.5 0
-953.5 -1732 -1698.5 0

-966.5 -2165 -1698.5 0
-953.5 -2165 -1698.5 0

-953.5 -1732 1698.5 0
-953.5 -2165 1698.5 0

-966.5 -1732 1698.5 0
-966.5 -2165 1698.5 0

-953.5 -1732 1698.5 0
-966.5 -1732 1698.5 0

-953.5 -2165 1698.5 0
-966.5 -2165 1698.5 0

-953.5 -1732 -1698.5 0
-953.5 -2165 -1698.5 0

-953.5 -1732 1698.5 0
-953.5 -2165 1698.5 0

-953.5 -1732 -1698.5 0
-953.5 -1732 1698.5 0

-953.5 -2165 -1698.5 0
-953.5 -2165 1698.5 0

-966.5 -1732 1698.5 0
-966.5 -2165 1698.5 0

-966.5 -1732 -1698.5 0
-966.5 -2165 -1698.5 0

-966.5 -1732 1698.5 0
-966.5 -1732 -1698.5 0

-966.5 -2165 1698.5 0
-966.5 -2165 -1698.5 0

-966.5 -1732 -1698.5 0
-953.5 -1732 -1698.5 0

-966.5 -1732 1698.5 0
-953.5 -1732 1698.5 0

-966.5 -1732 -1698.5 0
-966.5 -1732 1698.5 0

-953.5 -1732 -1698.5 0
-953.5 -1732 1698.5 0

-966.5 -2165 1698.5 0
-953.5 -2165 1698.5 0

-966.5 -2165 -1698.5 0
-953.5 -2165 -1698.5 0

-966.5 -2165 1698.5 0
-966.5 -2165 -1698.5 0

-953.5 -2165 1698.5 0
-953.5 -2165 -1698.5 0

-966.5 -2065 -1698.5 0
-966.5 -2115 -1698.5 0

-966.5 -2115 -1698.5 0
-966.5 -2140 -1698.5 0
-966.5 -2165 -1698.5 0

-966.5 -2165 -1698.5 0

-953.5 -2065 -1698.5 0
-953.5 -2165 -1698.5 0

-966.5 -2065 -1698.5 0
-953.5 -2065 -1698.5 0

-966.5 -2165 -1698.5 0
-953.5 -2165 -1698.5 0

-953.5 -2065 1698.5 0
-953.5 -2165 1698.5 0

-966.5 -2065 1698.5 0
-966.5 -2165 1698.5 0

-953.5 -2065 1698.5 0
-966.5 -2065 1698.5 0

-953.5 -2165 1698.5 0
-966.5 -2165 1698.5 0

-953.5 -2065 -1698.5 0
-953.5 -2165 -1698.5 0

-953.5 -2065 1698.5 0
-953.5 -2165 1698.5 0

-953.5 -2065 -1698.5 0
-953.5 -2065 1698.5 0

-953.5 -2165 -1698.5 0
-953.5 -2165 1698.5 0

-966.5 -2065 1698.5 0
-966.5 -2165 1698.5 0

-966.5 -2065 -1698.5 0
-966.5 -2165 -1698.5 0

-966.5 -2065 1698.5 0
-966.5 -2065 -1698.5 0

-966.5 -2165 1698.5 0
-966.5 -2165 -1698.5 0

-966.5 -2065 -1698.5 0
-953.5 -2065 -1698.5 0

-966.5 -2065 1698.5 0
-953.5 -2065 1698.5 0

-966.5 -2065 -1698.5 0
-966.5 -2065 1698.5 0

-953.5 -2065 -1698.5 0
-953.5 -2065 1698.5 0

-966.5 -2165 1698.5 0
-953.5 -2165 1698.5 0

-966.5 -2165 -1698.5 0
-953.5 -2165 -1698.5 0

-966.5 -2165 1698.5 0
-966.5 -2165 -1698.5 0

-953.5 -2165 1698.5 0
-953.5 -2165 -1698.5 0

-966.5 -2165 -1698.5 0
-966.5 -2381.5 -1698.5 0

-966.5 -2381.5 -1698.5 0
-966.5 -2489.75 -1698.5 0
-966.5 -2598 -1698.5 0

-966.5 -2598 -1698.5 0

-953.5 -2165 -1698.5 0
-953.5 -2598 -1698.5 0

-966.5 -2165 -1698.5 0
-953.5 -2165 -1698.5 0

-966.5 -2598 -1698.5 0
-953.5 -2598 -1698.5 0

-953.5 -2165 1698.5 0
-953.5 -2598 1698.5 0

-966.5 -2165 1698.5 0
-966.5 -2598 1698.5 0

-953.5 -2165 1698.5 0
-966.5 -2165 1698.5 0

-953.5 -2598 1698.5 0
-966.5 -2598 1698.5 0

-953.5 -2165 -1698.5 0
-953.5 -2598 -1698.5 0

-953.5 -2165 1698.5 0
-953.5 -2598 1698.5 0

-953.5 -2165 -1698.5 0
-953.5 -2165 1698.5 0

-953.5 -2598 -1698.5 0
-953.5 -2598 1698.5 0

-966.5 -2165 1698.5 0
-966.5 -2598 1698.5 0

-966.5 -2165 -1698.5 0
-966.5 -2598 -1698.5 0

-966.5 -2165 1698.5 0
-966.5 -2165 -1698.5 0

-966.5 -2598 1698.5 0
-966.5 -2598 -1698.5 0

-966.5 -2165 -1698.5 0
-953.5 -2165 -1698.5 0

-966.5 -2165 1698.5 0
-953.5 -2165 1698.5 0

-966.5 -2165 -1698.5 0
-966.5 -2165 1698.5 0

-953.5 -2165 -1698.5 0
-953.5 -2165 1698.5 0

-966.5 -2598 1698.5 0
-953.5 -2598 1698.5 0

-966.5 -2598 -1698.5 0
-953.5 -2598 -1698.5 0

-966.5 -2598 1698.5 0
-966.5 -2598 -1698.5 0

-953.5 -2598 1698.5 0
-953.5 -2598 -1698.5 0

-966.5 -2498 -1698.5 0
-966.5 -2548 -1698.5 0

-966.5 -2548 -1698.5 0
-966.5 -2573 -1698.5 0
-966.5 -2598 -1698.5 0

-966.5 -2598 -1698.5 0

-953.5 -2498 -1698.5 0
-953.5 -2598 -1698.5 0

-966.5 -2498 -1698.5 0
-953.5 -2498 -1698.5 0

-966.5 -2598 -1698.5 0
-953.5 -2598 -1698.5 0

-953.5 -2498 1698.5 0
-953.5 -2598 1698.5 0

-966.5 -2498 1698.5 0
-966.5 -2598 1698.5 0

-953.5 -2498 1698.5 0
-966.5 -2498 1698.5 0

-953.5 -2598 1698.5 0
-966.5 -2598 1698.5 0

-953.5 -2498 -1698.5 0
-953.5 -2598 -1698.5 0

-953.5 -2498 1698.5 0
-953.5 -2598 1698.5 0

-953.5 -2498 -1698.5 0
-953.5 -2498 1698.5 0

-953.5 -2598 -1698.5 0
-953.5 -2598 1698.5 0

-966.5 -2498 1698.5 0
-966.5 -2598 1698.5 0

-966.5 -2498 -1698.5 0
-966.5 -2598 -1698.5 0

-966.5 -2498 1698.5 0
-966.5 -2498 -1698.5 0

-966.5 -2598 1698.5 0
-966.5 -2598 -1698.5 0

-966.5 -2498 -1698.5 0
-953.5 -2498 -1698.5 0

-966.5 -2498 1698.5 0
-953.5 -2498 1698.5 0

-966.5 -2498 -1698.5 0
-966.5 -2498 1698.5 0

-953.5 -2498 -1698.5 0
-953.5 -2498 1698.5 0

-966.5 -2598 1698.5 0
-953.5 -2598 1698.5 0

-966.5 -2598 -1698.5 0
-953.5 -2598 -1698.5 0

-966.5 -2598 1698.5 0
-966.5 -2598 -1698.5 0

-953.5 -2598 1698.5 0
-953.5 -2598 -1698.5 0

# end of label='grey'
