# Temporary file generated by the 'geomtools::gnuplot_drawer'
# class for visualization.
# label='green'
-1730 2599 2908 0
-1640 2599 2908 0

-1640 2599 2908 0
-1595 2599 2908 0
-1550 2599 2908 0

-1550 2599 2908 0

-1730 2617 2908 0
-1550 2617 2908 0

-1730 2599 2908 0
-1730 2617 2908 0

-1550 2599 2908 0
-1550 2617 2908 0

-1730 2617 3368 0
-1550 2617 3368 0

-1730 2599 3368 0
-1550 2599 3368 0

-1730 2617 3368 0
-1730 2599 3368 0

-1550 2617 3368 0
-1550 2599 3368 0

-1730 2617 2908 0
-1550 2617 2908 0

-1730 2617 3368 0
-1550 2617 3368 0

-1730 2617 2908 0
-1730 2617 3368 0

-1550 2617 2908 0
-1550 2617 3368 0

-1730 2599 3368 0
-1550 2599 3368 0

-1730 2599 2908 0
-1550 2599 2908 0

-1730 2599 3368 0
-1730 2599 2908 0

-1550 2599 3368 0
-1550 2599 2908 0

-1730 2599 2908 0
-1730 2617 2908 0

-1730 2599 3368 0
-1730 2617 3368 0

-1730 2599 2908 0
-1730 2599 3368 0

-1730 2617 2908 0
-1730 2617 3368 0

-1550 2599 3368 0
-1550 2617 3368 0

-1550 2599 2908 0
-1550 2617 2908 0

-1550 2599 3368 0
-1550 2599 2908 0

-1550 2617 3368 0
-1550 2617 2908 0

-1730 2515.5 2888 0
-1640 2515.5 2888 0

-1640 2515.5 2888 0
-1595 2515.5 2888 0
-1550 2515.5 2888 0

-1550 2515.5 2888 0

-1730 2700.5 2888 0
-1550 2700.5 2888 0

-1730 2515.5 2888 0
-1730 2700.5 2888 0

-1550 2515.5 2888 0
-1550 2700.5 2888 0

-1730 2700.5 2908 0
-1550 2700.5 2908 0

-1730 2515.5 2908 0
-1550 2515.5 2908 0

-1730 2700.5 2908 0
-1730 2515.5 2908 0

-1550 2700.5 2908 0
-1550 2515.5 2908 0

-1730 2700.5 2888 0
-1550 2700.5 2888 0

-1730 2700.5 2908 0
-1550 2700.5 2908 0

-1730 2700.5 2888 0
-1730 2700.5 2908 0

-1550 2700.5 2888 0
-1550 2700.5 2908 0

-1730 2515.5 2908 0
-1550 2515.5 2908 0

-1730 2515.5 2888 0
-1550 2515.5 2888 0

-1730 2515.5 2908 0
-1730 2515.5 2888 0

-1550 2515.5 2908 0
-1550 2515.5 2888 0

-1730 2515.5 2888 0
-1730 2700.5 2888 0

-1730 2515.5 2908 0
-1730 2700.5 2908 0

-1730 2515.5 2888 0
-1730 2515.5 2908 0

-1730 2700.5 2888 0
-1730 2700.5 2908 0

-1550 2515.5 2908 0
-1550 2700.5 2908 0

-1550 2515.5 2888 0
-1550 2700.5 2888 0

-1550 2515.5 2908 0
-1550 2515.5 2888 0

-1550 2700.5 2908 0
-1550 2700.5 2888 0

-1730 2515.5 3368 0
-1640 2515.5 3368 0

-1640 2515.5 3368 0
-1595 2515.5 3368 0
-1550 2515.5 3368 0

-1550 2515.5 3368 0

-1730 2700.5 3368 0
-1550 2700.5 3368 0

-1730 2515.5 3368 0
-1730 2700.5 3368 0

-1550 2515.5 3368 0
-1550 2700.5 3368 0

-1730 2700.5 3388 0
-1550 2700.5 3388 0

-1730 2515.5 3388 0
-1550 2515.5 3388 0

-1730 2700.5 3388 0
-1730 2515.5 3388 0

-1550 2700.5 3388 0
-1550 2515.5 3388 0

-1730 2700.5 3368 0
-1550 2700.5 3368 0

-1730 2700.5 3388 0
-1550 2700.5 3388 0

-1730 2700.5 3368 0
-1730 2700.5 3388 0

-1550 2700.5 3368 0
-1550 2700.5 3388 0

-1730 2515.5 3388 0
-1550 2515.5 3388 0

-1730 2515.5 3368 0
-1550 2515.5 3368 0

-1730 2515.5 3388 0
-1730 2515.5 3368 0

-1550 2515.5 3388 0
-1550 2515.5 3368 0

-1730 2515.5 3368 0
-1730 2700.5 3368 0

-1730 2515.5 3388 0
-1730 2700.5 3388 0

-1730 2515.5 3368 0
-1730 2515.5 3388 0

-1730 2700.5 3368 0
-1730 2700.5 3388 0

-1550 2515.5 3388 0
-1550 2700.5 3388 0

-1550 2515.5 3368 0
-1550 2700.5 3368 0

-1550 2515.5 3388 0
-1550 2515.5 3368 0

-1550 2700.5 3388 0
-1550 2700.5 3368 0

-1730 -9 2908 0
-1640 -9 2908 0

-1640 -9 2908 0
-1595 -9 2908 0
-1550 -9 2908 0

-1550 -9 2908 0

-1730 9 2908 0
-1550 9 2908 0

-1730 -9 2908 0
-1730 9 2908 0

-1550 -9 2908 0
-1550 9 2908 0

-1730 9 3368 0
-1550 9 3368 0

-1730 -9 3368 0
-1550 -9 3368 0

-1730 9 3368 0
-1730 -9 3368 0

-1550 9 3368 0
-1550 -9 3368 0

-1730 9 2908 0
-1550 9 2908 0

-1730 9 3368 0
-1550 9 3368 0

-1730 9 2908 0
-1730 9 3368 0

-1550 9 2908 0
-1550 9 3368 0

-1730 -9 3368 0
-1550 -9 3368 0

-1730 -9 2908 0
-1550 -9 2908 0

-1730 -9 3368 0
-1730 -9 2908 0

-1550 -9 3368 0
-1550 -9 2908 0

-1730 -9 2908 0
-1730 9 2908 0

-1730 -9 3368 0
-1730 9 3368 0

-1730 -9 2908 0
-1730 -9 3368 0

-1730 9 2908 0
-1730 9 3368 0

-1550 -9 3368 0
-1550 9 3368 0

-1550 -9 2908 0
-1550 9 2908 0

-1550 -9 3368 0
-1550 -9 2908 0

-1550 9 3368 0
-1550 9 2908 0

-1730 -92.5 2888 0
-1640 -92.5 2888 0

-1640 -92.5 2888 0
-1595 -92.5 2888 0
-1550 -92.5 2888 0

-1550 -92.5 2888 0

-1730 92.5 2888 0
-1550 92.5 2888 0

-1730 -92.5 2888 0
-1730 92.5 2888 0

-1550 -92.5 2888 0
-1550 92.5 2888 0

-1730 92.5 2908 0
-1550 92.5 2908 0

-1730 -92.5 2908 0
-1550 -92.5 2908 0

-1730 92.5 2908 0
-1730 -92.5 2908 0

-1550 92.5 2908 0
-1550 -92.5 2908 0

-1730 92.5 2888 0
-1550 92.5 2888 0

-1730 92.5 2908 0
-1550 92.5 2908 0

-1730 92.5 2888 0
-1730 92.5 2908 0

-1550 92.5 2888 0
-1550 92.5 2908 0

-1730 -92.5 2908 0
-1550 -92.5 2908 0

-1730 -92.5 2888 0
-1550 -92.5 2888 0

-1730 -92.5 2908 0
-1730 -92.5 2888 0

-1550 -92.5 2908 0
-1550 -92.5 2888 0

-1730 -92.5 2888 0
-1730 92.5 2888 0

-1730 -92.5 2908 0
-1730 92.5 2908 0

-1730 -92.5 2888 0
-1730 -92.5 2908 0

-1730 92.5 2888 0
-1730 92.5 2908 0

-1550 -92.5 2908 0
-1550 92.5 2908 0

-1550 -92.5 2888 0
-1550 92.5 2888 0

-1550 -92.5 2908 0
-1550 -92.5 2888 0

-1550 92.5 2908 0
-1550 92.5 2888 0

-1730 -92.5 3368 0
-1640 -92.5 3368 0

-1640 -92.5 3368 0
-1595 -92.5 3368 0
-1550 -92.5 3368 0

-1550 -92.5 3368 0

-1730 92.5 3368 0
-1550 92.5 3368 0

-1730 -92.5 3368 0
-1730 92.5 3368 0

-1550 -92.5 3368 0
-1550 92.5 3368 0

-1730 92.5 3388 0
-1550 92.5 3388 0

-1730 -92.5 3388 0
-1550 -92.5 3388 0

-1730 92.5 3388 0
-1730 -92.5 3388 0

-1550 92.5 3388 0
-1550 -92.5 3388 0

-1730 92.5 3368 0
-1550 92.5 3368 0

-1730 92.5 3388 0
-1550 92.5 3388 0

-1730 92.5 3368 0
-1730 92.5 3388 0

-1550 92.5 3368 0
-1550 92.5 3388 0

-1730 -92.5 3388 0
-1550 -92.5 3388 0

-1730 -92.5 3368 0
-1550 -92.5 3368 0

-1730 -92.5 3388 0
-1730 -92.5 3368 0

-1550 -92.5 3388 0
-1550 -92.5 3368 0

-1730 -92.5 3368 0
-1730 92.5 3368 0

-1730 -92.5 3388 0
-1730 92.5 3388 0

-1730 -92.5 3368 0
-1730 -92.5 3388 0

-1730 92.5 3368 0
-1730 92.5 3388 0

-1550 -92.5 3388 0
-1550 92.5 3388 0

-1550 -92.5 3368 0
-1550 92.5 3368 0

-1550 -92.5 3388 0
-1550 -92.5 3368 0

-1550 92.5 3388 0
-1550 92.5 3368 0

-1730 -2617 2908 0
-1640 -2617 2908 0

-1640 -2617 2908 0
-1595 -2617 2908 0
-1550 -2617 2908 0

-1550 -2617 2908 0

-1730 -2599 2908 0
-1550 -2599 2908 0

-1730 -2617 2908 0
-1730 -2599 2908 0

-1550 -2617 2908 0
-1550 -2599 2908 0

-1730 -2599 3368 0
-1550 -2599 3368 0

-1730 -2617 3368 0
-1550 -2617 3368 0

-1730 -2599 3368 0
-1730 -2617 3368 0

-1550 -2599 3368 0
-1550 -2617 3368 0

-1730 -2599 2908 0
-1550 -2599 2908 0

-1730 -2599 3368 0
-1550 -2599 3368 0

-1730 -2599 2908 0
-1730 -2599 3368 0

-1550 -2599 2908 0
-1550 -2599 3368 0

-1730 -2617 3368 0
-1550 -2617 3368 0

-1730 -2617 2908 0
-1550 -2617 2908 0

-1730 -2617 3368 0
-1730 -2617 2908 0

-1550 -2617 3368 0
-1550 -2617 2908 0

-1730 -2617 2908 0
-1730 -2599 2908 0

-1730 -2617 3368 0
-1730 -2599 3368 0

-1730 -2617 2908 0
-1730 -2617 3368 0

-1730 -2599 2908 0
-1730 -2599 3368 0

-1550 -2617 3368 0
-1550 -2599 3368 0

-1550 -2617 2908 0
-1550 -2599 2908 0

-1550 -2617 3368 0
-1550 -2617 2908 0

-1550 -2599 3368 0
-1550 -2599 2908 0

-1730 -2700.5 2888 0
-1640 -2700.5 2888 0

-1640 -2700.5 2888 0
-1595 -2700.5 2888 0
-1550 -2700.5 2888 0

-1550 -2700.5 2888 0

-1730 -2515.5 2888 0
-1550 -2515.5 2888 0

-1730 -2700.5 2888 0
-1730 -2515.5 2888 0

-1550 -2700.5 2888 0
-1550 -2515.5 2888 0

-1730 -2515.5 2908 0
-1550 -2515.5 2908 0

-1730 -2700.5 2908 0
-1550 -2700.5 2908 0

-1730 -2515.5 2908 0
-1730 -2700.5 2908 0

-1550 -2515.5 2908 0
-1550 -2700.5 2908 0

-1730 -2515.5 2888 0
-1550 -2515.5 2888 0

-1730 -2515.5 2908 0
-1550 -2515.5 2908 0

-1730 -2515.5 2888 0
-1730 -2515.5 2908 0

-1550 -2515.5 2888 0
-1550 -2515.5 2908 0

-1730 -2700.5 2908 0
-1550 -2700.5 2908 0

-1730 -2700.5 2888 0
-1550 -2700.5 2888 0

-1730 -2700.5 2908 0
-1730 -2700.5 2888 0

-1550 -2700.5 2908 0
-1550 -2700.5 2888 0

-1730 -2700.5 2888 0
-1730 -2515.5 2888 0

-1730 -2700.5 2908 0
-1730 -2515.5 2908 0

-1730 -2700.5 2888 0
-1730 -2700.5 2908 0

-1730 -2515.5 2888 0
-1730 -2515.5 2908 0

-1550 -2700.5 2908 0
-1550 -2515.5 2908 0

-1550 -2700.5 2888 0
-1550 -2515.5 2888 0

-1550 -2700.5 2908 0
-1550 -2700.5 2888 0

-1550 -2515.5 2908 0
-1550 -2515.5 2888 0

-1730 -2700.5 3368 0
-1640 -2700.5 3368 0

-1640 -2700.5 3368 0
-1595 -2700.5 3368 0
-1550 -2700.5 3368 0

-1550 -2700.5 3368 0

-1730 -2515.5 3368 0
-1550 -2515.5 3368 0

-1730 -2700.5 3368 0
-1730 -2515.5 3368 0

-1550 -2700.5 3368 0
-1550 -2515.5 3368 0

-1730 -2515.5 3388 0
-1550 -2515.5 3388 0

-1730 -2700.5 3388 0
-1550 -2700.5 3388 0

-1730 -2515.5 3388 0
-1730 -2700.5 3388 0

-1550 -2515.5 3388 0
-1550 -2700.5 3388 0

-1730 -2515.5 3368 0
-1550 -2515.5 3368 0

-1730 -2515.5 3388 0
-1550 -2515.5 3388 0

-1730 -2515.5 3368 0
-1730 -2515.5 3388 0

-1550 -2515.5 3368 0
-1550 -2515.5 3388 0

-1730 -2700.5 3388 0
-1550 -2700.5 3388 0

-1730 -2700.5 3368 0
-1550 -2700.5 3368 0

-1730 -2700.5 3388 0
-1730 -2700.5 3368 0

-1550 -2700.5 3388 0
-1550 -2700.5 3368 0

-1730 -2700.5 3368 0
-1730 -2515.5 3368 0

-1730 -2700.5 3388 0
-1730 -2515.5 3388 0

-1730 -2700.5 3368 0
-1730 -2700.5 3388 0

-1730 -2515.5 3368 0
-1730 -2515.5 3388 0

-1550 -2700.5 3388 0
-1550 -2515.5 3388 0

-1550 -2700.5 3368 0
-1550 -2515.5 3368 0

-1550 -2700.5 3388 0
-1550 -2700.5 3368 0

-1550 -2515.5 3388 0
-1550 -2515.5 3368 0

1730 -2599 2908 0
1640 -2599 2908 0

1640 -2599 2908 0
1595 -2599 2908 0
1550 -2599 2908 0

1550 -2599 2908 0

1730 -2617 2908 0
1550 -2617 2908 0

1730 -2599 2908 0
1730 -2617 2908 0

1550 -2599 2908 0
1550 -2617 2908 0

1730 -2617 3368 0
1550 -2617 3368 0

1730 -2599 3368 0
1550 -2599 3368 0

1730 -2617 3368 0
1730 -2599 3368 0

1550 -2617 3368 0
1550 -2599 3368 0

1730 -2617 2908 0
1550 -2617 2908 0

1730 -2617 3368 0
1550 -2617 3368 0

1730 -2617 2908 0
1730 -2617 3368 0

1550 -2617 2908 0
1550 -2617 3368 0

1730 -2599 3368 0
1550 -2599 3368 0

1730 -2599 2908 0
1550 -2599 2908 0

1730 -2599 3368 0
1730 -2599 2908 0

1550 -2599 3368 0
1550 -2599 2908 0

1730 -2599 2908 0
1730 -2617 2908 0

1730 -2599 3368 0
1730 -2617 3368 0

1730 -2599 2908 0
1730 -2599 3368 0

1730 -2617 2908 0
1730 -2617 3368 0

1550 -2599 3368 0
1550 -2617 3368 0

1550 -2599 2908 0
1550 -2617 2908 0

1550 -2599 3368 0
1550 -2599 2908 0

1550 -2617 3368 0
1550 -2617 2908 0

1730 -2515.5 2888 0
1640 -2515.5 2888 0

1640 -2515.5 2888 0
1595 -2515.5 2888 0
1550 -2515.5 2888 0

1550 -2515.5 2888 0

1730 -2700.5 2888 0
1550 -2700.5 2888 0

1730 -2515.5 2888 0
1730 -2700.5 2888 0

1550 -2515.5 2888 0
1550 -2700.5 2888 0

1730 -2700.5 2908 0
1550 -2700.5 2908 0

1730 -2515.5 2908 0
1550 -2515.5 2908 0

1730 -2700.5 2908 0
1730 -2515.5 2908 0

1550 -2700.5 2908 0
1550 -2515.5 2908 0

1730 -2700.5 2888 0
1550 -2700.5 2888 0

1730 -2700.5 2908 0
1550 -2700.5 2908 0

1730 -2700.5 2888 0
1730 -2700.5 2908 0

1550 -2700.5 2888 0
1550 -2700.5 2908 0

1730 -2515.5 2908 0
1550 -2515.5 2908 0

1730 -2515.5 2888 0
1550 -2515.5 2888 0

1730 -2515.5 2908 0
1730 -2515.5 2888 0

1550 -2515.5 2908 0
1550 -2515.5 2888 0

1730 -2515.5 2888 0
1730 -2700.5 2888 0

1730 -2515.5 2908 0
1730 -2700.5 2908 0

1730 -2515.5 2888 0
1730 -2515.5 2908 0

1730 -2700.5 2888 0
1730 -2700.5 2908 0

1550 -2515.5 2908 0
1550 -2700.5 2908 0

1550 -2515.5 2888 0
1550 -2700.5 2888 0

1550 -2515.5 2908 0
1550 -2515.5 2888 0

1550 -2700.5 2908 0
1550 -2700.5 2888 0

1730 -2515.5 3368 0
1640 -2515.5 3368 0

1640 -2515.5 3368 0
1595 -2515.5 3368 0
1550 -2515.5 3368 0

1550 -2515.5 3368 0

1730 -2700.5 3368 0
1550 -2700.5 3368 0

1730 -2515.5 3368 0
1730 -2700.5 3368 0

1550 -2515.5 3368 0
1550 -2700.5 3368 0

1730 -2700.5 3388 0
1550 -2700.5 3388 0

1730 -2515.5 3388 0
1550 -2515.5 3388 0

1730 -2700.5 3388 0
1730 -2515.5 3388 0

1550 -2700.5 3388 0
1550 -2515.5 3388 0

1730 -2700.5 3368 0
1550 -2700.5 3368 0

1730 -2700.5 3388 0
1550 -2700.5 3388 0

1730 -2700.5 3368 0
1730 -2700.5 3388 0

1550 -2700.5 3368 0
1550 -2700.5 3388 0

1730 -2515.5 3388 0
1550 -2515.5 3388 0

1730 -2515.5 3368 0
1550 -2515.5 3368 0

1730 -2515.5 3388 0
1730 -2515.5 3368 0

1550 -2515.5 3388 0
1550 -2515.5 3368 0

1730 -2515.5 3368 0
1730 -2700.5 3368 0

1730 -2515.5 3388 0
1730 -2700.5 3388 0

1730 -2515.5 3368 0
1730 -2515.5 3388 0

1730 -2700.5 3368 0
1730 -2700.5 3388 0

1550 -2515.5 3388 0
1550 -2700.5 3388 0

1550 -2515.5 3368 0
1550 -2700.5 3368 0

1550 -2515.5 3388 0
1550 -2515.5 3368 0

1550 -2700.5 3388 0
1550 -2700.5 3368 0

1730 9 2908 0
1640 9 2908 0

1640 9 2908 0
1595 9 2908 0
1550 9 2908 0

1550 9 2908 0

1730 -9 2908 0
1550 -9 2908 0

1730 9 2908 0
1730 -9 2908 0

1550 9 2908 0
1550 -9 2908 0

1730 -9 3368 0
1550 -9 3368 0

1730 9 3368 0
1550 9 3368 0

1730 -9 3368 0
1730 9 3368 0

1550 -9 3368 0
1550 9 3368 0

1730 -9 2908 0
1550 -9 2908 0

1730 -9 3368 0
1550 -9 3368 0

1730 -9 2908 0
1730 -9 3368 0

1550 -9 2908 0
1550 -9 3368 0

1730 9 3368 0
1550 9 3368 0

1730 9 2908 0
1550 9 2908 0

1730 9 3368 0
1730 9 2908 0

1550 9 3368 0
1550 9 2908 0

1730 9 2908 0
1730 -9 2908 0

1730 9 3368 0
1730 -9 3368 0

1730 9 2908 0
1730 9 3368 0

1730 -9 2908 0
1730 -9 3368 0

1550 9 3368 0
1550 -9 3368 0

1550 9 2908 0
1550 -9 2908 0

1550 9 3368 0
1550 9 2908 0

1550 -9 3368 0
1550 -9 2908 0

1730 92.5 2888 0
1640 92.5 2888 0

1640 92.5 2888 0
1595 92.5 2888 0
1550 92.5 2888 0

1550 92.5 2888 0

1730 -92.5 2888 0
1550 -92.5 2888 0

1730 92.5 2888 0
1730 -92.5 2888 0

1550 92.5 2888 0
1550 -92.5 2888 0

1730 -92.5 2908 0
1550 -92.5 2908 0

1730 92.5 2908 0
1550 92.5 2908 0

1730 -92.5 2908 0
1730 92.5 2908 0

1550 -92.5 2908 0
1550 92.5 2908 0

1730 -92.5 2888 0
1550 -92.5 2888 0

1730 -92.5 2908 0
1550 -92.5 2908 0

1730 -92.5 2888 0
1730 -92.5 2908 0

1550 -92.5 2888 0
1550 -92.5 2908 0

1730 92.5 2908 0
1550 92.5 2908 0

1730 92.5 2888 0
1550 92.5 2888 0

1730 92.5 2908 0
1730 92.5 2888 0

1550 92.5 2908 0
1550 92.5 2888 0

1730 92.5 2888 0
1730 -92.5 2888 0

1730 92.5 2908 0
1730 -92.5 2908 0

1730 92.5 2888 0
1730 92.5 2908 0

1730 -92.5 2888 0
1730 -92.5 2908 0

1550 92.5 2908 0
1550 -92.5 2908 0

1550 92.5 2888 0
1550 -92.5 2888 0

1550 92.5 2908 0
1550 92.5 2888 0

1550 -92.5 2908 0
1550 -92.5 2888 0

1730 92.5 3368 0
1640 92.5 3368 0

1640 92.5 3368 0
1595 92.5 3368 0
1550 92.5 3368 0

1550 92.5 3368 0

1730 -92.5 3368 0
1550 -92.5 3368 0

1730 92.5 3368 0
1730 -92.5 3368 0

1550 92.5 3368 0
1550 -92.5 3368 0

1730 -92.5 3388 0
1550 -92.5 3388 0

1730 92.5 3388 0
1550 92.5 3388 0

1730 -92.5 3388 0
1730 92.5 3388 0

1550 -92.5 3388 0
1550 92.5 3388 0

1730 -92.5 3368 0
1550 -92.5 3368 0

1730 -92.5 3388 0
1550 -92.5 3388 0

1730 -92.5 3368 0
1730 -92.5 3388 0

1550 -92.5 3368 0
1550 -92.5 3388 0

1730 92.5 3388 0
1550 92.5 3388 0

1730 92.5 3368 0
1550 92.5 3368 0

1730 92.5 3388 0
1730 92.5 3368 0

1550 92.5 3388 0
1550 92.5 3368 0

1730 92.5 3368 0
1730 -92.5 3368 0

1730 92.5 3388 0
1730 -92.5 3388 0

1730 92.5 3368 0
1730 92.5 3388 0

1730 -92.5 3368 0
1730 -92.5 3388 0

1550 92.5 3388 0
1550 -92.5 3388 0

1550 92.5 3368 0
1550 -92.5 3368 0

1550 92.5 3388 0
1550 92.5 3368 0

1550 -92.5 3388 0
1550 -92.5 3368 0

1730 2617 2908 0
1640 2617 2908 0

1640 2617 2908 0
1595 2617 2908 0
1550 2617 2908 0

1550 2617 2908 0

1730 2599 2908 0
1550 2599 2908 0

1730 2617 2908 0
1730 2599 2908 0

1550 2617 2908 0
1550 2599 2908 0

1730 2599 3368 0
1550 2599 3368 0

1730 2617 3368 0
1550 2617 3368 0

1730 2599 3368 0
1730 2617 3368 0

1550 2599 3368 0
1550 2617 3368 0

1730 2599 2908 0
1550 2599 2908 0

1730 2599 3368 0
1550 2599 3368 0

1730 2599 2908 0
1730 2599 3368 0

1550 2599 2908 0
1550 2599 3368 0

1730 2617 3368 0
1550 2617 3368 0

1730 2617 2908 0
1550 2617 2908 0

1730 2617 3368 0
1730 2617 2908 0

1550 2617 3368 0
1550 2617 2908 0

1730 2617 2908 0
1730 2599 2908 0

1730 2617 3368 0
1730 2599 3368 0

1730 2617 2908 0
1730 2617 3368 0

1730 2599 2908 0
1730 2599 3368 0

1550 2617 3368 0
1550 2599 3368 0

1550 2617 2908 0
1550 2599 2908 0

1550 2617 3368 0
1550 2617 2908 0

1550 2599 3368 0
1550 2599 2908 0

1730 2700.5 2888 0
1640 2700.5 2888 0

1640 2700.5 2888 0
1595 2700.5 2888 0
1550 2700.5 2888 0

1550 2700.5 2888 0

1730 2515.5 2888 0
1550 2515.5 2888 0

1730 2700.5 2888 0
1730 2515.5 2888 0

1550 2700.5 2888 0
1550 2515.5 2888 0

1730 2515.5 2908 0
1550 2515.5 2908 0

1730 2700.5 2908 0
1550 2700.5 2908 0

1730 2515.5 2908 0
1730 2700.5 2908 0

1550 2515.5 2908 0
1550 2700.5 2908 0

1730 2515.5 2888 0
1550 2515.5 2888 0

1730 2515.5 2908 0
1550 2515.5 2908 0

1730 2515.5 2888 0
1730 2515.5 2908 0

1550 2515.5 2888 0
1550 2515.5 2908 0

1730 2700.5 2908 0
1550 2700.5 2908 0

1730 2700.5 2888 0
1550 2700.5 2888 0

1730 2700.5 2908 0
1730 2700.5 2888 0

1550 2700.5 2908 0
1550 2700.5 2888 0

1730 2700.5 2888 0
1730 2515.5 2888 0

1730 2700.5 2908 0
1730 2515.5 2908 0

1730 2700.5 2888 0
1730 2700.5 2908 0

1730 2515.5 2888 0
1730 2515.5 2908 0

1550 2700.5 2908 0
1550 2515.5 2908 0

1550 2700.5 2888 0
1550 2515.5 2888 0

1550 2700.5 2908 0
1550 2700.5 2888 0

1550 2515.5 2908 0
1550 2515.5 2888 0

1730 2700.5 3368 0
1640 2700.5 3368 0

1640 2700.5 3368 0
1595 2700.5 3368 0
1550 2700.5 3368 0

1550 2700.5 3368 0

1730 2515.5 3368 0
1550 2515.5 3368 0

1730 2700.5 3368 0
1730 2515.5 3368 0

1550 2700.5 3368 0
1550 2515.5 3368 0

1730 2515.5 3388 0
1550 2515.5 3388 0

1730 2700.5 3388 0
1550 2700.5 3388 0

1730 2515.5 3388 0
1730 2700.5 3388 0

1550 2515.5 3388 0
1550 2700.5 3388 0

1730 2515.5 3368 0
1550 2515.5 3368 0

1730 2515.5 3388 0
1550 2515.5 3388 0

1730 2515.5 3368 0
1730 2515.5 3388 0

1550 2515.5 3368 0
1550 2515.5 3388 0

1730 2700.5 3388 0
1550 2700.5 3388 0

1730 2700.5 3368 0
1550 2700.5 3368 0

1730 2700.5 3388 0
1730 2700.5 3368 0

1550 2700.5 3388 0
1550 2700.5 3368 0

1730 2700.5 3368 0
1730 2515.5 3368 0

1730 2700.5 3388 0
1730 2515.5 3388 0

1730 2700.5 3368 0
1730 2700.5 3388 0

1730 2515.5 3368 0
1730 2515.5 3388 0

1550 2700.5 3388 0
1550 2515.5 3388 0

1550 2700.5 3368 0
1550 2515.5 3368 0

1550 2700.5 3388 0
1550 2700.5 3368 0

1550 2515.5 3388 0
1550 2515.5 3368 0

3866 -2599 2967.5 0
2366 -2599 2967.5 0

2366 -2599 2967.5 0
1616 -2599 2967.5 0
866 -2599 2967.5 0

866 -2599 2967.5 0

3866 -2617 2967.5 0
866 -2617 2967.5 0

3866 -2599 2967.5 0
3866 -2617 2967.5 0

866 -2599 2967.5 0
866 -2617 2967.5 0

3866 -2617 3427.5 0
866 -2617 3427.5 0

3866 -2599 3427.5 0
866 -2599 3427.5 0

3866 -2617 3427.5 0
3866 -2599 3427.5 0

866 -2617 3427.5 0
866 -2599 3427.5 0

3866 -2617 2967.5 0
866 -2617 2967.5 0

3866 -2617 3427.5 0
866 -2617 3427.5 0

3866 -2617 2967.5 0
3866 -2617 3427.5 0

866 -2617 2967.5 0
866 -2617 3427.5 0

3866 -2599 3427.5 0
866 -2599 3427.5 0

3866 -2599 2967.5 0
866 -2599 2967.5 0

3866 -2599 3427.5 0
3866 -2599 2967.5 0

866 -2599 3427.5 0
866 -2599 2967.5 0

3866 -2599 2967.5 0
3866 -2617 2967.5 0

3866 -2599 3427.5 0
3866 -2617 3427.5 0

3866 -2599 2967.5 0
3866 -2599 3427.5 0

3866 -2617 2967.5 0
3866 -2617 3427.5 0

866 -2599 3427.5 0
866 -2617 3427.5 0

866 -2599 2967.5 0
866 -2617 2967.5 0

866 -2599 3427.5 0
866 -2599 2967.5 0

866 -2617 3427.5 0
866 -2617 2967.5 0

3866 -2515.5 2947.5 0
2366 -2515.5 2947.5 0

2366 -2515.5 2947.5 0
1616 -2515.5 2947.5 0
866 -2515.5 2947.5 0

866 -2515.5 2947.5 0

3866 -2700.5 2947.5 0
866 -2700.5 2947.5 0

3866 -2515.5 2947.5 0
3866 -2700.5 2947.5 0

866 -2515.5 2947.5 0
866 -2700.5 2947.5 0

3866 -2700.5 2967.5 0
866 -2700.5 2967.5 0

3866 -2515.5 2967.5 0
866 -2515.5 2967.5 0

3866 -2700.5 2967.5 0
3866 -2515.5 2967.5 0

866 -2700.5 2967.5 0
866 -2515.5 2967.5 0

3866 -2700.5 2947.5 0
866 -2700.5 2947.5 0

3866 -2700.5 2967.5 0
866 -2700.5 2967.5 0

3866 -2700.5 2947.5 0
3866 -2700.5 2967.5 0

866 -2700.5 2947.5 0
866 -2700.5 2967.5 0

3866 -2515.5 2967.5 0
866 -2515.5 2967.5 0

3866 -2515.5 2947.5 0
866 -2515.5 2947.5 0

3866 -2515.5 2967.5 0
3866 -2515.5 2947.5 0

866 -2515.5 2967.5 0
866 -2515.5 2947.5 0

3866 -2515.5 2947.5 0
3866 -2700.5 2947.5 0

3866 -2515.5 2967.5 0
3866 -2700.5 2967.5 0

3866 -2515.5 2947.5 0
3866 -2515.5 2967.5 0

3866 -2700.5 2947.5 0
3866 -2700.5 2967.5 0

866 -2515.5 2967.5 0
866 -2700.5 2967.5 0

866 -2515.5 2947.5 0
866 -2700.5 2947.5 0

866 -2515.5 2967.5 0
866 -2515.5 2947.5 0

866 -2700.5 2967.5 0
866 -2700.5 2947.5 0

3866 -2515.5 3427.5 0
2366 -2515.5 3427.5 0

2366 -2515.5 3427.5 0
1616 -2515.5 3427.5 0
866 -2515.5 3427.5 0

866 -2515.5 3427.5 0

3866 -2700.5 3427.5 0
866 -2700.5 3427.5 0

3866 -2515.5 3427.5 0
3866 -2700.5 3427.5 0

866 -2515.5 3427.5 0
866 -2700.5 3427.5 0

3866 -2700.5 3447.5 0
866 -2700.5 3447.5 0

3866 -2515.5 3447.5 0
866 -2515.5 3447.5 0

3866 -2700.5 3447.5 0
3866 -2515.5 3447.5 0

866 -2700.5 3447.5 0
866 -2515.5 3447.5 0

3866 -2700.5 3427.5 0
866 -2700.5 3427.5 0

3866 -2700.5 3447.5 0
866 -2700.5 3447.5 0

3866 -2700.5 3427.5 0
3866 -2700.5 3447.5 0

866 -2700.5 3427.5 0
866 -2700.5 3447.5 0

3866 -2515.5 3447.5 0
866 -2515.5 3447.5 0

3866 -2515.5 3427.5 0
866 -2515.5 3427.5 0

3866 -2515.5 3447.5 0
3866 -2515.5 3427.5 0

866 -2515.5 3447.5 0
866 -2515.5 3427.5 0

3866 -2515.5 3427.5 0
3866 -2700.5 3427.5 0

3866 -2515.5 3447.5 0
3866 -2700.5 3447.5 0

3866 -2515.5 3427.5 0
3866 -2515.5 3447.5 0

3866 -2700.5 3427.5 0
3866 -2700.5 3447.5 0

866 -2515.5 3447.5 0
866 -2700.5 3447.5 0

866 -2515.5 3427.5 0
866 -2700.5 3427.5 0

866 -2515.5 3447.5 0
866 -2515.5 3427.5 0

866 -2700.5 3447.5 0
866 -2700.5 3427.5 0

3866 9 2967.5 0
2366 9 2967.5 0

2366 9 2967.5 0
1616 9 2967.5 0
866 9 2967.5 0

866 9 2967.5 0

3866 -9 2967.5 0
866 -9 2967.5 0

3866 9 2967.5 0
3866 -9 2967.5 0

866 9 2967.5 0
866 -9 2967.5 0

3866 -9 3427.5 0
866 -9 3427.5 0

3866 9 3427.5 0
866 9 3427.5 0

3866 -9 3427.5 0
3866 9 3427.5 0

866 -9 3427.5 0
866 9 3427.5 0

3866 -9 2967.5 0
866 -9 2967.5 0

3866 -9 3427.5 0
866 -9 3427.5 0

3866 -9 2967.5 0
3866 -9 3427.5 0

866 -9 2967.5 0
866 -9 3427.5 0

3866 9 3427.5 0
866 9 3427.5 0

3866 9 2967.5 0
866 9 2967.5 0

3866 9 3427.5 0
3866 9 2967.5 0

866 9 3427.5 0
866 9 2967.5 0

3866 9 2967.5 0
3866 -9 2967.5 0

3866 9 3427.5 0
3866 -9 3427.5 0

3866 9 2967.5 0
3866 9 3427.5 0

3866 -9 2967.5 0
3866 -9 3427.5 0

866 9 3427.5 0
866 -9 3427.5 0

866 9 2967.5 0
866 -9 2967.5 0

866 9 3427.5 0
866 9 2967.5 0

866 -9 3427.5 0
866 -9 2967.5 0

3866 92.5 2947.5 0
2366 92.5 2947.5 0

2366 92.5 2947.5 0
1616 92.5 2947.5 0
866 92.5 2947.5 0

866 92.5 2947.5 0

3866 -92.5 2947.5 0
866 -92.5 2947.5 0

3866 92.5 2947.5 0
3866 -92.5 2947.5 0

866 92.5 2947.5 0
866 -92.5 2947.5 0

3866 -92.5 2967.5 0
866 -92.5 2967.5 0

3866 92.5 2967.5 0
866 92.5 2967.5 0

3866 -92.5 2967.5 0
3866 92.5 2967.5 0

866 -92.5 2967.5 0
866 92.5 2967.5 0

3866 -92.5 2947.5 0
866 -92.5 2947.5 0

3866 -92.5 2967.5 0
866 -92.5 2967.5 0

3866 -92.5 2947.5 0
3866 -92.5 2967.5 0

866 -92.5 2947.5 0
866 -92.5 2967.5 0

3866 92.5 2967.5 0
866 92.5 2967.5 0

3866 92.5 2947.5 0
866 92.5 2947.5 0

3866 92.5 2967.5 0
3866 92.5 2947.5 0

866 92.5 2967.5 0
866 92.5 2947.5 0

3866 92.5 2947.5 0
3866 -92.5 2947.5 0

3866 92.5 2967.5 0
3866 -92.5 2967.5 0

3866 92.5 2947.5 0
3866 92.5 2967.5 0

3866 -92.5 2947.5 0
3866 -92.5 2967.5 0

866 92.5 2967.5 0
866 -92.5 2967.5 0

866 92.5 2947.5 0
866 -92.5 2947.5 0

866 92.5 2967.5 0
866 92.5 2947.5 0

866 -92.5 2967.5 0
866 -92.5 2947.5 0

3866 92.5 3427.5 0
2366 92.5 3427.5 0

2366 92.5 3427.5 0
1616 92.5 3427.5 0
866 92.5 3427.5 0

866 92.5 3427.5 0

3866 -92.5 3427.5 0
866 -92.5 3427.5 0

3866 92.5 3427.5 0
3866 -92.5 3427.5 0

866 92.5 3427.5 0
866 -92.5 3427.5 0

3866 -92.5 3447.5 0
866 -92.5 3447.5 0

3866 92.5 3447.5 0
866 92.5 3447.5 0

3866 -92.5 3447.5 0
3866 92.5 3447.5 0

866 -92.5 3447.5 0
866 92.5 3447.5 0

3866 -92.5 3427.5 0
866 -92.5 3427.5 0

3866 -92.5 3447.5 0
866 -92.5 3447.5 0

3866 -92.5 3427.5 0
3866 -92.5 3447.5 0

866 -92.5 3427.5 0
866 -92.5 3447.5 0

3866 92.5 3447.5 0
866 92.5 3447.5 0

3866 92.5 3427.5 0
866 92.5 3427.5 0

3866 92.5 3447.5 0
3866 92.5 3427.5 0

866 92.5 3447.5 0
866 92.5 3427.5 0

3866 92.5 3427.5 0
3866 -92.5 3427.5 0

3866 92.5 3447.5 0
3866 -92.5 3447.5 0

3866 92.5 3427.5 0
3866 92.5 3447.5 0

3866 -92.5 3427.5 0
3866 -92.5 3447.5 0

866 92.5 3447.5 0
866 -92.5 3447.5 0

866 92.5 3427.5 0
866 -92.5 3427.5 0

866 92.5 3447.5 0
866 92.5 3427.5 0

866 -92.5 3447.5 0
866 -92.5 3427.5 0

3866 2617 2967.5 0
2366 2617 2967.5 0

2366 2617 2967.5 0
1616 2617 2967.5 0
866 2617 2967.5 0

866 2617 2967.5 0

3866 2599 2967.5 0
866 2599 2967.5 0

3866 2617 2967.5 0
3866 2599 2967.5 0

866 2617 2967.5 0
866 2599 2967.5 0

3866 2599 3427.5 0
866 2599 3427.5 0

3866 2617 3427.5 0
866 2617 3427.5 0

3866 2599 3427.5 0
3866 2617 3427.5 0

866 2599 3427.5 0
866 2617 3427.5 0

3866 2599 2967.5 0
866 2599 2967.5 0

3866 2599 3427.5 0
866 2599 3427.5 0

3866 2599 2967.5 0
3866 2599 3427.5 0

866 2599 2967.5 0
866 2599 3427.5 0

3866 2617 3427.5 0
866 2617 3427.5 0

3866 2617 2967.5 0
866 2617 2967.5 0

3866 2617 3427.5 0
3866 2617 2967.5 0

866 2617 3427.5 0
866 2617 2967.5 0

3866 2617 2967.5 0
3866 2599 2967.5 0

3866 2617 3427.5 0
3866 2599 3427.5 0

3866 2617 2967.5 0
3866 2617 3427.5 0

3866 2599 2967.5 0
3866 2599 3427.5 0

866 2617 3427.5 0
866 2599 3427.5 0

866 2617 2967.5 0
866 2599 2967.5 0

866 2617 3427.5 0
866 2617 2967.5 0

866 2599 3427.5 0
866 2599 2967.5 0

3866 2700.5 2947.5 0
2366 2700.5 2947.5 0

2366 2700.5 2947.5 0
1616 2700.5 2947.5 0
866 2700.5 2947.5 0

866 2700.5 2947.5 0

3866 2515.5 2947.5 0
866 2515.5 2947.5 0

3866 2700.5 2947.5 0
3866 2515.5 2947.5 0

866 2700.5 2947.5 0
866 2515.5 2947.5 0

3866 2515.5 2967.5 0
866 2515.5 2967.5 0

3866 2700.5 2967.5 0
866 2700.5 2967.5 0

3866 2515.5 2967.5 0
3866 2700.5 2967.5 0

866 2515.5 2967.5 0
866 2700.5 2967.5 0

3866 2515.5 2947.5 0
866 2515.5 2947.5 0

3866 2515.5 2967.5 0
866 2515.5 2967.5 0

3866 2515.5 2947.5 0
3866 2515.5 2967.5 0

866 2515.5 2947.5 0
866 2515.5 2967.5 0

3866 2700.5 2967.5 0
866 2700.5 2967.5 0

3866 2700.5 2947.5 0
866 2700.5 2947.5 0

3866 2700.5 2967.5 0
3866 2700.5 2947.5 0

866 2700.5 2967.5 0
866 2700.5 2947.5 0

3866 2700.5 2947.5 0
3866 2515.5 2947.5 0

3866 2700.5 2967.5 0
3866 2515.5 2967.5 0

3866 2700.5 2947.5 0
3866 2700.5 2967.5 0

3866 2515.5 2947.5 0
3866 2515.5 2967.5 0

866 2700.5 2967.5 0
866 2515.5 2967.5 0

866 2700.5 2947.5 0
866 2515.5 2947.5 0

866 2700.5 2967.5 0
866 2700.5 2947.5 0

866 2515.5 2967.5 0
866 2515.5 2947.5 0

3866 2700.5 3427.5 0
2366 2700.5 3427.5 0

2366 2700.5 3427.5 0
1616 2700.5 3427.5 0
866 2700.5 3427.5 0

866 2700.5 3427.5 0

3866 2515.5 3427.5 0
866 2515.5 3427.5 0

3866 2700.5 3427.5 0
3866 2515.5 3427.5 0

866 2700.5 3427.5 0
866 2515.5 3427.5 0

3866 2515.5 3447.5 0
866 2515.5 3447.5 0

3866 2700.5 3447.5 0
866 2700.5 3447.5 0

3866 2515.5 3447.5 0
3866 2700.5 3447.5 0

866 2515.5 3447.5 0
866 2700.5 3447.5 0

3866 2515.5 3427.5 0
866 2515.5 3427.5 0

3866 2515.5 3447.5 0
866 2515.5 3447.5 0

3866 2515.5 3427.5 0
3866 2515.5 3447.5 0

866 2515.5 3427.5 0
866 2515.5 3447.5 0

3866 2700.5 3447.5 0
866 2700.5 3447.5 0

3866 2700.5 3427.5 0
866 2700.5 3427.5 0

3866 2700.5 3447.5 0
3866 2700.5 3427.5 0

866 2700.5 3447.5 0
866 2700.5 3427.5 0

3866 2700.5 3427.5 0
3866 2515.5 3427.5 0

3866 2700.5 3447.5 0
3866 2515.5 3447.5 0

3866 2700.5 3427.5 0
3866 2700.5 3447.5 0

3866 2515.5 3427.5 0
3866 2515.5 3447.5 0

866 2700.5 3447.5 0
866 2515.5 3447.5 0

866 2700.5 3427.5 0
866 2515.5 3427.5 0

866 2700.5 3447.5 0
866 2700.5 3427.5 0

866 2515.5 3447.5 0
866 2515.5 3427.5 0

-2365.5 92.5 2967.5 0
-2365.5 1301 2967.5 0

-2365.5 1301 2967.5 0
-2365.5 1905.25 2967.5 0
-2365.5 2509.5 2967.5 0

-2365.5 2509.5 2967.5 0

-2383.5 92.5 2967.5 0
-2383.5 2509.5 2967.5 0

-2365.5 92.5 2967.5 0
-2383.5 92.5 2967.5 0

-2365.5 2509.5 2967.5 0
-2383.5 2509.5 2967.5 0

-2383.5 92.5 3427.5 0
-2383.5 2509.5 3427.5 0

-2365.5 92.5 3427.5 0
-2365.5 2509.5 3427.5 0

-2383.5 92.5 3427.5 0
-2365.5 92.5 3427.5 0

-2383.5 2509.5 3427.5 0
-2365.5 2509.5 3427.5 0

-2383.5 92.5 2967.5 0
-2383.5 2509.5 2967.5 0

-2383.5 92.5 3427.5 0
-2383.5 2509.5 3427.5 0

-2383.5 92.5 2967.5 0
-2383.5 92.5 3427.5 0

-2383.5 2509.5 2967.5 0
-2383.5 2509.5 3427.5 0

-2365.5 92.5 3427.5 0
-2365.5 2509.5 3427.5 0

-2365.5 92.5 2967.5 0
-2365.5 2509.5 2967.5 0

-2365.5 92.5 3427.5 0
-2365.5 92.5 2967.5 0

-2365.5 2509.5 3427.5 0
-2365.5 2509.5 2967.5 0

-2365.5 92.5 2967.5 0
-2383.5 92.5 2967.5 0

-2365.5 92.5 3427.5 0
-2383.5 92.5 3427.5 0

-2365.5 92.5 2967.5 0
-2365.5 92.5 3427.5 0

-2383.5 92.5 2967.5 0
-2383.5 92.5 3427.5 0

-2365.5 2509.5 3427.5 0
-2383.5 2509.5 3427.5 0

-2365.5 2509.5 2967.5 0
-2383.5 2509.5 2967.5 0

-2365.5 2509.5 3427.5 0
-2365.5 2509.5 2967.5 0

-2383.5 2509.5 3427.5 0
-2383.5 2509.5 2967.5 0

-2282 92.5 2947.5 0
-2282 1301 2947.5 0

-2282 1301 2947.5 0
-2282 1905.25 2947.5 0
-2282 2509.5 2947.5 0

-2282 2509.5 2947.5 0

-2467 92.5 2947.5 0
-2467 2509.5 2947.5 0

-2282 92.5 2947.5 0
-2467 92.5 2947.5 0

-2282 2509.5 2947.5 0
-2467 2509.5 2947.5 0

-2467 92.5 2967.5 0
-2467 2509.5 2967.5 0

-2282 92.5 2967.5 0
-2282 2509.5 2967.5 0

-2467 92.5 2967.5 0
-2282 92.5 2967.5 0

-2467 2509.5 2967.5 0
-2282 2509.5 2967.5 0

-2467 92.5 2947.5 0
-2467 2509.5 2947.5 0

-2467 92.5 2967.5 0
-2467 2509.5 2967.5 0

-2467 92.5 2947.5 0
-2467 92.5 2967.5 0

-2467 2509.5 2947.5 0
-2467 2509.5 2967.5 0

-2282 92.5 2967.5 0
-2282 2509.5 2967.5 0

-2282 92.5 2947.5 0
-2282 2509.5 2947.5 0

-2282 92.5 2967.5 0
-2282 92.5 2947.5 0

-2282 2509.5 2967.5 0
-2282 2509.5 2947.5 0

-2282 92.5 2947.5 0
-2467 92.5 2947.5 0

-2282 92.5 2967.5 0
-2467 92.5 2967.5 0

-2282 92.5 2947.5 0
-2282 92.5 2967.5 0

-2467 92.5 2947.5 0
-2467 92.5 2967.5 0

-2282 2509.5 2967.5 0
-2467 2509.5 2967.5 0

-2282 2509.5 2947.5 0
-2467 2509.5 2947.5 0

-2282 2509.5 2967.5 0
-2282 2509.5 2947.5 0

-2467 2509.5 2967.5 0
-2467 2509.5 2947.5 0

-2282 92.5 3427.5 0
-2282 1301 3427.5 0

-2282 1301 3427.5 0
-2282 1905.25 3427.5 0
-2282 2509.5 3427.5 0

-2282 2509.5 3427.5 0

-2467 92.5 3427.5 0
-2467 2509.5 3427.5 0

-2282 92.5 3427.5 0
-2467 92.5 3427.5 0

-2282 2509.5 3427.5 0
-2467 2509.5 3427.5 0

-2467 92.5 3447.5 0
-2467 2509.5 3447.5 0

-2282 92.5 3447.5 0
-2282 2509.5 3447.5 0

-2467 92.5 3447.5 0
-2282 92.5 3447.5 0

-2467 2509.5 3447.5 0
-2282 2509.5 3447.5 0

-2467 92.5 3427.5 0
-2467 2509.5 3427.5 0

-2467 92.5 3447.5 0
-2467 2509.5 3447.5 0

-2467 92.5 3427.5 0
-2467 92.5 3447.5 0

-2467 2509.5 3427.5 0
-2467 2509.5 3447.5 0

-2282 92.5 3447.5 0
-2282 2509.5 3447.5 0

-2282 92.5 3427.5 0
-2282 2509.5 3427.5 0

-2282 92.5 3447.5 0
-2282 92.5 3427.5 0

-2282 2509.5 3447.5 0
-2282 2509.5 3427.5 0

-2282 92.5 3427.5 0
-2467 92.5 3427.5 0

-2282 92.5 3447.5 0
-2467 92.5 3447.5 0

-2282 92.5 3427.5 0
-2282 92.5 3447.5 0

-2467 92.5 3427.5 0
-2467 92.5 3447.5 0

-2282 2509.5 3447.5 0
-2467 2509.5 3447.5 0

-2282 2509.5 3427.5 0
-2467 2509.5 3427.5 0

-2282 2509.5 3447.5 0
-2282 2509.5 3427.5 0

-2467 2509.5 3447.5 0
-2467 2509.5 3427.5 0

-2365.5 -2509.5 2967.5 0
-2365.5 -1301 2967.5 0

-2365.5 -1301 2967.5 0
-2365.5 -696.75 2967.5 0
-2365.5 -92.5 2967.5 0

-2365.5 -92.5 2967.5 0

-2383.5 -2509.5 2967.5 0
-2383.5 -92.5 2967.5 0

-2365.5 -2509.5 2967.5 0
-2383.5 -2509.5 2967.5 0

-2365.5 -92.5 2967.5 0
-2383.5 -92.5 2967.5 0

-2383.5 -2509.5 3427.5 0
-2383.5 -92.5 3427.5 0

-2365.5 -2509.5 3427.5 0
-2365.5 -92.5 3427.5 0

-2383.5 -2509.5 3427.5 0
-2365.5 -2509.5 3427.5 0

-2383.5 -92.5 3427.5 0
-2365.5 -92.5 3427.5 0

-2383.5 -2509.5 2967.5 0
-2383.5 -92.5 2967.5 0

-2383.5 -2509.5 3427.5 0
-2383.5 -92.5 3427.5 0

-2383.5 -2509.5 2967.5 0
-2383.5 -2509.5 3427.5 0

-2383.5 -92.5 2967.5 0
-2383.5 -92.5 3427.5 0

-2365.5 -2509.5 3427.5 0
-2365.5 -92.5 3427.5 0

-2365.5 -2509.5 2967.5 0
-2365.5 -92.5 2967.5 0

-2365.5 -2509.5 3427.5 0
-2365.5 -2509.5 2967.5 0

-2365.5 -92.5 3427.5 0
-2365.5 -92.5 2967.5 0

-2365.5 -2509.5 2967.5 0
-2383.5 -2509.5 2967.5 0

-2365.5 -2509.5 3427.5 0
-2383.5 -2509.5 3427.5 0

-2365.5 -2509.5 2967.5 0
-2365.5 -2509.5 3427.5 0

-2383.5 -2509.5 2967.5 0
-2383.5 -2509.5 3427.5 0

-2365.5 -92.5 3427.5 0
-2383.5 -92.5 3427.5 0

-2365.5 -92.5 2967.5 0
-2383.5 -92.5 2967.5 0

-2365.5 -92.5 3427.5 0
-2365.5 -92.5 2967.5 0

-2383.5 -92.5 3427.5 0
-2383.5 -92.5 2967.5 0

-2282 -2509.5 2947.5 0
-2282 -1301 2947.5 0

-2282 -1301 2947.5 0
-2282 -696.75 2947.5 0
-2282 -92.5 2947.5 0

-2282 -92.5 2947.5 0

-2467 -2509.5 2947.5 0
-2467 -92.5 2947.5 0

-2282 -2509.5 2947.5 0
-2467 -2509.5 2947.5 0

-2282 -92.5 2947.5 0
-2467 -92.5 2947.5 0

-2467 -2509.5 2967.5 0
-2467 -92.5 2967.5 0

-2282 -2509.5 2967.5 0
-2282 -92.5 2967.5 0

-2467 -2509.5 2967.5 0
-2282 -2509.5 2967.5 0

-2467 -92.5 2967.5 0
-2282 -92.5 2967.5 0

-2467 -2509.5 2947.5 0
-2467 -92.5 2947.5 0

-2467 -2509.5 2967.5 0
-2467 -92.5 2967.5 0

-2467 -2509.5 2947.5 0
-2467 -2509.5 2967.5 0

-2467 -92.5 2947.5 0
-2467 -92.5 2967.5 0

-2282 -2509.5 2967.5 0
-2282 -92.5 2967.5 0

-2282 -2509.5 2947.5 0
-2282 -92.5 2947.5 0

-2282 -2509.5 2967.5 0
-2282 -2509.5 2947.5 0

-2282 -92.5 2967.5 0
-2282 -92.5 2947.5 0

-2282 -2509.5 2947.5 0
-2467 -2509.5 2947.5 0

-2282 -2509.5 2967.5 0
-2467 -2509.5 2967.5 0

-2282 -2509.5 2947.5 0
-2282 -2509.5 2967.5 0

-2467 -2509.5 2947.5 0
-2467 -2509.5 2967.5 0

-2282 -92.5 2967.5 0
-2467 -92.5 2967.5 0

-2282 -92.5 2947.5 0
-2467 -92.5 2947.5 0

-2282 -92.5 2967.5 0
-2282 -92.5 2947.5 0

-2467 -92.5 2967.5 0
-2467 -92.5 2947.5 0

-2282 -2509.5 3427.5 0
-2282 -1301 3427.5 0

-2282 -1301 3427.5 0
-2282 -696.75 3427.5 0
-2282 -92.5 3427.5 0

-2282 -92.5 3427.5 0

-2467 -2509.5 3427.5 0
-2467 -92.5 3427.5 0

-2282 -2509.5 3427.5 0
-2467 -2509.5 3427.5 0

-2282 -92.5 3427.5 0
-2467 -92.5 3427.5 0

-2467 -2509.5 3447.5 0
-2467 -92.5 3447.5 0

-2282 -2509.5 3447.5 0
-2282 -92.5 3447.5 0

-2467 -2509.5 3447.5 0
-2282 -2509.5 3447.5 0

-2467 -92.5 3447.5 0
-2282 -92.5 3447.5 0

-2467 -2509.5 3427.5 0
-2467 -92.5 3427.5 0

-2467 -2509.5 3447.5 0
-2467 -92.5 3447.5 0

-2467 -2509.5 3427.5 0
-2467 -2509.5 3447.5 0

-2467 -92.5 3427.5 0
-2467 -92.5 3447.5 0

-2282 -2509.5 3447.5 0
-2282 -92.5 3447.5 0

-2282 -2509.5 3427.5 0
-2282 -92.5 3427.5 0

-2282 -2509.5 3447.5 0
-2282 -2509.5 3427.5 0

-2282 -92.5 3447.5 0
-2282 -92.5 3427.5 0

-2282 -2509.5 3427.5 0
-2467 -2509.5 3427.5 0

-2282 -2509.5 3447.5 0
-2467 -2509.5 3447.5 0

-2282 -2509.5 3427.5 0
-2282 -2509.5 3447.5 0

-2467 -2509.5 3427.5 0
-2467 -2509.5 3447.5 0

-2282 -92.5 3447.5 0
-2467 -92.5 3447.5 0

-2282 -92.5 3427.5 0
-2467 -92.5 3427.5 0

-2282 -92.5 3447.5 0
-2282 -92.5 3427.5 0

-2467 -92.5 3447.5 0
-2467 -92.5 3427.5 0

-2092 2940.50776702965 752.722871352797 0
-2092 2818.15621577971 695.669406017802 0

-2092 2818.15621577971 695.669406017802 0
-2092 2756.98044015473 667.142673350305 0
-2092 2695.80466452976 638.615940682808 0

-2092 2695.80466452976 638.615940682808 0

-2342 2940.50776702965 752.722871352797 0
-2342 2695.80466452976 638.615940682808 0

-2092 2940.50776702965 752.722871352797 0
-2342 2940.50776702965 752.722871352797 0

-2092 2695.80466452976 638.615940682808 0
-2342 2695.80466452976 638.615940682808 0

-2342 4504.19533547024 -2600.61594068281 0
-2342 4259.49223297035 -2714.7228713528 0

-2092 4504.19533547024 -2600.61594068281 0
-2092 4259.49223297035 -2714.7228713528 0

-2342 4504.19533547024 -2600.61594068281 0
-2092 4504.19533547024 -2600.61594068281 0

-2342 4259.49223297035 -2714.7228713528 0
-2092 4259.49223297035 -2714.7228713528 0

-2342 2940.50776702965 752.722871352797 0
-2342 2695.80466452976 638.615940682808 0

-2342 4504.19533547024 -2600.61594068281 0
-2342 4259.49223297035 -2714.7228713528 0

-2342 2940.50776702965 752.722871352797 0
-2342 4504.19533547024 -2600.61594068281 0

-2342 2695.80466452976 638.615940682808 0
-2342 4259.49223297035 -2714.7228713528 0

-2092 4504.19533547024 -2600.61594068281 0
-2092 4259.49223297035 -2714.7228713528 0

-2092 2940.50776702965 752.722871352797 0
-2092 2695.80466452976 638.615940682808 0

-2092 4504.19533547024 -2600.61594068281 0
-2092 2940.50776702965 752.722871352797 0

-2092 4259.49223297035 -2714.7228713528 0
-2092 2695.80466452976 638.615940682808 0

-2092 2940.50776702965 752.722871352797 0
-2342 2940.50776702965 752.722871352797 0

-2092 4504.19533547024 -2600.61594068281 0
-2342 4504.19533547024 -2600.61594068281 0

-2092 2940.50776702965 752.722871352797 0
-2092 4504.19533547024 -2600.61594068281 0

-2342 2940.50776702965 752.722871352797 0
-2342 4504.19533547024 -2600.61594068281 0

-2092 4259.49223297035 -2714.7228713528 0
-2342 4259.49223297035 -2714.7228713528 0

-2092 2695.80466452976 638.615940682808 0
-2342 2695.80466452976 638.615940682808 0

-2092 4259.49223297035 -2714.7228713528 0
-2092 2695.80466452976 638.615940682808 0

-2342 4259.49223297035 -2714.7228713528 0
-2342 2695.80466452976 638.615940682808 0

-2092 -2695.80466452976 638.615940682808 0
-2092 -2818.15621577971 695.669406017802 0

-2092 -2818.15621577971 695.669406017802 0
-2092 -2879.33199140468 724.1961386853 0
-2092 -2940.50776702965 752.722871352797 0

-2092 -2940.50776702965 752.722871352797 0

-2342 -2695.80466452976 638.615940682808 0
-2342 -2940.50776702965 752.722871352797 0

-2092 -2695.80466452976 638.615940682808 0
-2342 -2695.80466452976 638.615940682808 0

-2092 -2940.50776702965 752.722871352797 0
-2342 -2940.50776702965 752.722871352797 0

-2342 -4259.49223297035 -2714.7228713528 0
-2342 -4504.19533547024 -2600.61594068281 0

-2092 -4259.49223297035 -2714.7228713528 0
-2092 -4504.19533547024 -2600.61594068281 0

-2342 -4259.49223297035 -2714.7228713528 0
-2092 -4259.49223297035 -2714.7228713528 0

-2342 -4504.19533547024 -2600.61594068281 0
-2092 -4504.19533547024 -2600.61594068281 0

-2342 -2695.80466452976 638.615940682808 0
-2342 -2940.50776702965 752.722871352797 0

-2342 -4259.49223297035 -2714.7228713528 0
-2342 -4504.19533547024 -2600.61594068281 0

-2342 -2695.80466452976 638.615940682808 0
-2342 -4259.49223297035 -2714.7228713528 0

-2342 -2940.50776702965 752.722871352797 0
-2342 -4504.19533547024 -2600.61594068281 0

-2092 -4259.49223297035 -2714.7228713528 0
-2092 -4504.19533547024 -2600.61594068281 0

-2092 -2695.80466452976 638.615940682808 0
-2092 -2940.50776702965 752.722871352797 0

-2092 -4259.49223297035 -2714.7228713528 0
-2092 -2695.80466452976 638.615940682808 0

-2092 -4504.19533547024 -2600.61594068281 0
-2092 -2940.50776702965 752.722871352797 0

-2092 -2695.80466452976 638.615940682808 0
-2342 -2695.80466452976 638.615940682808 0

-2092 -4259.49223297035 -2714.7228713528 0
-2342 -4259.49223297035 -2714.7228713528 0

-2092 -2695.80466452976 638.615940682808 0
-2092 -4259.49223297035 -2714.7228713528 0

-2342 -2695.80466452976 638.615940682808 0
-2342 -4259.49223297035 -2714.7228713528 0

-2092 -4504.19533547024 -2600.61594068281 0
-2342 -4504.19533547024 -2600.61594068281 0

-2092 -2940.50776702965 752.722871352797 0
-2342 -2940.50776702965 752.722871352797 0

-2092 -4504.19533547024 -2600.61594068281 0
-2092 -2940.50776702965 752.722871352797 0

-2342 -4504.19533547024 -2600.61594068281 0
-2342 -2940.50776702965 752.722871352797 0

-2447 -2611 3447.5 0
-2447 -2602 3447.5 0

-2447 -2602 3447.5 0
-2447 -2597.5 3447.5 0
-2447 -2593 3447.5 0

-2447 -2593 3447.5 0

-1987 -2611 3447.5 0
-1987 -2593 3447.5 0

-2447 -2611 3447.5 0
-1987 -2611 3447.5 0

-2447 -2593 3447.5 0
-1987 -2593 3447.5 0

-1987 -2611 -2709.5 0
-1987 -2593 -2709.5 0

-2447 -2611 -2709.5 0
-2447 -2593 -2709.5 0

-1987 -2611 -2709.5 0
-2447 -2611 -2709.5 0

-1987 -2593 -2709.5 0
-2447 -2593 -2709.5 0

-1987 -2611 3447.5 0
-1987 -2593 3447.5 0

-1987 -2611 -2709.5 0
-1987 -2593 -2709.5 0

-1987 -2611 3447.5 0
-1987 -2611 -2709.5 0

-1987 -2593 3447.5 0
-1987 -2593 -2709.5 0

-2447 -2611 -2709.5 0
-2447 -2593 -2709.5 0

-2447 -2611 3447.5 0
-2447 -2593 3447.5 0

-2447 -2611 -2709.5 0
-2447 -2611 3447.5 0

-2447 -2593 -2709.5 0
-2447 -2593 3447.5 0

-2447 -2611 3447.5 0
-1987 -2611 3447.5 0

-2447 -2611 -2709.5 0
-1987 -2611 -2709.5 0

-2447 -2611 3447.5 0
-2447 -2611 -2709.5 0

-1987 -2611 3447.5 0
-1987 -2611 -2709.5 0

-2447 -2593 -2709.5 0
-1987 -2593 -2709.5 0

-2447 -2593 3447.5 0
-1987 -2593 3447.5 0

-2447 -2593 -2709.5 0
-2447 -2593 3447.5 0

-1987 -2593 -2709.5 0
-1987 -2593 3447.5 0

-1987 -2694.5 3447.5 0
-1987 -2602 3447.5 0

-1987 -2602 3447.5 0
-1987 -2555.75 3447.5 0
-1987 -2509.5 3447.5 0

-1987 -2509.5 3447.5 0

-1967 -2694.5 3447.5 0
-1967 -2509.5 3447.5 0

-1987 -2694.5 3447.5 0
-1967 -2694.5 3447.5 0

-1987 -2509.5 3447.5 0
-1967 -2509.5 3447.5 0

-1967 -2694.5 -2709.5 0
-1967 -2509.5 -2709.5 0

-1987 -2694.5 -2709.5 0
-1987 -2509.5 -2709.5 0

-1967 -2694.5 -2709.5 0
-1987 -2694.5 -2709.5 0

-1967 -2509.5 -2709.5 0
-1987 -2509.5 -2709.5 0

-1967 -2694.5 3447.5 0
-1967 -2509.5 3447.5 0

-1967 -2694.5 -2709.5 0
-1967 -2509.5 -2709.5 0

-1967 -2694.5 3447.5 0
-1967 -2694.5 -2709.5 0

-1967 -2509.5 3447.5 0
-1967 -2509.5 -2709.5 0

-1987 -2694.5 -2709.5 0
-1987 -2509.5 -2709.5 0

-1987 -2694.5 3447.5 0
-1987 -2509.5 3447.5 0

-1987 -2694.5 -2709.5 0
-1987 -2694.5 3447.5 0

-1987 -2509.5 -2709.5 0
-1987 -2509.5 3447.5 0

-1987 -2694.5 3447.5 0
-1967 -2694.5 3447.5 0

-1987 -2694.5 -2709.5 0
-1967 -2694.5 -2709.5 0

-1987 -2694.5 3447.5 0
-1987 -2694.5 -2709.5 0

-1967 -2694.5 3447.5 0
-1967 -2694.5 -2709.5 0

-1987 -2509.5 -2709.5 0
-1967 -2509.5 -2709.5 0

-1987 -2509.5 3447.5 0
-1967 -2509.5 3447.5 0

-1987 -2509.5 -2709.5 0
-1987 -2509.5 3447.5 0

-1967 -2509.5 -2709.5 0
-1967 -2509.5 3447.5 0

-2467 -2694.5 3447.5 0
-2467 -2602 3447.5 0

-2467 -2602 3447.5 0
-2467 -2555.75 3447.5 0
-2467 -2509.5 3447.5 0

-2467 -2509.5 3447.5 0

-2447 -2694.5 3447.5 0
-2447 -2509.5 3447.5 0

-2467 -2694.5 3447.5 0
-2447 -2694.5 3447.5 0

-2467 -2509.5 3447.5 0
-2447 -2509.5 3447.5 0

-2447 -2694.5 -2709.5 0
-2447 -2509.5 -2709.5 0

-2467 -2694.5 -2709.5 0
-2467 -2509.5 -2709.5 0

-2447 -2694.5 -2709.5 0
-2467 -2694.5 -2709.5 0

-2447 -2509.5 -2709.5 0
-2467 -2509.5 -2709.5 0

-2447 -2694.5 3447.5 0
-2447 -2509.5 3447.5 0

-2447 -2694.5 -2709.5 0
-2447 -2509.5 -2709.5 0

-2447 -2694.5 3447.5 0
-2447 -2694.5 -2709.5 0

-2447 -2509.5 3447.5 0
-2447 -2509.5 -2709.5 0

-2467 -2694.5 -2709.5 0
-2467 -2509.5 -2709.5 0

-2467 -2694.5 3447.5 0
-2467 -2509.5 3447.5 0

-2467 -2694.5 -2709.5 0
-2467 -2694.5 3447.5 0

-2467 -2509.5 -2709.5 0
-2467 -2509.5 3447.5 0

-2467 -2694.5 3447.5 0
-2447 -2694.5 3447.5 0

-2467 -2694.5 -2709.5 0
-2447 -2694.5 -2709.5 0

-2467 -2694.5 3447.5 0
-2467 -2694.5 -2709.5 0

-2447 -2694.5 3447.5 0
-2447 -2694.5 -2709.5 0

-2467 -2509.5 -2709.5 0
-2447 -2509.5 -2709.5 0

-2467 -2509.5 3447.5 0
-2447 -2509.5 3447.5 0

-2467 -2509.5 -2709.5 0
-2467 -2509.5 3447.5 0

-2447 -2509.5 -2709.5 0
-2447 -2509.5 3447.5 0

-2447 -9 3447.5 0
-2447 0 3447.5 0

-2447 0 3447.5 0
-2447 4.5 3447.5 0
-2447 9 3447.5 0

-2447 9 3447.5 0

-1987 -9 3447.5 0
-1987 9 3447.5 0

-2447 -9 3447.5 0
-1987 -9 3447.5 0

-2447 9 3447.5 0
-1987 9 3447.5 0

-1987 -9 -2709.5 0
-1987 9 -2709.5 0

-2447 -9 -2709.5 0
-2447 9 -2709.5 0

-1987 -9 -2709.5 0
-2447 -9 -2709.5 0

-1987 9 -2709.5 0
-2447 9 -2709.5 0

-1987 -9 3447.5 0
-1987 9 3447.5 0

-1987 -9 -2709.5 0
-1987 9 -2709.5 0

-1987 -9 3447.5 0
-1987 -9 -2709.5 0

-1987 9 3447.5 0
-1987 9 -2709.5 0

-2447 -9 -2709.5 0
-2447 9 -2709.5 0

-2447 -9 3447.5 0
-2447 9 3447.5 0

-2447 -9 -2709.5 0
-2447 -9 3447.5 0

-2447 9 -2709.5 0
-2447 9 3447.5 0

-2447 -9 3447.5 0
-1987 -9 3447.5 0

-2447 -9 -2709.5 0
-1987 -9 -2709.5 0

-2447 -9 3447.5 0
-2447 -9 -2709.5 0

-1987 -9 3447.5 0
-1987 -9 -2709.5 0

-2447 9 -2709.5 0
-1987 9 -2709.5 0

-2447 9 3447.5 0
-1987 9 3447.5 0

-2447 9 -2709.5 0
-2447 9 3447.5 0

-1987 9 -2709.5 0
-1987 9 3447.5 0

-1987 -92.5 3447.5 0
-1987 0 3447.5 0

-1987 0 3447.5 0
-1987 46.25 3447.5 0
-1987 92.5 3447.5 0

-1987 92.5 3447.5 0

-1967 -92.5 3447.5 0
-1967 92.5 3447.5 0

-1987 -92.5 3447.5 0
-1967 -92.5 3447.5 0

-1987 92.5 3447.5 0
-1967 92.5 3447.5 0

-1967 -92.5 -2709.5 0
-1967 92.5 -2709.5 0

-1987 -92.5 -2709.5 0
-1987 92.5 -2709.5 0

-1967 -92.5 -2709.5 0
-1987 -92.5 -2709.5 0

-1967 92.5 -2709.5 0
-1987 92.5 -2709.5 0

-1967 -92.5 3447.5 0
-1967 92.5 3447.5 0

-1967 -92.5 -2709.5 0
-1967 92.5 -2709.5 0

-1967 -92.5 3447.5 0
-1967 -92.5 -2709.5 0

-1967 92.5 3447.5 0
-1967 92.5 -2709.5 0

-1987 -92.5 -2709.5 0
-1987 92.5 -2709.5 0

-1987 -92.5 3447.5 0
-1987 92.5 3447.5 0

-1987 -92.5 -2709.5 0
-1987 -92.5 3447.5 0

-1987 92.5 -2709.5 0
-1987 92.5 3447.5 0

-1987 -92.5 3447.5 0
-1967 -92.5 3447.5 0

-1987 -92.5 -2709.5 0
-1967 -92.5 -2709.5 0

-1987 -92.5 3447.5 0
-1987 -92.5 -2709.5 0

-1967 -92.5 3447.5 0
-1967 -92.5 -2709.5 0

-1987 92.5 -2709.5 0
-1967 92.5 -2709.5 0

-1987 92.5 3447.5 0
-1967 92.5 3447.5 0

-1987 92.5 -2709.5 0
-1987 92.5 3447.5 0

-1967 92.5 -2709.5 0
-1967 92.5 3447.5 0

-2467 -92.5 3447.5 0
-2467 0 3447.5 0

-2467 0 3447.5 0
-2467 46.25 3447.5 0
-2467 92.5 3447.5 0

-2467 92.5 3447.5 0

-2447 -92.5 3447.5 0
-2447 92.5 3447.5 0

-2467 -92.5 3447.5 0
-2447 -92.5 3447.5 0

-2467 92.5 3447.5 0
-2447 92.5 3447.5 0

-2447 -92.5 -2709.5 0
-2447 92.5 -2709.5 0

-2467 -92.5 -2709.5 0
-2467 92.5 -2709.5 0

-2447 -92.5 -2709.5 0
-2467 -92.5 -2709.5 0

-2447 92.5 -2709.5 0
-2467 92.5 -2709.5 0

-2447 -92.5 3447.5 0
-2447 92.5 3447.5 0

-2447 -92.5 -2709.5 0
-2447 92.5 -2709.5 0

-2447 -92.5 3447.5 0
-2447 -92.5 -2709.5 0

-2447 92.5 3447.5 0
-2447 92.5 -2709.5 0

-2467 -92.5 -2709.5 0
-2467 92.5 -2709.5 0

-2467 -92.5 3447.5 0
-2467 92.5 3447.5 0

-2467 -92.5 -2709.5 0
-2467 -92.5 3447.5 0

-2467 92.5 -2709.5 0
-2467 92.5 3447.5 0

-2467 -92.5 3447.5 0
-2447 -92.5 3447.5 0

-2467 -92.5 -2709.5 0
-2447 -92.5 -2709.5 0

-2467 -92.5 3447.5 0
-2467 -92.5 -2709.5 0

-2447 -92.5 3447.5 0
-2447 -92.5 -2709.5 0

-2467 92.5 -2709.5 0
-2447 92.5 -2709.5 0

-2467 92.5 3447.5 0
-2447 92.5 3447.5 0

-2467 92.5 -2709.5 0
-2467 92.5 3447.5 0

-2447 92.5 -2709.5 0
-2447 92.5 3447.5 0

-2447 2593 3447.5 0
-2447 2602 3447.5 0

-2447 2602 3447.5 0
-2447 2606.5 3447.5 0
-2447 2611 3447.5 0

-2447 2611 3447.5 0

-1987 2593 3447.5 0
-1987 2611 3447.5 0

-2447 2593 3447.5 0
-1987 2593 3447.5 0

-2447 2611 3447.5 0
-1987 2611 3447.5 0

-1987 2593 -2709.5 0
-1987 2611 -2709.5 0

-2447 2593 -2709.5 0
-2447 2611 -2709.5 0

-1987 2593 -2709.5 0
-2447 2593 -2709.5 0

-1987 2611 -2709.5 0
-2447 2611 -2709.5 0

-1987 2593 3447.5 0
-1987 2611 3447.5 0

-1987 2593 -2709.5 0
-1987 2611 -2709.5 0

-1987 2593 3447.5 0
-1987 2593 -2709.5 0

-1987 2611 3447.5 0
-1987 2611 -2709.5 0

-2447 2593 -2709.5 0
-2447 2611 -2709.5 0

-2447 2593 3447.5 0
-2447 2611 3447.5 0

-2447 2593 -2709.5 0
-2447 2593 3447.5 0

-2447 2611 -2709.5 0
-2447 2611 3447.5 0

-2447 2593 3447.5 0
-1987 2593 3447.5 0

-2447 2593 -2709.5 0
-1987 2593 -2709.5 0

-2447 2593 3447.5 0
-2447 2593 -2709.5 0

-1987 2593 3447.5 0
-1987 2593 -2709.5 0

-2447 2611 -2709.5 0
-1987 2611 -2709.5 0

-2447 2611 3447.5 0
-1987 2611 3447.5 0

-2447 2611 -2709.5 0
-2447 2611 3447.5 0

-1987 2611 -2709.5 0
-1987 2611 3447.5 0

-1987 2509.5 3447.5 0
-1987 2602 3447.5 0

-1987 2602 3447.5 0
-1987 2648.25 3447.5 0
-1987 2694.5 3447.5 0

-1987 2694.5 3447.5 0

-1967 2509.5 3447.5 0
-1967 2694.5 3447.5 0

-1987 2509.5 3447.5 0
-1967 2509.5 3447.5 0

-1987 2694.5 3447.5 0
-1967 2694.5 3447.5 0

-1967 2509.5 -2709.5 0
-1967 2694.5 -2709.5 0

-1987 2509.5 -2709.5 0
-1987 2694.5 -2709.5 0

-1967 2509.5 -2709.5 0
-1987 2509.5 -2709.5 0

-1967 2694.5 -2709.5 0
-1987 2694.5 -2709.5 0

-1967 2509.5 3447.5 0
-1967 2694.5 3447.5 0

-1967 2509.5 -2709.5 0
-1967 2694.5 -2709.5 0

-1967 2509.5 3447.5 0
-1967 2509.5 -2709.5 0

-1967 2694.5 3447.5 0
-1967 2694.5 -2709.5 0

-1987 2509.5 -2709.5 0
-1987 2694.5 -2709.5 0

-1987 2509.5 3447.5 0
-1987 2694.5 3447.5 0

-1987 2509.5 -2709.5 0
-1987 2509.5 3447.5 0

-1987 2694.5 -2709.5 0
-1987 2694.5 3447.5 0

-1987 2509.5 3447.5 0
-1967 2509.5 3447.5 0

-1987 2509.5 -2709.5 0
-1967 2509.5 -2709.5 0

-1987 2509.5 3447.5 0
-1987 2509.5 -2709.5 0

-1967 2509.5 3447.5 0
-1967 2509.5 -2709.5 0

-1987 2694.5 -2709.5 0
-1967 2694.5 -2709.5 0

-1987 2694.5 3447.5 0
-1967 2694.5 3447.5 0

-1987 2694.5 -2709.5 0
-1987 2694.5 3447.5 0

-1967 2694.5 -2709.5 0
-1967 2694.5 3447.5 0

-2467 2509.5 3447.5 0
-2467 2602 3447.5 0

-2467 2602 3447.5 0
-2467 2648.25 3447.5 0
-2467 2694.5 3447.5 0

-2467 2694.5 3447.5 0

-2447 2509.5 3447.5 0
-2447 2694.5 3447.5 0

-2467 2509.5 3447.5 0
-2447 2509.5 3447.5 0

-2467 2694.5 3447.5 0
-2447 2694.5 3447.5 0

-2447 2509.5 -2709.5 0
-2447 2694.5 -2709.5 0

-2467 2509.5 -2709.5 0
-2467 2694.5 -2709.5 0

-2447 2509.5 -2709.5 0
-2467 2509.5 -2709.5 0

-2447 2694.5 -2709.5 0
-2467 2694.5 -2709.5 0

-2447 2509.5 3447.5 0
-2447 2694.5 3447.5 0

-2447 2509.5 -2709.5 0
-2447 2694.5 -2709.5 0

-2447 2509.5 3447.5 0
-2447 2509.5 -2709.5 0

-2447 2694.5 3447.5 0
-2447 2694.5 -2709.5 0

-2467 2509.5 -2709.5 0
-2467 2694.5 -2709.5 0

-2467 2509.5 3447.5 0
-2467 2694.5 3447.5 0

-2467 2509.5 -2709.5 0
-2467 2509.5 3447.5 0

-2467 2694.5 -2709.5 0
-2467 2694.5 3447.5 0

-2467 2509.5 3447.5 0
-2447 2509.5 3447.5 0

-2467 2509.5 -2709.5 0
-2447 2509.5 -2709.5 0

-2467 2509.5 3447.5 0
-2467 2509.5 -2709.5 0

-2447 2509.5 3447.5 0
-2447 2509.5 -2709.5 0

-2467 2694.5 -2709.5 0
-2447 2694.5 -2709.5 0

-2467 2694.5 3447.5 0
-2447 2694.5 3447.5 0

-2467 2694.5 -2709.5 0
-2467 2694.5 3447.5 0

-2447 2694.5 -2709.5 0
-2447 2694.5 3447.5 0

2931.5 92.5 2967.5 0
2931.5 1301 2967.5 0

2931.5 1301 2967.5 0
2931.5 1905.25 2967.5 0
2931.5 2509.5 2967.5 0

2931.5 2509.5 2967.5 0

2913.5 92.5 2967.5 0
2913.5 2509.5 2967.5 0

2931.5 92.5 2967.5 0
2913.5 92.5 2967.5 0

2931.5 2509.5 2967.5 0
2913.5 2509.5 2967.5 0

2913.5 92.5 3427.5 0
2913.5 2509.5 3427.5 0

2931.5 92.5 3427.5 0
2931.5 2509.5 3427.5 0

2913.5 92.5 3427.5 0
2931.5 92.5 3427.5 0

2913.5 2509.5 3427.5 0
2931.5 2509.5 3427.5 0

2913.5 92.5 2967.5 0
2913.5 2509.5 2967.5 0

2913.5 92.5 3427.5 0
2913.5 2509.5 3427.5 0

2913.5 92.5 2967.5 0
2913.5 92.5 3427.5 0

2913.5 2509.5 2967.5 0
2913.5 2509.5 3427.5 0

2931.5 92.5 3427.5 0
2931.5 2509.5 3427.5 0

2931.5 92.5 2967.5 0
2931.5 2509.5 2967.5 0

2931.5 92.5 3427.5 0
2931.5 92.5 2967.5 0

2931.5 2509.5 3427.5 0
2931.5 2509.5 2967.5 0

2931.5 92.5 2967.5 0
2913.5 92.5 2967.5 0

2931.5 92.5 3427.5 0
2913.5 92.5 3427.5 0

2931.5 92.5 2967.5 0
2931.5 92.5 3427.5 0

2913.5 92.5 2967.5 0
2913.5 92.5 3427.5 0

2931.5 2509.5 3427.5 0
2913.5 2509.5 3427.5 0

2931.5 2509.5 2967.5 0
2913.5 2509.5 2967.5 0

2931.5 2509.5 3427.5 0
2931.5 2509.5 2967.5 0

2913.5 2509.5 3427.5 0
2913.5 2509.5 2967.5 0

3015 92.5 2947.5 0
3015 1301 2947.5 0

3015 1301 2947.5 0
3015 1905.25 2947.5 0
3015 2509.5 2947.5 0

3015 2509.5 2947.5 0

2830 92.5 2947.5 0
2830 2509.5 2947.5 0

3015 92.5 2947.5 0
2830 92.5 2947.5 0

3015 2509.5 2947.5 0
2830 2509.5 2947.5 0

2830 92.5 2967.5 0
2830 2509.5 2967.5 0

3015 92.5 2967.5 0
3015 2509.5 2967.5 0

2830 92.5 2967.5 0
3015 92.5 2967.5 0

2830 2509.5 2967.5 0
3015 2509.5 2967.5 0

2830 92.5 2947.5 0
2830 2509.5 2947.5 0

2830 92.5 2967.5 0
2830 2509.5 2967.5 0

2830 92.5 2947.5 0
2830 92.5 2967.5 0

2830 2509.5 2947.5 0
2830 2509.5 2967.5 0

3015 92.5 2967.5 0
3015 2509.5 2967.5 0

3015 92.5 2947.5 0
3015 2509.5 2947.5 0

3015 92.5 2967.5 0
3015 92.5 2947.5 0

3015 2509.5 2967.5 0
3015 2509.5 2947.5 0

3015 92.5 2947.5 0
2830 92.5 2947.5 0

3015 92.5 2967.5 0
2830 92.5 2967.5 0

3015 92.5 2947.5 0
3015 92.5 2967.5 0

2830 92.5 2947.5 0
2830 92.5 2967.5 0

3015 2509.5 2967.5 0
2830 2509.5 2967.5 0

3015 2509.5 2947.5 0
2830 2509.5 2947.5 0

3015 2509.5 2967.5 0
3015 2509.5 2947.5 0

2830 2509.5 2967.5 0
2830 2509.5 2947.5 0

3015 92.5 3427.5 0
3015 1301 3427.5 0

3015 1301 3427.5 0
3015 1905.25 3427.5 0
3015 2509.5 3427.5 0

3015 2509.5 3427.5 0

2830 92.5 3427.5 0
2830 2509.5 3427.5 0

3015 92.5 3427.5 0
2830 92.5 3427.5 0

3015 2509.5 3427.5 0
2830 2509.5 3427.5 0

2830 92.5 3447.5 0
2830 2509.5 3447.5 0

3015 92.5 3447.5 0
3015 2509.5 3447.5 0

2830 92.5 3447.5 0
3015 92.5 3447.5 0

2830 2509.5 3447.5 0
3015 2509.5 3447.5 0

2830 92.5 3427.5 0
2830 2509.5 3427.5 0

2830 92.5 3447.5 0
2830 2509.5 3447.5 0

2830 92.5 3427.5 0
2830 92.5 3447.5 0

2830 2509.5 3427.5 0
2830 2509.5 3447.5 0

3015 92.5 3447.5 0
3015 2509.5 3447.5 0

3015 92.5 3427.5 0
3015 2509.5 3427.5 0

3015 92.5 3447.5 0
3015 92.5 3427.5 0

3015 2509.5 3447.5 0
3015 2509.5 3427.5 0

3015 92.5 3427.5 0
2830 92.5 3427.5 0

3015 92.5 3447.5 0
2830 92.5 3447.5 0

3015 92.5 3427.5 0
3015 92.5 3447.5 0

2830 92.5 3427.5 0
2830 92.5 3447.5 0

3015 2509.5 3447.5 0
2830 2509.5 3447.5 0

3015 2509.5 3427.5 0
2830 2509.5 3427.5 0

3015 2509.5 3447.5 0
3015 2509.5 3427.5 0

2830 2509.5 3447.5 0
2830 2509.5 3427.5 0

2931.5 -2509.5 2967.5 0
2931.5 -1301 2967.5 0

2931.5 -1301 2967.5 0
2931.5 -696.75 2967.5 0
2931.5 -92.5 2967.5 0

2931.5 -92.5 2967.5 0

2913.5 -2509.5 2967.5 0
2913.5 -92.5 2967.5 0

2931.5 -2509.5 2967.5 0
2913.5 -2509.5 2967.5 0

2931.5 -92.5 2967.5 0
2913.5 -92.5 2967.5 0

2913.5 -2509.5 3427.5 0
2913.5 -92.5 3427.5 0

2931.5 -2509.5 3427.5 0
2931.5 -92.5 3427.5 0

2913.5 -2509.5 3427.5 0
2931.5 -2509.5 3427.5 0

2913.5 -92.5 3427.5 0
2931.5 -92.5 3427.5 0

2913.5 -2509.5 2967.5 0
2913.5 -92.5 2967.5 0

2913.5 -2509.5 3427.5 0
2913.5 -92.5 3427.5 0

2913.5 -2509.5 2967.5 0
2913.5 -2509.5 3427.5 0

2913.5 -92.5 2967.5 0
2913.5 -92.5 3427.5 0

2931.5 -2509.5 3427.5 0
2931.5 -92.5 3427.5 0

2931.5 -2509.5 2967.5 0
2931.5 -92.5 2967.5 0

2931.5 -2509.5 3427.5 0
2931.5 -2509.5 2967.5 0

2931.5 -92.5 3427.5 0
2931.5 -92.5 2967.5 0

2931.5 -2509.5 2967.5 0
2913.5 -2509.5 2967.5 0

2931.5 -2509.5 3427.5 0
2913.5 -2509.5 3427.5 0

2931.5 -2509.5 2967.5 0
2931.5 -2509.5 3427.5 0

2913.5 -2509.5 2967.5 0
2913.5 -2509.5 3427.5 0

2931.5 -92.5 3427.5 0
2913.5 -92.5 3427.5 0

2931.5 -92.5 2967.5 0
2913.5 -92.5 2967.5 0

2931.5 -92.5 3427.5 0
2931.5 -92.5 2967.5 0

2913.5 -92.5 3427.5 0
2913.5 -92.5 2967.5 0

3015 -2509.5 2947.5 0
3015 -1301 2947.5 0

3015 -1301 2947.5 0
3015 -696.75 2947.5 0
3015 -92.5 2947.5 0

3015 -92.5 2947.5 0

2830 -2509.5 2947.5 0
2830 -92.5 2947.5 0

3015 -2509.5 2947.5 0
2830 -2509.5 2947.5 0

3015 -92.5 2947.5 0
2830 -92.5 2947.5 0

2830 -2509.5 2967.5 0
2830 -92.5 2967.5 0

3015 -2509.5 2967.5 0
3015 -92.5 2967.5 0

2830 -2509.5 2967.5 0
3015 -2509.5 2967.5 0

2830 -92.5 2967.5 0
3015 -92.5 2967.5 0

2830 -2509.5 2947.5 0
2830 -92.5 2947.5 0

2830 -2509.5 2967.5 0
2830 -92.5 2967.5 0

2830 -2509.5 2947.5 0
2830 -2509.5 2967.5 0

2830 -92.5 2947.5 0
2830 -92.5 2967.5 0

3015 -2509.5 2967.5 0
3015 -92.5 2967.5 0

3015 -2509.5 2947.5 0
3015 -92.5 2947.5 0

3015 -2509.5 2967.5 0
3015 -2509.5 2947.5 0

3015 -92.5 2967.5 0
3015 -92.5 2947.5 0

3015 -2509.5 2947.5 0
2830 -2509.5 2947.5 0

3015 -2509.5 2967.5 0
2830 -2509.5 2967.5 0

3015 -2509.5 2947.5 0
3015 -2509.5 2967.5 0

2830 -2509.5 2947.5 0
2830 -2509.5 2967.5 0

3015 -92.5 2967.5 0
2830 -92.5 2967.5 0

3015 -92.5 2947.5 0
2830 -92.5 2947.5 0

3015 -92.5 2967.5 0
3015 -92.5 2947.5 0

2830 -92.5 2967.5 0
2830 -92.5 2947.5 0

3015 -2509.5 3427.5 0
3015 -1301 3427.5 0

3015 -1301 3427.5 0
3015 -696.75 3427.5 0
3015 -92.5 3427.5 0

3015 -92.5 3427.5 0

2830 -2509.5 3427.5 0
2830 -92.5 3427.5 0

3015 -2509.5 3427.5 0
2830 -2509.5 3427.5 0

3015 -92.5 3427.5 0
2830 -92.5 3427.5 0

2830 -2509.5 3447.5 0
2830 -92.5 3447.5 0

3015 -2509.5 3447.5 0
3015 -92.5 3447.5 0

2830 -2509.5 3447.5 0
3015 -2509.5 3447.5 0

2830 -92.5 3447.5 0
3015 -92.5 3447.5 0

2830 -2509.5 3427.5 0
2830 -92.5 3427.5 0

2830 -2509.5 3447.5 0
2830 -92.5 3447.5 0

2830 -2509.5 3427.5 0
2830 -2509.5 3447.5 0

2830 -92.5 3427.5 0
2830 -92.5 3447.5 0

3015 -2509.5 3447.5 0
3015 -92.5 3447.5 0

3015 -2509.5 3427.5 0
3015 -92.5 3427.5 0

3015 -2509.5 3447.5 0
3015 -2509.5 3427.5 0

3015 -92.5 3447.5 0
3015 -92.5 3427.5 0

3015 -2509.5 3427.5 0
2830 -2509.5 3427.5 0

3015 -2509.5 3447.5 0
2830 -2509.5 3447.5 0

3015 -2509.5 3427.5 0
3015 -2509.5 3447.5 0

2830 -2509.5 3427.5 0
2830 -2509.5 3447.5 0

3015 -92.5 3447.5 0
2830 -92.5 3447.5 0

3015 -92.5 3427.5 0
2830 -92.5 3427.5 0

3015 -92.5 3447.5 0
3015 -92.5 3427.5 0

2830 -92.5 3447.5 0
2830 -92.5 3427.5 0

3205 2940.50776702965 752.722871352797 0
3205 2818.15621577971 695.669406017802 0

3205 2818.15621577971 695.669406017802 0
3205 2756.98044015473 667.142673350305 0
3205 2695.80466452976 638.615940682808 0

3205 2695.80466452976 638.615940682808 0

2955 2940.50776702965 752.722871352797 0
2955 2695.80466452976 638.615940682808 0

3205 2940.50776702965 752.722871352797 0
2955 2940.50776702965 752.722871352797 0

3205 2695.80466452976 638.615940682808 0
2955 2695.80466452976 638.615940682808 0

2955 4504.19533547024 -2600.61594068281 0
2955 4259.49223297035 -2714.7228713528 0

3205 4504.19533547024 -2600.61594068281 0
3205 4259.49223297035 -2714.7228713528 0

2955 4504.19533547024 -2600.61594068281 0
3205 4504.19533547024 -2600.61594068281 0

2955 4259.49223297035 -2714.7228713528 0
3205 4259.49223297035 -2714.7228713528 0

2955 2940.50776702965 752.722871352797 0
2955 2695.80466452976 638.615940682808 0

2955 4504.19533547024 -2600.61594068281 0
2955 4259.49223297035 -2714.7228713528 0

2955 2940.50776702965 752.722871352797 0
2955 4504.19533547024 -2600.61594068281 0

2955 2695.80466452976 638.615940682808 0
2955 4259.49223297035 -2714.7228713528 0

3205 4504.19533547024 -2600.61594068281 0
3205 4259.49223297035 -2714.7228713528 0

3205 2940.50776702965 752.722871352797 0
3205 2695.80466452976 638.615940682808 0

3205 4504.19533547024 -2600.61594068281 0
3205 2940.50776702965 752.722871352797 0

3205 4259.49223297035 -2714.7228713528 0
3205 2695.80466452976 638.615940682808 0

3205 2940.50776702965 752.722871352797 0
2955 2940.50776702965 752.722871352797 0

3205 4504.19533547024 -2600.61594068281 0
2955 4504.19533547024 -2600.61594068281 0

3205 2940.50776702965 752.722871352797 0
3205 4504.19533547024 -2600.61594068281 0

2955 2940.50776702965 752.722871352797 0
2955 4504.19533547024 -2600.61594068281 0

3205 4259.49223297035 -2714.7228713528 0
2955 4259.49223297035 -2714.7228713528 0

3205 2695.80466452976 638.615940682808 0
2955 2695.80466452976 638.615940682808 0

3205 4259.49223297035 -2714.7228713528 0
3205 2695.80466452976 638.615940682808 0

2955 4259.49223297035 -2714.7228713528 0
2955 2695.80466452976 638.615940682808 0

3205 -2695.80466452976 638.615940682808 0
3205 -2818.15621577971 695.669406017802 0

3205 -2818.15621577971 695.669406017802 0
3205 -2879.33199140468 724.1961386853 0
3205 -2940.50776702965 752.722871352797 0

3205 -2940.50776702965 752.722871352797 0

2955 -2695.80466452976 638.615940682808 0
2955 -2940.50776702965 752.722871352797 0

3205 -2695.80466452976 638.615940682808 0
2955 -2695.80466452976 638.615940682808 0

3205 -2940.50776702965 752.722871352797 0
2955 -2940.50776702965 752.722871352797 0

2955 -4259.49223297035 -2714.7228713528 0
2955 -4504.19533547024 -2600.61594068281 0

3205 -4259.49223297035 -2714.7228713528 0
3205 -4504.19533547024 -2600.61594068281 0

2955 -4259.49223297035 -2714.7228713528 0
3205 -4259.49223297035 -2714.7228713528 0

2955 -4504.19533547024 -2600.61594068281 0
3205 -4504.19533547024 -2600.61594068281 0

2955 -2695.80466452976 638.615940682808 0
2955 -2940.50776702965 752.722871352797 0

2955 -4259.49223297035 -2714.7228713528 0
2955 -4504.19533547024 -2600.61594068281 0

2955 -2695.80466452976 638.615940682808 0
2955 -4259.49223297035 -2714.7228713528 0

2955 -2940.50776702965 752.722871352797 0
2955 -4504.19533547024 -2600.61594068281 0

3205 -4259.49223297035 -2714.7228713528 0
3205 -4504.19533547024 -2600.61594068281 0

3205 -2695.80466452976 638.615940682808 0
3205 -2940.50776702965 752.722871352797 0

3205 -4259.49223297035 -2714.7228713528 0
3205 -2695.80466452976 638.615940682808 0

3205 -4504.19533547024 -2600.61594068281 0
3205 -2940.50776702965 752.722871352797 0

3205 -2695.80466452976 638.615940682808 0
2955 -2695.80466452976 638.615940682808 0

3205 -4259.49223297035 -2714.7228713528 0
2955 -4259.49223297035 -2714.7228713528 0

3205 -2695.80466452976 638.615940682808 0
3205 -4259.49223297035 -2714.7228713528 0

2955 -2695.80466452976 638.615940682808 0
2955 -4259.49223297035 -2714.7228713528 0

3205 -4504.19533547024 -2600.61594068281 0
2955 -4504.19533547024 -2600.61594068281 0

3205 -2940.50776702965 752.722871352797 0
2955 -2940.50776702965 752.722871352797 0

3205 -4504.19533547024 -2600.61594068281 0
3205 -2940.50776702965 752.722871352797 0

2955 -4504.19533547024 -2600.61594068281 0
2955 -2940.50776702965 752.722871352797 0

2850 -2611 3447.5 0
2850 -2602 3447.5 0

2850 -2602 3447.5 0
2850 -2597.5 3447.5 0
2850 -2593 3447.5 0

2850 -2593 3447.5 0

3310 -2611 3447.5 0
3310 -2593 3447.5 0

2850 -2611 3447.5 0
3310 -2611 3447.5 0

2850 -2593 3447.5 0
3310 -2593 3447.5 0

3310 -2611 -2709.5 0
3310 -2593 -2709.5 0

2850 -2611 -2709.5 0
2850 -2593 -2709.5 0

3310 -2611 -2709.5 0
2850 -2611 -2709.5 0

3310 -2593 -2709.5 0
2850 -2593 -2709.5 0

3310 -2611 3447.5 0
3310 -2593 3447.5 0

3310 -2611 -2709.5 0
3310 -2593 -2709.5 0

3310 -2611 3447.5 0
3310 -2611 -2709.5 0

3310 -2593 3447.5 0
3310 -2593 -2709.5 0

2850 -2611 -2709.5 0
2850 -2593 -2709.5 0

2850 -2611 3447.5 0
2850 -2593 3447.5 0

2850 -2611 -2709.5 0
2850 -2611 3447.5 0

2850 -2593 -2709.5 0
2850 -2593 3447.5 0

2850 -2611 3447.5 0
3310 -2611 3447.5 0

2850 -2611 -2709.5 0
3310 -2611 -2709.5 0

2850 -2611 3447.5 0
2850 -2611 -2709.5 0

3310 -2611 3447.5 0
3310 -2611 -2709.5 0

2850 -2593 -2709.5 0
3310 -2593 -2709.5 0

2850 -2593 3447.5 0
3310 -2593 3447.5 0

2850 -2593 -2709.5 0
2850 -2593 3447.5 0

3310 -2593 -2709.5 0
3310 -2593 3447.5 0

3310 -2694.5 3447.5 0
3310 -2602 3447.5 0

3310 -2602 3447.5 0
3310 -2555.75 3447.5 0
3310 -2509.5 3447.5 0

3310 -2509.5 3447.5 0

3330 -2694.5 3447.5 0
3330 -2509.5 3447.5 0

3310 -2694.5 3447.5 0
3330 -2694.5 3447.5 0

3310 -2509.5 3447.5 0
3330 -2509.5 3447.5 0

3330 -2694.5 -2709.5 0
3330 -2509.5 -2709.5 0

3310 -2694.5 -2709.5 0
3310 -2509.5 -2709.5 0

3330 -2694.5 -2709.5 0
3310 -2694.5 -2709.5 0

3330 -2509.5 -2709.5 0
3310 -2509.5 -2709.5 0

3330 -2694.5 3447.5 0
3330 -2509.5 3447.5 0

3330 -2694.5 -2709.5 0
3330 -2509.5 -2709.5 0

3330 -2694.5 3447.5 0
3330 -2694.5 -2709.5 0

3330 -2509.5 3447.5 0
3330 -2509.5 -2709.5 0

3310 -2694.5 -2709.5 0
3310 -2509.5 -2709.5 0

3310 -2694.5 3447.5 0
3310 -2509.5 3447.5 0

3310 -2694.5 -2709.5 0
3310 -2694.5 3447.5 0

3310 -2509.5 -2709.5 0
3310 -2509.5 3447.5 0

3310 -2694.5 3447.5 0
3330 -2694.5 3447.5 0

3310 -2694.5 -2709.5 0
3330 -2694.5 -2709.5 0

3310 -2694.5 3447.5 0
3310 -2694.5 -2709.5 0

3330 -2694.5 3447.5 0
3330 -2694.5 -2709.5 0

3310 -2509.5 -2709.5 0
3330 -2509.5 -2709.5 0

3310 -2509.5 3447.5 0
3330 -2509.5 3447.5 0

3310 -2509.5 -2709.5 0
3310 -2509.5 3447.5 0

3330 -2509.5 -2709.5 0
3330 -2509.5 3447.5 0

2830 -2694.5 3447.5 0
2830 -2602 3447.5 0

2830 -2602 3447.5 0
2830 -2555.75 3447.5 0
2830 -2509.5 3447.5 0

2830 -2509.5 3447.5 0

2850 -2694.5 3447.5 0
2850 -2509.5 3447.5 0

2830 -2694.5 3447.5 0
2850 -2694.5 3447.5 0

2830 -2509.5 3447.5 0
2850 -2509.5 3447.5 0

2850 -2694.5 -2709.5 0
2850 -2509.5 -2709.5 0

2830 -2694.5 -2709.5 0
2830 -2509.5 -2709.5 0

2850 -2694.5 -2709.5 0
2830 -2694.5 -2709.5 0

2850 -2509.5 -2709.5 0
2830 -2509.5 -2709.5 0

2850 -2694.5 3447.5 0
2850 -2509.5 3447.5 0

2850 -2694.5 -2709.5 0
2850 -2509.5 -2709.5 0

2850 -2694.5 3447.5 0
2850 -2694.5 -2709.5 0

2850 -2509.5 3447.5 0
2850 -2509.5 -2709.5 0

2830 -2694.5 -2709.5 0
2830 -2509.5 -2709.5 0

2830 -2694.5 3447.5 0
2830 -2509.5 3447.5 0

2830 -2694.5 -2709.5 0
2830 -2694.5 3447.5 0

2830 -2509.5 -2709.5 0
2830 -2509.5 3447.5 0

2830 -2694.5 3447.5 0
2850 -2694.5 3447.5 0

2830 -2694.5 -2709.5 0
2850 -2694.5 -2709.5 0

2830 -2694.5 3447.5 0
2830 -2694.5 -2709.5 0

2850 -2694.5 3447.5 0
2850 -2694.5 -2709.5 0

2830 -2509.5 -2709.5 0
2850 -2509.5 -2709.5 0

2830 -2509.5 3447.5 0
2850 -2509.5 3447.5 0

2830 -2509.5 -2709.5 0
2830 -2509.5 3447.5 0

2850 -2509.5 -2709.5 0
2850 -2509.5 3447.5 0

2850 -9 3447.5 0
2850 0 3447.5 0

2850 0 3447.5 0
2850 4.5 3447.5 0
2850 9 3447.5 0

2850 9 3447.5 0

3310 -9 3447.5 0
3310 9 3447.5 0

2850 -9 3447.5 0
3310 -9 3447.5 0

2850 9 3447.5 0
3310 9 3447.5 0

3310 -9 -2709.5 0
3310 9 -2709.5 0

2850 -9 -2709.5 0
2850 9 -2709.5 0

3310 -9 -2709.5 0
2850 -9 -2709.5 0

3310 9 -2709.5 0
2850 9 -2709.5 0

3310 -9 3447.5 0
3310 9 3447.5 0

3310 -9 -2709.5 0
3310 9 -2709.5 0

3310 -9 3447.5 0
3310 -9 -2709.5 0

3310 9 3447.5 0
3310 9 -2709.5 0

2850 -9 -2709.5 0
2850 9 -2709.5 0

2850 -9 3447.5 0
2850 9 3447.5 0

2850 -9 -2709.5 0
2850 -9 3447.5 0

2850 9 -2709.5 0
2850 9 3447.5 0

2850 -9 3447.5 0
3310 -9 3447.5 0

2850 -9 -2709.5 0
3310 -9 -2709.5 0

2850 -9 3447.5 0
2850 -9 -2709.5 0

3310 -9 3447.5 0
3310 -9 -2709.5 0

2850 9 -2709.5 0
3310 9 -2709.5 0

2850 9 3447.5 0
3310 9 3447.5 0

2850 9 -2709.5 0
2850 9 3447.5 0

3310 9 -2709.5 0
3310 9 3447.5 0

3310 -92.5 3447.5 0
3310 0 3447.5 0

3310 0 3447.5 0
3310 46.25 3447.5 0
3310 92.5 3447.5 0

3310 92.5 3447.5 0

3330 -92.5 3447.5 0
3330 92.5 3447.5 0

3310 -92.5 3447.5 0
3330 -92.5 3447.5 0

3310 92.5 3447.5 0
3330 92.5 3447.5 0

3330 -92.5 -2709.5 0
3330 92.5 -2709.5 0

3310 -92.5 -2709.5 0
3310 92.5 -2709.5 0

3330 -92.5 -2709.5 0
3310 -92.5 -2709.5 0

3330 92.5 -2709.5 0
3310 92.5 -2709.5 0

3330 -92.5 3447.5 0
3330 92.5 3447.5 0

3330 -92.5 -2709.5 0
3330 92.5 -2709.5 0

3330 -92.5 3447.5 0
3330 -92.5 -2709.5 0

3330 92.5 3447.5 0
3330 92.5 -2709.5 0

3310 -92.5 -2709.5 0
3310 92.5 -2709.5 0

3310 -92.5 3447.5 0
3310 92.5 3447.5 0

3310 -92.5 -2709.5 0
3310 -92.5 3447.5 0

3310 92.5 -2709.5 0
3310 92.5 3447.5 0

3310 -92.5 3447.5 0
3330 -92.5 3447.5 0

3310 -92.5 -2709.5 0
3330 -92.5 -2709.5 0

3310 -92.5 3447.5 0
3310 -92.5 -2709.5 0

3330 -92.5 3447.5 0
3330 -92.5 -2709.5 0

3310 92.5 -2709.5 0
3330 92.5 -2709.5 0

3310 92.5 3447.5 0
3330 92.5 3447.5 0

3310 92.5 -2709.5 0
3310 92.5 3447.5 0

3330 92.5 -2709.5 0
3330 92.5 3447.5 0

2830 -92.5 3447.5 0
2830 0 3447.5 0

2830 0 3447.5 0
2830 46.25 3447.5 0
2830 92.5 3447.5 0

2830 92.5 3447.5 0

2850 -92.5 3447.5 0
2850 92.5 3447.5 0

2830 -92.5 3447.5 0
2850 -92.5 3447.5 0

2830 92.5 3447.5 0
2850 92.5 3447.5 0

2850 -92.5 -2709.5 0
2850 92.5 -2709.5 0

2830 -92.5 -2709.5 0
2830 92.5 -2709.5 0

2850 -92.5 -2709.5 0
2830 -92.5 -2709.5 0

2850 92.5 -2709.5 0
2830 92.5 -2709.5 0

2850 -92.5 3447.5 0
2850 92.5 3447.5 0

2850 -92.5 -2709.5 0
2850 92.5 -2709.5 0

2850 -92.5 3447.5 0
2850 -92.5 -2709.5 0

2850 92.5 3447.5 0
2850 92.5 -2709.5 0

2830 -92.5 -2709.5 0
2830 92.5 -2709.5 0

2830 -92.5 3447.5 0
2830 92.5 3447.5 0

2830 -92.5 -2709.5 0
2830 -92.5 3447.5 0

2830 92.5 -2709.5 0
2830 92.5 3447.5 0

2830 -92.5 3447.5 0
2850 -92.5 3447.5 0

2830 -92.5 -2709.5 0
2850 -92.5 -2709.5 0

2830 -92.5 3447.5 0
2830 -92.5 -2709.5 0

2850 -92.5 3447.5 0
2850 -92.5 -2709.5 0

2830 92.5 -2709.5 0
2850 92.5 -2709.5 0

2830 92.5 3447.5 0
2850 92.5 3447.5 0

2830 92.5 -2709.5 0
2830 92.5 3447.5 0

2850 92.5 -2709.5 0
2850 92.5 3447.5 0

2850 2593 3447.5 0
2850 2602 3447.5 0

2850 2602 3447.5 0
2850 2606.5 3447.5 0
2850 2611 3447.5 0

2850 2611 3447.5 0

3310 2593 3447.5 0
3310 2611 3447.5 0

2850 2593 3447.5 0
3310 2593 3447.5 0

2850 2611 3447.5 0
3310 2611 3447.5 0

3310 2593 -2709.5 0
3310 2611 -2709.5 0

2850 2593 -2709.5 0
2850 2611 -2709.5 0

3310 2593 -2709.5 0
2850 2593 -2709.5 0

3310 2611 -2709.5 0
2850 2611 -2709.5 0

3310 2593 3447.5 0
3310 2611 3447.5 0

3310 2593 -2709.5 0
3310 2611 -2709.5 0

3310 2593 3447.5 0
3310 2593 -2709.5 0

3310 2611 3447.5 0
3310 2611 -2709.5 0

2850 2593 -2709.5 0
2850 2611 -2709.5 0

2850 2593 3447.5 0
2850 2611 3447.5 0

2850 2593 -2709.5 0
2850 2593 3447.5 0

2850 2611 -2709.5 0
2850 2611 3447.5 0

2850 2593 3447.5 0
3310 2593 3447.5 0

2850 2593 -2709.5 0
3310 2593 -2709.5 0

2850 2593 3447.5 0
2850 2593 -2709.5 0

3310 2593 3447.5 0
3310 2593 -2709.5 0

2850 2611 -2709.5 0
3310 2611 -2709.5 0

2850 2611 3447.5 0
3310 2611 3447.5 0

2850 2611 -2709.5 0
2850 2611 3447.5 0

3310 2611 -2709.5 0
3310 2611 3447.5 0

3310 2509.5 3447.5 0
3310 2602 3447.5 0

3310 2602 3447.5 0
3310 2648.25 3447.5 0
3310 2694.5 3447.5 0

3310 2694.5 3447.5 0

3330 2509.5 3447.5 0
3330 2694.5 3447.5 0

3310 2509.5 3447.5 0
3330 2509.5 3447.5 0

3310 2694.5 3447.5 0
3330 2694.5 3447.5 0

3330 2509.5 -2709.5 0
3330 2694.5 -2709.5 0

3310 2509.5 -2709.5 0
3310 2694.5 -2709.5 0

3330 2509.5 -2709.5 0
3310 2509.5 -2709.5 0

3330 2694.5 -2709.5 0
3310 2694.5 -2709.5 0

3330 2509.5 3447.5 0
3330 2694.5 3447.5 0

3330 2509.5 -2709.5 0
3330 2694.5 -2709.5 0

3330 2509.5 3447.5 0
3330 2509.5 -2709.5 0

3330 2694.5 3447.5 0
3330 2694.5 -2709.5 0

3310 2509.5 -2709.5 0
3310 2694.5 -2709.5 0

3310 2509.5 3447.5 0
3310 2694.5 3447.5 0

3310 2509.5 -2709.5 0
3310 2509.5 3447.5 0

3310 2694.5 -2709.5 0
3310 2694.5 3447.5 0

3310 2509.5 3447.5 0
3330 2509.5 3447.5 0

3310 2509.5 -2709.5 0
3330 2509.5 -2709.5 0

3310 2509.5 3447.5 0
3310 2509.5 -2709.5 0

3330 2509.5 3447.5 0
3330 2509.5 -2709.5 0

3310 2694.5 -2709.5 0
3330 2694.5 -2709.5 0

3310 2694.5 3447.5 0
3330 2694.5 3447.5 0

3310 2694.5 -2709.5 0
3310 2694.5 3447.5 0

3330 2694.5 -2709.5 0
3330 2694.5 3447.5 0

2830 2509.5 3447.5 0
2830 2602 3447.5 0

2830 2602 3447.5 0
2830 2648.25 3447.5 0
2830 2694.5 3447.5 0

2830 2694.5 3447.5 0

2850 2509.5 3447.5 0
2850 2694.5 3447.5 0

2830 2509.5 3447.5 0
2850 2509.5 3447.5 0

2830 2694.5 3447.5 0
2850 2694.5 3447.5 0

2850 2509.5 -2709.5 0
2850 2694.5 -2709.5 0

2830 2509.5 -2709.5 0
2830 2694.5 -2709.5 0

2850 2509.5 -2709.5 0
2830 2509.5 -2709.5 0

2850 2694.5 -2709.5 0
2830 2694.5 -2709.5 0

2850 2509.5 3447.5 0
2850 2694.5 3447.5 0

2850 2509.5 -2709.5 0
2850 2694.5 -2709.5 0

2850 2509.5 3447.5 0
2850 2509.5 -2709.5 0

2850 2694.5 3447.5 0
2850 2694.5 -2709.5 0

2830 2509.5 -2709.5 0
2830 2694.5 -2709.5 0

2830 2509.5 3447.5 0
2830 2694.5 3447.5 0

2830 2509.5 -2709.5 0
2830 2509.5 3447.5 0

2830 2694.5 -2709.5 0
2830 2694.5 3447.5 0

2830 2509.5 3447.5 0
2850 2509.5 3447.5 0

2830 2509.5 -2709.5 0
2850 2509.5 -2709.5 0

2830 2509.5 3447.5 0
2830 2509.5 -2709.5 0

2850 2509.5 3447.5 0
2850 2509.5 -2709.5 0

2830 2694.5 -2709.5 0
2850 2694.5 -2709.5 0

2830 2694.5 3447.5 0
2850 2694.5 3447.5 0

2830 2694.5 -2709.5 0
2830 2694.5 3447.5 0

2850 2694.5 -2709.5 0
2850 2694.5 3447.5 0

3011 -2595.25 -2670 0
2546 -2595.25 -2670 0

2546 -2595.25 -2670 0
2313.5 -2595.25 -2670 0
2081 -2595.25 -2670 0

2081 -2595.25 -2670 0

3011 -2620.75 -2670 0
2081 -2620.75 -2670 0

3011 -2595.25 -2670 0
3011 -2620.75 -2670 0

2081 -2595.25 -2670 0
2081 -2620.75 -2670 0

3011 -2620.75 -2130 0
2081 -2620.75 -2130 0

3011 -2595.25 -2130 0
2081 -2595.25 -2130 0

3011 -2620.75 -2130 0
3011 -2595.25 -2130 0

2081 -2620.75 -2130 0
2081 -2595.25 -2130 0

3011 -2620.75 -2670 0
2081 -2620.75 -2670 0

3011 -2620.75 -2130 0
2081 -2620.75 -2130 0

3011 -2620.75 -2670 0
3011 -2620.75 -2130 0

2081 -2620.75 -2670 0
2081 -2620.75 -2130 0

3011 -2595.25 -2130 0
2081 -2595.25 -2130 0

3011 -2595.25 -2670 0
2081 -2595.25 -2670 0

3011 -2595.25 -2130 0
3011 -2595.25 -2670 0

2081 -2595.25 -2130 0
2081 -2595.25 -2670 0

3011 -2595.25 -2670 0
3011 -2620.75 -2670 0

3011 -2595.25 -2130 0
3011 -2620.75 -2130 0

3011 -2595.25 -2670 0
3011 -2595.25 -2130 0

3011 -2620.75 -2670 0
3011 -2620.75 -2130 0

2081 -2595.25 -2130 0
2081 -2620.75 -2130 0

2081 -2595.25 -2670 0
2081 -2620.75 -2670 0

2081 -2595.25 -2130 0
2081 -2595.25 -2670 0

2081 -2620.75 -2130 0
2081 -2620.75 -2670 0

3011 -2458 -2700 0
2546 -2458 -2700 0

2546 -2458 -2700 0
2313.5 -2458 -2700 0
2081 -2458 -2700 0

2081 -2458 -2700 0

3011 -2758 -2700 0
2081 -2758 -2700 0

3011 -2458 -2700 0
3011 -2758 -2700 0

2081 -2458 -2700 0
2081 -2758 -2700 0

3011 -2758 -2670 0
2081 -2758 -2670 0

3011 -2458 -2670 0
2081 -2458 -2670 0

3011 -2758 -2670 0
3011 -2458 -2670 0

2081 -2758 -2670 0
2081 -2458 -2670 0

3011 -2758 -2700 0
2081 -2758 -2700 0

3011 -2758 -2670 0
2081 -2758 -2670 0

3011 -2758 -2700 0
3011 -2758 -2670 0

2081 -2758 -2700 0
2081 -2758 -2670 0

3011 -2458 -2670 0
2081 -2458 -2670 0

3011 -2458 -2700 0
2081 -2458 -2700 0

3011 -2458 -2670 0
3011 -2458 -2700 0

2081 -2458 -2670 0
2081 -2458 -2700 0

3011 -2458 -2700 0
3011 -2758 -2700 0

3011 -2458 -2670 0
3011 -2758 -2670 0

3011 -2458 -2700 0
3011 -2458 -2670 0

3011 -2758 -2700 0
3011 -2758 -2670 0

2081 -2458 -2670 0
2081 -2758 -2670 0

2081 -2458 -2700 0
2081 -2758 -2700 0

2081 -2458 -2670 0
2081 -2458 -2700 0

2081 -2758 -2670 0
2081 -2758 -2700 0

3011 -2458 -2130 0
2546 -2458 -2130 0

2546 -2458 -2130 0
2313.5 -2458 -2130 0
2081 -2458 -2130 0

2081 -2458 -2130 0

3011 -2758 -2130 0
2081 -2758 -2130 0

3011 -2458 -2130 0
3011 -2758 -2130 0

2081 -2458 -2130 0
2081 -2758 -2130 0

3011 -2758 -2100 0
2081 -2758 -2100 0

3011 -2458 -2100 0
2081 -2458 -2100 0

3011 -2758 -2100 0
3011 -2458 -2100 0

2081 -2758 -2100 0
2081 -2458 -2100 0

3011 -2758 -2130 0
2081 -2758 -2130 0

3011 -2758 -2100 0
2081 -2758 -2100 0

3011 -2758 -2130 0
3011 -2758 -2100 0

2081 -2758 -2130 0
2081 -2758 -2100 0

3011 -2458 -2100 0
2081 -2458 -2100 0

3011 -2458 -2130 0
2081 -2458 -2130 0

3011 -2458 -2100 0
3011 -2458 -2130 0

2081 -2458 -2100 0
2081 -2458 -2130 0

3011 -2458 -2130 0
3011 -2758 -2130 0

3011 -2458 -2100 0
3011 -2758 -2100 0

3011 -2458 -2130 0
3011 -2458 -2100 0

3011 -2758 -2130 0
3011 -2758 -2100 0

2081 -2458 -2100 0
2081 -2758 -2100 0

2081 -2458 -2130 0
2081 -2758 -2130 0

2081 -2458 -2100 0
2081 -2458 -2130 0

2081 -2758 -2100 0
2081 -2758 -2130 0

3011 12.75 -2670 0
2546 12.75 -2670 0

2546 12.75 -2670 0
2313.5 12.75 -2670 0
2081 12.75 -2670 0

2081 12.75 -2670 0

3011 -12.75 -2670 0
2081 -12.75 -2670 0

3011 12.75 -2670 0
3011 -12.75 -2670 0

2081 12.75 -2670 0
2081 -12.75 -2670 0

3011 -12.75 -2130 0
2081 -12.75 -2130 0

3011 12.75 -2130 0
2081 12.75 -2130 0

3011 -12.75 -2130 0
3011 12.75 -2130 0

2081 -12.75 -2130 0
2081 12.75 -2130 0

3011 -12.75 -2670 0
2081 -12.75 -2670 0

3011 -12.75 -2130 0
2081 -12.75 -2130 0

3011 -12.75 -2670 0
3011 -12.75 -2130 0

2081 -12.75 -2670 0
2081 -12.75 -2130 0

3011 12.75 -2130 0
2081 12.75 -2130 0

3011 12.75 -2670 0
2081 12.75 -2670 0

3011 12.75 -2130 0
3011 12.75 -2670 0

2081 12.75 -2130 0
2081 12.75 -2670 0

3011 12.75 -2670 0
3011 -12.75 -2670 0

3011 12.75 -2130 0
3011 -12.75 -2130 0

3011 12.75 -2670 0
3011 12.75 -2130 0

3011 -12.75 -2670 0
3011 -12.75 -2130 0

2081 12.75 -2130 0
2081 -12.75 -2130 0

2081 12.75 -2670 0
2081 -12.75 -2670 0

2081 12.75 -2130 0
2081 12.75 -2670 0

2081 -12.75 -2130 0
2081 -12.75 -2670 0

3011 150 -2700 0
2546 150 -2700 0

2546 150 -2700 0
2313.5 150 -2700 0
2081 150 -2700 0

2081 150 -2700 0

3011 -150 -2700 0
2081 -150 -2700 0

3011 150 -2700 0
3011 -150 -2700 0

2081 150 -2700 0
2081 -150 -2700 0

3011 -150 -2670 0
2081 -150 -2670 0

3011 150 -2670 0
2081 150 -2670 0

3011 -150 -2670 0
3011 150 -2670 0

2081 -150 -2670 0
2081 150 -2670 0

3011 -150 -2700 0
2081 -150 -2700 0

3011 -150 -2670 0
2081 -150 -2670 0

3011 -150 -2700 0
3011 -150 -2670 0

2081 -150 -2700 0
2081 -150 -2670 0

3011 150 -2670 0
2081 150 -2670 0

3011 150 -2700 0
2081 150 -2700 0

3011 150 -2670 0
3011 150 -2700 0

2081 150 -2670 0
2081 150 -2700 0

3011 150 -2700 0
3011 -150 -2700 0

3011 150 -2670 0
3011 -150 -2670 0

3011 150 -2700 0
3011 150 -2670 0

3011 -150 -2700 0
3011 -150 -2670 0

2081 150 -2670 0
2081 -150 -2670 0

2081 150 -2700 0
2081 -150 -2700 0

2081 150 -2670 0
2081 150 -2700 0

2081 -150 -2670 0
2081 -150 -2700 0

3011 150 -2130 0
2546 150 -2130 0

2546 150 -2130 0
2313.5 150 -2130 0
2081 150 -2130 0

2081 150 -2130 0

3011 -150 -2130 0
2081 -150 -2130 0

3011 150 -2130 0
3011 -150 -2130 0

2081 150 -2130 0
2081 -150 -2130 0

3011 -150 -2100 0
2081 -150 -2100 0

3011 150 -2100 0
2081 150 -2100 0

3011 -150 -2100 0
3011 150 -2100 0

2081 -150 -2100 0
2081 150 -2100 0

3011 -150 -2130 0
2081 -150 -2130 0

3011 -150 -2100 0
2081 -150 -2100 0

3011 -150 -2130 0
3011 -150 -2100 0

2081 -150 -2130 0
2081 -150 -2100 0

3011 150 -2100 0
2081 150 -2100 0

3011 150 -2130 0
2081 150 -2130 0

3011 150 -2100 0
3011 150 -2130 0

2081 150 -2100 0
2081 150 -2130 0

3011 150 -2130 0
3011 -150 -2130 0

3011 150 -2100 0
3011 -150 -2100 0

3011 150 -2130 0
3011 150 -2100 0

3011 -150 -2130 0
3011 -150 -2100 0

2081 150 -2100 0
2081 -150 -2100 0

2081 150 -2130 0
2081 -150 -2130 0

2081 150 -2100 0
2081 150 -2130 0

2081 -150 -2100 0
2081 -150 -2130 0

3011 2620.75 -2670 0
2546 2620.75 -2670 0

2546 2620.75 -2670 0
2313.5 2620.75 -2670 0
2081 2620.75 -2670 0

2081 2620.75 -2670 0

3011 2595.25 -2670 0
2081 2595.25 -2670 0

3011 2620.75 -2670 0
3011 2595.25 -2670 0

2081 2620.75 -2670 0
2081 2595.25 -2670 0

3011 2595.25 -2130 0
2081 2595.25 -2130 0

3011 2620.75 -2130 0
2081 2620.75 -2130 0

3011 2595.25 -2130 0
3011 2620.75 -2130 0

2081 2595.25 -2130 0
2081 2620.75 -2130 0

3011 2595.25 -2670 0
2081 2595.25 -2670 0

3011 2595.25 -2130 0
2081 2595.25 -2130 0

3011 2595.25 -2670 0
3011 2595.25 -2130 0

2081 2595.25 -2670 0
2081 2595.25 -2130 0

3011 2620.75 -2130 0
2081 2620.75 -2130 0

3011 2620.75 -2670 0
2081 2620.75 -2670 0

3011 2620.75 -2130 0
3011 2620.75 -2670 0

2081 2620.75 -2130 0
2081 2620.75 -2670 0

3011 2620.75 -2670 0
3011 2595.25 -2670 0

3011 2620.75 -2130 0
3011 2595.25 -2130 0

3011 2620.75 -2670 0
3011 2620.75 -2130 0

3011 2595.25 -2670 0
3011 2595.25 -2130 0

2081 2620.75 -2130 0
2081 2595.25 -2130 0

2081 2620.75 -2670 0
2081 2595.25 -2670 0

2081 2620.75 -2130 0
2081 2620.75 -2670 0

2081 2595.25 -2130 0
2081 2595.25 -2670 0

3011 2758 -2700 0
2546 2758 -2700 0

2546 2758 -2700 0
2313.5 2758 -2700 0
2081 2758 -2700 0

2081 2758 -2700 0

3011 2458 -2700 0
2081 2458 -2700 0

3011 2758 -2700 0
3011 2458 -2700 0

2081 2758 -2700 0
2081 2458 -2700 0

3011 2458 -2670 0
2081 2458 -2670 0

3011 2758 -2670 0
2081 2758 -2670 0

3011 2458 -2670 0
3011 2758 -2670 0

2081 2458 -2670 0
2081 2758 -2670 0

3011 2458 -2700 0
2081 2458 -2700 0

3011 2458 -2670 0
2081 2458 -2670 0

3011 2458 -2700 0
3011 2458 -2670 0

2081 2458 -2700 0
2081 2458 -2670 0

3011 2758 -2670 0
2081 2758 -2670 0

3011 2758 -2700 0
2081 2758 -2700 0

3011 2758 -2670 0
3011 2758 -2700 0

2081 2758 -2670 0
2081 2758 -2700 0

3011 2758 -2700 0
3011 2458 -2700 0

3011 2758 -2670 0
3011 2458 -2670 0

3011 2758 -2700 0
3011 2758 -2670 0

3011 2458 -2700 0
3011 2458 -2670 0

2081 2758 -2670 0
2081 2458 -2670 0

2081 2758 -2700 0
2081 2458 -2700 0

2081 2758 -2670 0
2081 2758 -2700 0

2081 2458 -2670 0
2081 2458 -2700 0

3011 2758 -2130 0
2546 2758 -2130 0

2546 2758 -2130 0
2313.5 2758 -2130 0
2081 2758 -2130 0

2081 2758 -2130 0

3011 2458 -2130 0
2081 2458 -2130 0

3011 2758 -2130 0
3011 2458 -2130 0

2081 2758 -2130 0
2081 2458 -2130 0

3011 2458 -2100 0
2081 2458 -2100 0

3011 2758 -2100 0
2081 2758 -2100 0

3011 2458 -2100 0
3011 2758 -2100 0

2081 2458 -2100 0
2081 2758 -2100 0

3011 2458 -2130 0
2081 2458 -2130 0

3011 2458 -2100 0
2081 2458 -2100 0

3011 2458 -2130 0
3011 2458 -2100 0

2081 2458 -2130 0
2081 2458 -2100 0

3011 2758 -2100 0
2081 2758 -2100 0

3011 2758 -2130 0
2081 2758 -2130 0

3011 2758 -2100 0
3011 2758 -2130 0

2081 2758 -2100 0
2081 2758 -2130 0

3011 2758 -2130 0
3011 2458 -2130 0

3011 2758 -2100 0
3011 2458 -2100 0

3011 2758 -2130 0
3011 2758 -2100 0

3011 2458 -2130 0
3011 2458 -2100 0

2081 2758 -2100 0
2081 2458 -2100 0

2081 2758 -2130 0
2081 2458 -2130 0

2081 2758 -2100 0
2081 2758 -2130 0

2081 2458 -2100 0
2081 2458 -2130 0

3011 -2599 2908 0
2546 -2599 2908 0

2546 -2599 2908 0
2313.5 -2599 2908 0
2081 -2599 2908 0

2081 -2599 2908 0

3011 -2617 2908 0
2081 -2617 2908 0

3011 -2599 2908 0
3011 -2617 2908 0

2081 -2599 2908 0
2081 -2617 2908 0

3011 -2617 3368 0
2081 -2617 3368 0

3011 -2599 3368 0
2081 -2599 3368 0

3011 -2617 3368 0
3011 -2599 3368 0

2081 -2617 3368 0
2081 -2599 3368 0

3011 -2617 2908 0
2081 -2617 2908 0

3011 -2617 3368 0
2081 -2617 3368 0

3011 -2617 2908 0
3011 -2617 3368 0

2081 -2617 2908 0
2081 -2617 3368 0

3011 -2599 3368 0
2081 -2599 3368 0

3011 -2599 2908 0
2081 -2599 2908 0

3011 -2599 3368 0
3011 -2599 2908 0

2081 -2599 3368 0
2081 -2599 2908 0

3011 -2599 2908 0
3011 -2617 2908 0

3011 -2599 3368 0
3011 -2617 3368 0

3011 -2599 2908 0
3011 -2599 3368 0

3011 -2617 2908 0
3011 -2617 3368 0

2081 -2599 3368 0
2081 -2617 3368 0

2081 -2599 2908 0
2081 -2617 2908 0

2081 -2599 3368 0
2081 -2599 2908 0

2081 -2617 3368 0
2081 -2617 2908 0

3011 -2515.5 2888 0
2546 -2515.5 2888 0

2546 -2515.5 2888 0
2313.5 -2515.5 2888 0
2081 -2515.5 2888 0

2081 -2515.5 2888 0

3011 -2700.5 2888 0
2081 -2700.5 2888 0

3011 -2515.5 2888 0
3011 -2700.5 2888 0

2081 -2515.5 2888 0
2081 -2700.5 2888 0

3011 -2700.5 2908 0
2081 -2700.5 2908 0

3011 -2515.5 2908 0
2081 -2515.5 2908 0

3011 -2700.5 2908 0
3011 -2515.5 2908 0

2081 -2700.5 2908 0
2081 -2515.5 2908 0

3011 -2700.5 2888 0
2081 -2700.5 2888 0

3011 -2700.5 2908 0
2081 -2700.5 2908 0

3011 -2700.5 2888 0
3011 -2700.5 2908 0

2081 -2700.5 2888 0
2081 -2700.5 2908 0

3011 -2515.5 2908 0
2081 -2515.5 2908 0

3011 -2515.5 2888 0
2081 -2515.5 2888 0

3011 -2515.5 2908 0
3011 -2515.5 2888 0

2081 -2515.5 2908 0
2081 -2515.5 2888 0

3011 -2515.5 2888 0
3011 -2700.5 2888 0

3011 -2515.5 2908 0
3011 -2700.5 2908 0

3011 -2515.5 2888 0
3011 -2515.5 2908 0

3011 -2700.5 2888 0
3011 -2700.5 2908 0

2081 -2515.5 2908 0
2081 -2700.5 2908 0

2081 -2515.5 2888 0
2081 -2700.5 2888 0

2081 -2515.5 2908 0
2081 -2515.5 2888 0

2081 -2700.5 2908 0
2081 -2700.5 2888 0

3011 -2515.5 3368 0
2546 -2515.5 3368 0

2546 -2515.5 3368 0
2313.5 -2515.5 3368 0
2081 -2515.5 3368 0

2081 -2515.5 3368 0

3011 -2700.5 3368 0
2081 -2700.5 3368 0

3011 -2515.5 3368 0
3011 -2700.5 3368 0

2081 -2515.5 3368 0
2081 -2700.5 3368 0

3011 -2700.5 3388 0
2081 -2700.5 3388 0

3011 -2515.5 3388 0
2081 -2515.5 3388 0

3011 -2700.5 3388 0
3011 -2515.5 3388 0

2081 -2700.5 3388 0
2081 -2515.5 3388 0

3011 -2700.5 3368 0
2081 -2700.5 3368 0

3011 -2700.5 3388 0
2081 -2700.5 3388 0

3011 -2700.5 3368 0
3011 -2700.5 3388 0

2081 -2700.5 3368 0
2081 -2700.5 3388 0

3011 -2515.5 3388 0
2081 -2515.5 3388 0

3011 -2515.5 3368 0
2081 -2515.5 3368 0

3011 -2515.5 3388 0
3011 -2515.5 3368 0

2081 -2515.5 3388 0
2081 -2515.5 3368 0

3011 -2515.5 3368 0
3011 -2700.5 3368 0

3011 -2515.5 3388 0
3011 -2700.5 3388 0

3011 -2515.5 3368 0
3011 -2515.5 3388 0

3011 -2700.5 3368 0
3011 -2700.5 3388 0

2081 -2515.5 3388 0
2081 -2700.5 3388 0

2081 -2515.5 3368 0
2081 -2700.5 3368 0

2081 -2515.5 3388 0
2081 -2515.5 3368 0

2081 -2700.5 3388 0
2081 -2700.5 3368 0

3011 9 2908 0
2546 9 2908 0

2546 9 2908 0
2313.5 9 2908 0
2081 9 2908 0

2081 9 2908 0

3011 -9 2908 0
2081 -9 2908 0

3011 9 2908 0
3011 -9 2908 0

2081 9 2908 0
2081 -9 2908 0

3011 -9 3368 0
2081 -9 3368 0

3011 9 3368 0
2081 9 3368 0

3011 -9 3368 0
3011 9 3368 0

2081 -9 3368 0
2081 9 3368 0

3011 -9 2908 0
2081 -9 2908 0

3011 -9 3368 0
2081 -9 3368 0

3011 -9 2908 0
3011 -9 3368 0

2081 -9 2908 0
2081 -9 3368 0

3011 9 3368 0
2081 9 3368 0

3011 9 2908 0
2081 9 2908 0

3011 9 3368 0
3011 9 2908 0

2081 9 3368 0
2081 9 2908 0

3011 9 2908 0
3011 -9 2908 0

3011 9 3368 0
3011 -9 3368 0

3011 9 2908 0
3011 9 3368 0

3011 -9 2908 0
3011 -9 3368 0

2081 9 3368 0
2081 -9 3368 0

2081 9 2908 0
2081 -9 2908 0

2081 9 3368 0
2081 9 2908 0

2081 -9 3368 0
2081 -9 2908 0

3011 92.5 2888 0
2546 92.5 2888 0

2546 92.5 2888 0
2313.5 92.5 2888 0
2081 92.5 2888 0

2081 92.5 2888 0

3011 -92.5 2888 0
2081 -92.5 2888 0

3011 92.5 2888 0
3011 -92.5 2888 0

2081 92.5 2888 0
2081 -92.5 2888 0

3011 -92.5 2908 0
2081 -92.5 2908 0

3011 92.5 2908 0
2081 92.5 2908 0

3011 -92.5 2908 0
3011 92.5 2908 0

2081 -92.5 2908 0
2081 92.5 2908 0

3011 -92.5 2888 0
2081 -92.5 2888 0

3011 -92.5 2908 0
2081 -92.5 2908 0

3011 -92.5 2888 0
3011 -92.5 2908 0

2081 -92.5 2888 0
2081 -92.5 2908 0

3011 92.5 2908 0
2081 92.5 2908 0

3011 92.5 2888 0
2081 92.5 2888 0

3011 92.5 2908 0
3011 92.5 2888 0

2081 92.5 2908 0
2081 92.5 2888 0

3011 92.5 2888 0
3011 -92.5 2888 0

3011 92.5 2908 0
3011 -92.5 2908 0

3011 92.5 2888 0
3011 92.5 2908 0

3011 -92.5 2888 0
3011 -92.5 2908 0

2081 92.5 2908 0
2081 -92.5 2908 0

2081 92.5 2888 0
2081 -92.5 2888 0

2081 92.5 2908 0
2081 92.5 2888 0

2081 -92.5 2908 0
2081 -92.5 2888 0

3011 92.5 3368 0
2546 92.5 3368 0

2546 92.5 3368 0
2313.5 92.5 3368 0
2081 92.5 3368 0

2081 92.5 3368 0

3011 -92.5 3368 0
2081 -92.5 3368 0

3011 92.5 3368 0
3011 -92.5 3368 0

2081 92.5 3368 0
2081 -92.5 3368 0

3011 -92.5 3388 0
2081 -92.5 3388 0

3011 92.5 3388 0
2081 92.5 3388 0

3011 -92.5 3388 0
3011 92.5 3388 0

2081 -92.5 3388 0
2081 92.5 3388 0

3011 -92.5 3368 0
2081 -92.5 3368 0

3011 -92.5 3388 0
2081 -92.5 3388 0

3011 -92.5 3368 0
3011 -92.5 3388 0

2081 -92.5 3368 0
2081 -92.5 3388 0

3011 92.5 3388 0
2081 92.5 3388 0

3011 92.5 3368 0
2081 92.5 3368 0

3011 92.5 3388 0
3011 92.5 3368 0

2081 92.5 3388 0
2081 92.5 3368 0

3011 92.5 3368 0
3011 -92.5 3368 0

3011 92.5 3388 0
3011 -92.5 3388 0

3011 92.5 3368 0
3011 92.5 3388 0

3011 -92.5 3368 0
3011 -92.5 3388 0

2081 92.5 3388 0
2081 -92.5 3388 0

2081 92.5 3368 0
2081 -92.5 3368 0

2081 92.5 3388 0
2081 92.5 3368 0

2081 -92.5 3388 0
2081 -92.5 3368 0

3011 2617 2908 0
2546 2617 2908 0

2546 2617 2908 0
2313.5 2617 2908 0
2081 2617 2908 0

2081 2617 2908 0

3011 2599 2908 0
2081 2599 2908 0

3011 2617 2908 0
3011 2599 2908 0

2081 2617 2908 0
2081 2599 2908 0

3011 2599 3368 0
2081 2599 3368 0

3011 2617 3368 0
2081 2617 3368 0

3011 2599 3368 0
3011 2617 3368 0

2081 2599 3368 0
2081 2617 3368 0

3011 2599 2908 0
2081 2599 2908 0

3011 2599 3368 0
2081 2599 3368 0

3011 2599 2908 0
3011 2599 3368 0

2081 2599 2908 0
2081 2599 3368 0

3011 2617 3368 0
2081 2617 3368 0

3011 2617 2908 0
2081 2617 2908 0

3011 2617 3368 0
3011 2617 2908 0

2081 2617 3368 0
2081 2617 2908 0

3011 2617 2908 0
3011 2599 2908 0

3011 2617 3368 0
3011 2599 3368 0

3011 2617 2908 0
3011 2617 3368 0

3011 2599 2908 0
3011 2599 3368 0

2081 2617 3368 0
2081 2599 3368 0

2081 2617 2908 0
2081 2599 2908 0

2081 2617 3368 0
2081 2617 2908 0

2081 2599 3368 0
2081 2599 2908 0

3011 2700.5 2888 0
2546 2700.5 2888 0

2546 2700.5 2888 0
2313.5 2700.5 2888 0
2081 2700.5 2888 0

2081 2700.5 2888 0

3011 2515.5 2888 0
2081 2515.5 2888 0

3011 2700.5 2888 0
3011 2515.5 2888 0

2081 2700.5 2888 0
2081 2515.5 2888 0

3011 2515.5 2908 0
2081 2515.5 2908 0

3011 2700.5 2908 0
2081 2700.5 2908 0

3011 2515.5 2908 0
3011 2700.5 2908 0

2081 2515.5 2908 0
2081 2700.5 2908 0

3011 2515.5 2888 0
2081 2515.5 2888 0

3011 2515.5 2908 0
2081 2515.5 2908 0

3011 2515.5 2888 0
3011 2515.5 2908 0

2081 2515.5 2888 0
2081 2515.5 2908 0

3011 2700.5 2908 0
2081 2700.5 2908 0

3011 2700.5 2888 0
2081 2700.5 2888 0

3011 2700.5 2908 0
3011 2700.5 2888 0

2081 2700.5 2908 0
2081 2700.5 2888 0

3011 2700.5 2888 0
3011 2515.5 2888 0

3011 2700.5 2908 0
3011 2515.5 2908 0

3011 2700.5 2888 0
3011 2700.5 2908 0

3011 2515.5 2888 0
3011 2515.5 2908 0

2081 2700.5 2908 0
2081 2515.5 2908 0

2081 2700.5 2888 0
2081 2515.5 2888 0

2081 2700.5 2908 0
2081 2700.5 2888 0

2081 2515.5 2908 0
2081 2515.5 2888 0

3011 2700.5 3368 0
2546 2700.5 3368 0

2546 2700.5 3368 0
2313.5 2700.5 3368 0
2081 2700.5 3368 0

2081 2700.5 3368 0

3011 2515.5 3368 0
2081 2515.5 3368 0

3011 2700.5 3368 0
3011 2515.5 3368 0

2081 2700.5 3368 0
2081 2515.5 3368 0

3011 2515.5 3388 0
2081 2515.5 3388 0

3011 2700.5 3388 0
2081 2700.5 3388 0

3011 2515.5 3388 0
3011 2700.5 3388 0

2081 2515.5 3388 0
2081 2700.5 3388 0

3011 2515.5 3368 0
2081 2515.5 3368 0

3011 2515.5 3388 0
2081 2515.5 3388 0

3011 2515.5 3368 0
3011 2515.5 3388 0

2081 2515.5 3368 0
2081 2515.5 3388 0

3011 2700.5 3388 0
2081 2700.5 3388 0

3011 2700.5 3368 0
2081 2700.5 3368 0

3011 2700.5 3388 0
3011 2700.5 3368 0

2081 2700.5 3388 0
2081 2700.5 3368 0

3011 2700.5 3368 0
3011 2515.5 3368 0

3011 2700.5 3388 0
3011 2515.5 3388 0

3011 2700.5 3368 0
3011 2700.5 3388 0

3011 2515.5 3368 0
3011 2515.5 3388 0

2081 2700.5 3388 0
2081 2515.5 3388 0

2081 2700.5 3368 0
2081 2515.5 3368 0

2081 2700.5 3388 0
2081 2700.5 3368 0

2081 2515.5 3388 0
2081 2515.5 3368 0

# end of label='green'
