# Temporary file generated by the 'geomtools::gnuplot_drawer'
# class for visualization.
# label='blue'
2610 -4500 210 0
2610 0 210 0

2610 0 210 0
2610 2250 210 0
2610 4500 210 0

2610 4500 210 0

-2610 -4500 210 0
-2610 4500 210 0

2610 -4500 210 0
-2610 -4500 210 0

2610 4500 210 0
-2610 4500 210 0

-2610 -4500 470 0
-2610 4500 470 0

2610 -4500 470 0
2610 4500 470 0

-2610 -4500 470 0
2610 -4500 470 0

-2610 4500 470 0
2610 4500 470 0

-2610 -4500 210 0
-2610 4500 210 0

-2610 -4500 470 0
-2610 4500 470 0

-2610 -4500 210 0
-2610 -4500 470 0

-2610 4500 210 0
-2610 4500 470 0

2610 -4500 470 0
2610 4500 470 0

2610 -4500 210 0
2610 4500 210 0

2610 -4500 470 0
2610 -4500 210 0

2610 4500 470 0
2610 4500 210 0

2610 -4500 210 0
-2610 -4500 210 0

2610 -4500 470 0
-2610 -4500 470 0

2610 -4500 210 0
2610 -4500 470 0

-2610 -4500 210 0
-2610 -4500 470 0

2610 4500 470 0
-2610 4500 470 0

2610 4500 210 0
-2610 4500 210 0

2610 4500 470 0
2610 4500 210 0

-2610 4500 470 0
-2610 4500 210 0

# end of label='blue'
