# Temporary file generated by the 'geomtools::gnuplot_drawer'
# class for visualization.
# label='orange'
-285 -3083 2659.5 0
-285 -2608 2659.5 0

-285 -2608 2659.5 0
-285 -2370.5 2659.5 0
-285 -2133 2659.5 0

-285 -2133 2659.5 0

-465 -3083 2659.5 0
-465 -2133 2659.5 0

-285 -3083 2659.5 0
-465 -3083 2659.5 0

-285 -2133 2659.5 0
-465 -2133 2659.5 0

-465 -3083 3059.5 0
-465 -2133 3059.5 0

-285 -3083 3059.5 0
-285 -2133 3059.5 0

-465 -3083 3059.5 0
-285 -3083 3059.5 0

-465 -2133 3059.5 0
-285 -2133 3059.5 0

-465 -3083 2659.5 0
-465 -2133 2659.5 0

-465 -3083 3059.5 0
-465 -2133 3059.5 0

-465 -3083 2659.5 0
-465 -3083 3059.5 0

-465 -2133 2659.5 0
-465 -2133 3059.5 0

-285 -3083 3059.5 0
-285 -2133 3059.5 0

-285 -3083 2659.5 0
-285 -2133 2659.5 0

-285 -3083 3059.5 0
-285 -3083 2659.5 0

-285 -2133 3059.5 0
-285 -2133 2659.5 0

-285 -3083 2659.5 0
-465 -3083 2659.5 0

-285 -3083 3059.5 0
-465 -3083 3059.5 0

-285 -3083 2659.5 0
-285 -3083 3059.5 0

-465 -3083 2659.5 0
-465 -3083 3059.5 0

-285 -2133 3059.5 0
-465 -2133 3059.5 0

-285 -2133 2659.5 0
-465 -2133 2659.5 0

-285 -2133 3059.5 0
-285 -2133 2659.5 0

-465 -2133 3059.5 0
-465 -2133 2659.5 0

-285 -475 2659.5 0
-285 0 2659.5 0

-285 0 2659.5 0
-285 237.5 2659.5 0
-285 475 2659.5 0

-285 475 2659.5 0

-465 -475 2659.5 0
-465 475 2659.5 0

-285 -475 2659.5 0
-465 -475 2659.5 0

-285 475 2659.5 0
-465 475 2659.5 0

-465 -475 3059.5 0
-465 475 3059.5 0

-285 -475 3059.5 0
-285 475 3059.5 0

-465 -475 3059.5 0
-285 -475 3059.5 0

-465 475 3059.5 0
-285 475 3059.5 0

-465 -475 2659.5 0
-465 475 2659.5 0

-465 -475 3059.5 0
-465 475 3059.5 0

-465 -475 2659.5 0
-465 -475 3059.5 0

-465 475 2659.5 0
-465 475 3059.5 0

-285 -475 3059.5 0
-285 475 3059.5 0

-285 -475 2659.5 0
-285 475 2659.5 0

-285 -475 3059.5 0
-285 -475 2659.5 0

-285 475 3059.5 0
-285 475 2659.5 0

-285 -475 2659.5 0
-465 -475 2659.5 0

-285 -475 3059.5 0
-465 -475 3059.5 0

-285 -475 2659.5 0
-285 -475 3059.5 0

-465 -475 2659.5 0
-465 -475 3059.5 0

-285 475 3059.5 0
-465 475 3059.5 0

-285 475 2659.5 0
-465 475 2659.5 0

-285 475 3059.5 0
-285 475 2659.5 0

-465 475 3059.5 0
-465 475 2659.5 0

-285 2133 2659.5 0
-285 2608 2659.5 0

-285 2608 2659.5 0
-285 2845.5 2659.5 0
-285 3083 2659.5 0

-285 3083 2659.5 0

-465 2133 2659.5 0
-465 3083 2659.5 0

-285 2133 2659.5 0
-465 2133 2659.5 0

-285 3083 2659.5 0
-465 3083 2659.5 0

-465 2133 3059.5 0
-465 3083 3059.5 0

-285 2133 3059.5 0
-285 3083 3059.5 0

-465 2133 3059.5 0
-285 2133 3059.5 0

-465 3083 3059.5 0
-285 3083 3059.5 0

-465 2133 2659.5 0
-465 3083 2659.5 0

-465 2133 3059.5 0
-465 3083 3059.5 0

-465 2133 2659.5 0
-465 2133 3059.5 0

-465 3083 2659.5 0
-465 3083 3059.5 0

-285 2133 3059.5 0
-285 3083 3059.5 0

-285 2133 2659.5 0
-285 3083 2659.5 0

-285 2133 3059.5 0
-285 2133 2659.5 0

-285 3083 3059.5 0
-285 3083 2659.5 0

-285 2133 2659.5 0
-465 2133 2659.5 0

-285 2133 3059.5 0
-465 2133 3059.5 0

-285 2133 2659.5 0
-285 2133 3059.5 0

-465 2133 2659.5 0
-465 2133 3059.5 0

-285 3083 3059.5 0
-465 3083 3059.5 0

-285 3083 2659.5 0
-465 3083 2659.5 0

-285 3083 3059.5 0
-285 3083 2659.5 0

-465 3083 3059.5 0
-465 3083 2659.5 0

-285 -2138 -3069 0
-285 -1304 -3069 0

-285 -1304 -3069 0
-285 -887 -3069 0
-285 -470 -3069 0

-285 -470 -3069 0

-465 -2138 -3069 0
-465 -470 -3069 0

-285 -2138 -3069 0
-465 -2138 -3069 0

-285 -470 -3069 0
-465 -470 -3069 0

-465 -2138 3069 0
-465 -470 3069 0

-285 -2138 3069 0
-285 -470 3069 0

-465 -2138 3069 0
-285 -2138 3069 0

-465 -470 3069 0
-285 -470 3069 0

-465 -2138 -3069 0
-465 -470 -3069 0

-465 -2138 3069 0
-465 -470 3069 0

-465 -2138 -3069 0
-465 -2138 3069 0

-465 -470 -3069 0
-465 -470 3069 0

-285 -2138 3069 0
-285 -470 3069 0

-285 -2138 -3069 0
-285 -470 -3069 0

-285 -2138 3069 0
-285 -2138 -3069 0

-285 -470 3069 0
-285 -470 -3069 0

-285 -2138 -3069 0
-465 -2138 -3069 0

-285 -2138 3069 0
-465 -2138 3069 0

-285 -2138 -3069 0
-285 -2138 3069 0

-465 -2138 -3069 0
-465 -2138 3069 0

-285 -470 3069 0
-465 -470 3069 0

-285 -470 -3069 0
-465 -470 -3069 0

-285 -470 3069 0
-285 -470 -3069 0

-465 -470 3069 0
-465 -470 -3069 0

-285 470 -3069 0
-285 1304 -3069 0

-285 1304 -3069 0
-285 1721 -3069 0
-285 2138 -3069 0

-285 2138 -3069 0

-465 470 -3069 0
-465 2138 -3069 0

-285 470 -3069 0
-465 470 -3069 0

-285 2138 -3069 0
-465 2138 -3069 0

-465 470 3069 0
-465 2138 3069 0

-285 470 3069 0
-285 2138 3069 0

-465 470 3069 0
-285 470 3069 0

-465 2138 3069 0
-285 2138 3069 0

-465 470 -3069 0
-465 2138 -3069 0

-465 470 3069 0
-465 2138 3069 0

-465 470 -3069 0
-465 470 3069 0

-465 2138 -3069 0
-465 2138 3069 0

-285 470 3069 0
-285 2138 3069 0

-285 470 -3069 0
-285 2138 -3069 0

-285 470 3069 0
-285 470 -3069 0

-285 2138 3069 0
-285 2138 -3069 0

-285 470 -3069 0
-465 470 -3069 0

-285 470 3069 0
-465 470 3069 0

-285 470 -3069 0
-285 470 3069 0

-465 470 -3069 0
-465 470 3069 0

-285 2138 3069 0
-465 2138 3069 0

-285 2138 -3069 0
-465 2138 -3069 0

-285 2138 3069 0
-285 2138 -3069 0

-465 2138 3069 0
-465 2138 -3069 0

-465 -3108 -3069 0
-465 -2608 -3069 0

-465 -2608 -3069 0
-465 -2358 -3069 0
-465 -2108 -3069 0

-465 -2108 -3069 0

-645 -3108 -3069 0
-645 -2108 -3069 0

-465 -3108 -3069 0
-645 -3108 -3069 0

-465 -2108 -3069 0
-645 -2108 -3069 0

-645 -3108 3069 0
-645 -2108 3069 0

-465 -3108 3069 0
-465 -2108 3069 0

-645 -3108 3069 0
-465 -3108 3069 0

-645 -2108 3069 0
-465 -2108 3069 0

-645 -3108 -3069 0
-645 -2108 -3069 0

-645 -3108 3069 0
-645 -2108 3069 0

-645 -3108 -3069 0
-645 -3108 3069 0

-645 -2108 -3069 0
-645 -2108 3069 0

-465 -3108 3069 0
-465 -2108 3069 0

-465 -3108 -3069 0
-465 -2108 -3069 0

-465 -3108 3069 0
-465 -3108 -3069 0

-465 -2108 3069 0
-465 -2108 -3069 0

-465 -3108 -3069 0
-645 -3108 -3069 0

-465 -3108 3069 0
-645 -3108 3069 0

-465 -3108 -3069 0
-465 -3108 3069 0

-645 -3108 -3069 0
-645 -3108 3069 0

-465 -2108 3069 0
-645 -2108 3069 0

-465 -2108 -3069 0
-645 -2108 -3069 0

-465 -2108 3069 0
-465 -2108 -3069 0

-645 -2108 3069 0
-645 -2108 -3069 0

-465 -500 -3069 0
-465 0 -3069 0

-465 0 -3069 0
-465 250 -3069 0
-465 500 -3069 0

-465 500 -3069 0

-645 -500 -3069 0
-645 500 -3069 0

-465 -500 -3069 0
-645 -500 -3069 0

-465 500 -3069 0
-645 500 -3069 0

-645 -500 3069 0
-645 500 3069 0

-465 -500 3069 0
-465 500 3069 0

-645 -500 3069 0
-465 -500 3069 0

-645 500 3069 0
-465 500 3069 0

-645 -500 -3069 0
-645 500 -3069 0

-645 -500 3069 0
-645 500 3069 0

-645 -500 -3069 0
-645 -500 3069 0

-645 500 -3069 0
-645 500 3069 0

-465 -500 3069 0
-465 500 3069 0

-465 -500 -3069 0
-465 500 -3069 0

-465 -500 3069 0
-465 -500 -3069 0

-465 500 3069 0
-465 500 -3069 0

-465 -500 -3069 0
-645 -500 -3069 0

-465 -500 3069 0
-645 -500 3069 0

-465 -500 -3069 0
-465 -500 3069 0

-645 -500 -3069 0
-645 -500 3069 0

-465 500 3069 0
-645 500 3069 0

-465 500 -3069 0
-645 500 -3069 0

-465 500 3069 0
-465 500 -3069 0

-645 500 3069 0
-645 500 -3069 0

-465 2108 -3069 0
-465 2608 -3069 0

-465 2608 -3069 0
-465 2858 -3069 0
-465 3108 -3069 0

-465 3108 -3069 0

-645 2108 -3069 0
-645 3108 -3069 0

-465 2108 -3069 0
-645 2108 -3069 0

-465 3108 -3069 0
-645 3108 -3069 0

-645 2108 3069 0
-645 3108 3069 0

-465 2108 3069 0
-465 3108 3069 0

-645 2108 3069 0
-465 2108 3069 0

-645 3108 3069 0
-465 3108 3069 0

-645 2108 -3069 0
-645 3108 -3069 0

-645 2108 3069 0
-645 3108 3069 0

-645 2108 -3069 0
-645 2108 3069 0

-645 3108 -3069 0
-645 3108 3069 0

-465 2108 3069 0
-465 3108 3069 0

-465 2108 -3069 0
-465 3108 -3069 0

-465 2108 3069 0
-465 2108 -3069 0

-465 3108 3069 0
-465 3108 -3069 0

-465 2108 -3069 0
-645 2108 -3069 0

-465 2108 3069 0
-645 2108 3069 0

-465 2108 -3069 0
-465 2108 3069 0

-645 2108 -3069 0
-645 2108 3069 0

-465 3108 3069 0
-645 3108 3069 0

-465 3108 -3069 0
-645 3108 -3069 0

-465 3108 3069 0
-465 3108 -3069 0

-645 3108 3069 0
-645 3108 -3069 0

-285 -4275 -3069 0
-285 -3676.5 -3069 0

-285 -3676.5 -3069 0
-285 -3377.25 -3069 0
-285 -3078 -3069 0

-285 -3078 -3069 0

-465 -4275 -3069 0
-465 -3078 -3069 0

-285 -4275 -3069 0
-465 -4275 -3069 0

-285 -3078 -3069 0
-465 -3078 -3069 0

-465 -4275 3069 0
-465 -3078 3069 0

-285 -4275 3069 0
-285 -3078 3069 0

-465 -4275 3069 0
-285 -4275 3069 0

-465 -3078 3069 0
-285 -3078 3069 0

-465 -4275 -3069 0
-465 -3078 -3069 0

-465 -4275 3069 0
-465 -3078 3069 0

-465 -4275 -3069 0
-465 -4275 3069 0

-465 -3078 -3069 0
-465 -3078 3069 0

-285 -4275 3069 0
-285 -3078 3069 0

-285 -4275 -3069 0
-285 -3078 -3069 0

-285 -4275 3069 0
-285 -4275 -3069 0

-285 -3078 3069 0
-285 -3078 -3069 0

-285 -4275 -3069 0
-465 -4275 -3069 0

-285 -4275 3069 0
-465 -4275 3069 0

-285 -4275 -3069 0
-285 -4275 3069 0

-465 -4275 -3069 0
-465 -4275 3069 0

-285 -3078 3069 0
-465 -3078 3069 0

-285 -3078 -3069 0
-465 -3078 -3069 0

-285 -3078 3069 0
-285 -3078 -3069 0

-465 -3078 3069 0
-465 -3078 -3069 0

-285 3078 -3069 0
-285 3676.5 -3069 0

-285 3676.5 -3069 0
-285 3975.75 -3069 0
-285 4275 -3069 0

-285 4275 -3069 0

-465 3078 -3069 0
-465 4275 -3069 0

-285 3078 -3069 0
-465 3078 -3069 0

-285 4275 -3069 0
-465 4275 -3069 0

-465 3078 3069 0
-465 4275 3069 0

-285 3078 3069 0
-285 4275 3069 0

-465 3078 3069 0
-285 3078 3069 0

-465 4275 3069 0
-285 4275 3069 0

-465 3078 -3069 0
-465 4275 -3069 0

-465 3078 3069 0
-465 4275 3069 0

-465 3078 -3069 0
-465 3078 3069 0

-465 4275 -3069 0
-465 4275 3069 0

-285 3078 3069 0
-285 4275 3069 0

-285 3078 -3069 0
-285 4275 -3069 0

-285 3078 3069 0
-285 3078 -3069 0

-285 4275 3069 0
-285 4275 -3069 0

-285 3078 -3069 0
-465 3078 -3069 0

-285 3078 3069 0
-465 3078 3069 0

-285 3078 -3069 0
-285 3078 3069 0

-465 3078 -3069 0
-465 3078 3069 0

-285 4275 3069 0
-465 4275 3069 0

-285 4275 -3069 0
-465 4275 -3069 0

-285 4275 3069 0
-285 4275 -3069 0

-465 4275 3069 0
-465 4275 -3069 0

# end of label='orange'
