# Temporary file generated by the 'geomtools::gnuplot_drawer'
# class for visualization.
# label='orange'
1755 -4335 3438 0
1755 0 3438 0

1755 0 3438 0
1755 2167.5 3438 0
1755 4335 3438 0

1755 4335 3438 0

-1755 -4335 3438 0
-1755 4335 3438 0

1755 -4335 3438 0
-1755 -4335 3438 0

1755 4335 3438 0
-1755 4335 3438 0

-1755 -4335 3618 0
-1755 4335 3618 0

1755 -4335 3618 0
1755 4335 3618 0

-1755 -4335 3618 0
1755 -4335 3618 0

-1755 4335 3618 0
1755 4335 3618 0

-1755 -4335 3438 0
-1755 4335 3438 0

-1755 -4335 3618 0
-1755 4335 3618 0

-1755 -4335 3438 0
-1755 -4335 3618 0

-1755 4335 3438 0
-1755 4335 3618 0

1755 -4335 3618 0
1755 4335 3618 0

1755 -4335 3438 0
1755 4335 3438 0

1755 -4335 3618 0
1755 -4335 3438 0

1755 4335 3618 0
1755 4335 3438 0

1755 -4335 3438 0
-1755 -4335 3438 0

1755 -4335 3618 0
-1755 -4335 3618 0

1755 -4335 3438 0
1755 -4335 3618 0

-1755 -4335 3438 0
-1755 -4335 3618 0

1755 4335 3618 0
-1755 4335 3618 0

1755 4335 3438 0
-1755 4335 3438 0

1755 4335 3618 0
1755 4335 3438 0

-1755 4335 3618 0
-1755 4335 3438 0

1550 -3777 -2440 0
1550 0 -2440 0

1550 0 -2440 0
1550 1888.5 -2440 0
1550 3777 -2440 0

1550 3777 -2440 0

-1550 -3777 -2440 0
-1550 3777 -2440 0

1550 -3777 -2440 0
-1550 -3777 -2440 0

1550 3777 -2440 0
-1550 3777 -2440 0

-1550 -3777 -2240 0
-1550 3777 -2240 0

1550 -3777 -2240 0
1550 3777 -2240 0

-1550 -3777 -2240 0
1550 -3777 -2240 0

-1550 3777 -2240 0
1550 3777 -2240 0

-1550 -3777 -2440 0
-1550 3777 -2440 0

-1550 -3777 -2240 0
-1550 3777 -2240 0

-1550 -3777 -2440 0
-1550 -3777 -2240 0

-1550 3777 -2440 0
-1550 3777 -2240 0

1550 -3777 -2240 0
1550 3777 -2240 0

1550 -3777 -2440 0
1550 3777 -2440 0

1550 -3777 -2240 0
1550 -3777 -2440 0

1550 3777 -2240 0
1550 3777 -2440 0

1550 -3777 -2440 0
-1550 -3777 -2440 0

1550 -3777 -2240 0
-1550 -3777 -2240 0

1550 -3777 -2440 0
1550 -3777 -2240 0

-1550 -3777 -2440 0
-1550 -3777 -2240 0

1550 3777 -2240 0
-1550 3777 -2240 0

1550 3777 -2440 0
-1550 3777 -2440 0

1550 3777 -2240 0
1550 3777 -2440 0

-1550 3777 -2240 0
-1550 3777 -2440 0

-1550 -3083 -2690.5 0
-1550 -2608 -2690.5 0

-1550 -2608 -2690.5 0
-1550 -2370.5 -2690.5 0
-1550 -2133 -2690.5 0

-1550 -2133 -2690.5 0

-1730 -3083 -2690.5 0
-1730 -2133 -2690.5 0

-1550 -3083 -2690.5 0
-1730 -3083 -2690.5 0

-1550 -2133 -2690.5 0
-1730 -2133 -2690.5 0

-1730 -3083 -2490.5 0
-1730 -2133 -2490.5 0

-1550 -3083 -2490.5 0
-1550 -2133 -2490.5 0

-1730 -3083 -2490.5 0
-1550 -3083 -2490.5 0

-1730 -2133 -2490.5 0
-1550 -2133 -2490.5 0

-1730 -3083 -2690.5 0
-1730 -2133 -2690.5 0

-1730 -3083 -2490.5 0
-1730 -2133 -2490.5 0

-1730 -3083 -2690.5 0
-1730 -3083 -2490.5 0

-1730 -2133 -2690.5 0
-1730 -2133 -2490.5 0

-1550 -3083 -2490.5 0
-1550 -2133 -2490.5 0

-1550 -3083 -2690.5 0
-1550 -2133 -2690.5 0

-1550 -3083 -2490.5 0
-1550 -3083 -2690.5 0

-1550 -2133 -2490.5 0
-1550 -2133 -2690.5 0

-1550 -3083 -2690.5 0
-1730 -3083 -2690.5 0

-1550 -3083 -2490.5 0
-1730 -3083 -2490.5 0

-1550 -3083 -2690.5 0
-1550 -3083 -2490.5 0

-1730 -3083 -2690.5 0
-1730 -3083 -2490.5 0

-1550 -2133 -2490.5 0
-1730 -2133 -2490.5 0

-1550 -2133 -2690.5 0
-1730 -2133 -2690.5 0

-1550 -2133 -2490.5 0
-1550 -2133 -2690.5 0

-1730 -2133 -2490.5 0
-1730 -2133 -2690.5 0

-1550 -475 -2690.5 0
-1550 0 -2690.5 0

-1550 0 -2690.5 0
-1550 237.5 -2690.5 0
-1550 475 -2690.5 0

-1550 475 -2690.5 0

-1730 -475 -2690.5 0
-1730 475 -2690.5 0

-1550 -475 -2690.5 0
-1730 -475 -2690.5 0

-1550 475 -2690.5 0
-1730 475 -2690.5 0

-1730 -475 -2490.5 0
-1730 475 -2490.5 0

-1550 -475 -2490.5 0
-1550 475 -2490.5 0

-1730 -475 -2490.5 0
-1550 -475 -2490.5 0

-1730 475 -2490.5 0
-1550 475 -2490.5 0

-1730 -475 -2690.5 0
-1730 475 -2690.5 0

-1730 -475 -2490.5 0
-1730 475 -2490.5 0

-1730 -475 -2690.5 0
-1730 -475 -2490.5 0

-1730 475 -2690.5 0
-1730 475 -2490.5 0

-1550 -475 -2490.5 0
-1550 475 -2490.5 0

-1550 -475 -2690.5 0
-1550 475 -2690.5 0

-1550 -475 -2490.5 0
-1550 -475 -2690.5 0

-1550 475 -2490.5 0
-1550 475 -2690.5 0

-1550 -475 -2690.5 0
-1730 -475 -2690.5 0

-1550 -475 -2490.5 0
-1730 -475 -2490.5 0

-1550 -475 -2690.5 0
-1550 -475 -2490.5 0

-1730 -475 -2690.5 0
-1730 -475 -2490.5 0

-1550 475 -2490.5 0
-1730 475 -2490.5 0

-1550 475 -2690.5 0
-1730 475 -2690.5 0

-1550 475 -2490.5 0
-1550 475 -2690.5 0

-1730 475 -2490.5 0
-1730 475 -2690.5 0

-1550 2133 -2690.5 0
-1550 2608 -2690.5 0

-1550 2608 -2690.5 0
-1550 2845.5 -2690.5 0
-1550 3083 -2690.5 0

-1550 3083 -2690.5 0

-1730 2133 -2690.5 0
-1730 3083 -2690.5 0

-1550 2133 -2690.5 0
-1730 2133 -2690.5 0

-1550 3083 -2690.5 0
-1730 3083 -2690.5 0

-1730 2133 -2490.5 0
-1730 3083 -2490.5 0

-1550 2133 -2490.5 0
-1550 3083 -2490.5 0

-1730 2133 -2490.5 0
-1550 2133 -2490.5 0

-1730 3083 -2490.5 0
-1550 3083 -2490.5 0

-1730 2133 -2690.5 0
-1730 3083 -2690.5 0

-1730 2133 -2490.5 0
-1730 3083 -2490.5 0

-1730 2133 -2690.5 0
-1730 2133 -2490.5 0

-1730 3083 -2690.5 0
-1730 3083 -2490.5 0

-1550 2133 -2490.5 0
-1550 3083 -2490.5 0

-1550 2133 -2690.5 0
-1550 3083 -2690.5 0

-1550 2133 -2490.5 0
-1550 2133 -2690.5 0

-1550 3083 -2490.5 0
-1550 3083 -2690.5 0

-1550 2133 -2690.5 0
-1730 2133 -2690.5 0

-1550 2133 -2490.5 0
-1730 2133 -2490.5 0

-1550 2133 -2690.5 0
-1550 2133 -2490.5 0

-1730 2133 -2690.5 0
-1730 2133 -2490.5 0

-1550 3083 -2490.5 0
-1730 3083 -2490.5 0

-1550 3083 -2690.5 0
-1730 3083 -2690.5 0

-1550 3083 -2490.5 0
-1550 3083 -2690.5 0

-1730 3083 -2490.5 0
-1730 3083 -2690.5 0

-1550 -2138 -2700 0
-1550 -1304 -2700 0

-1550 -1304 -2700 0
-1550 -887 -2700 0
-1550 -470 -2700 0

-1550 -470 -2700 0

-1730 -2138 -2700 0
-1730 -470 -2700 0

-1550 -2138 -2700 0
-1730 -2138 -2700 0

-1550 -470 -2700 0
-1730 -470 -2700 0

-1730 -2138 3438 0
-1730 -470 3438 0

-1550 -2138 3438 0
-1550 -470 3438 0

-1730 -2138 3438 0
-1550 -2138 3438 0

-1730 -470 3438 0
-1550 -470 3438 0

-1730 -2138 -2700 0
-1730 -470 -2700 0

-1730 -2138 3438 0
-1730 -470 3438 0

-1730 -2138 -2700 0
-1730 -2138 3438 0

-1730 -470 -2700 0
-1730 -470 3438 0

-1550 -2138 3438 0
-1550 -470 3438 0

-1550 -2138 -2700 0
-1550 -470 -2700 0

-1550 -2138 3438 0
-1550 -2138 -2700 0

-1550 -470 3438 0
-1550 -470 -2700 0

-1550 -2138 -2700 0
-1730 -2138 -2700 0

-1550 -2138 3438 0
-1730 -2138 3438 0

-1550 -2138 -2700 0
-1550 -2138 3438 0

-1730 -2138 -2700 0
-1730 -2138 3438 0

-1550 -470 3438 0
-1730 -470 3438 0

-1550 -470 -2700 0
-1730 -470 -2700 0

-1550 -470 3438 0
-1550 -470 -2700 0

-1730 -470 3438 0
-1730 -470 -2700 0

-1550 470 -2700 0
-1550 1304 -2700 0

-1550 1304 -2700 0
-1550 1721 -2700 0
-1550 2138 -2700 0

-1550 2138 -2700 0

-1730 470 -2700 0
-1730 2138 -2700 0

-1550 470 -2700 0
-1730 470 -2700 0

-1550 2138 -2700 0
-1730 2138 -2700 0

-1730 470 3438 0
-1730 2138 3438 0

-1550 470 3438 0
-1550 2138 3438 0

-1730 470 3438 0
-1550 470 3438 0

-1730 2138 3438 0
-1550 2138 3438 0

-1730 470 -2700 0
-1730 2138 -2700 0

-1730 470 3438 0
-1730 2138 3438 0

-1730 470 -2700 0
-1730 470 3438 0

-1730 2138 -2700 0
-1730 2138 3438 0

-1550 470 3438 0
-1550 2138 3438 0

-1550 470 -2700 0
-1550 2138 -2700 0

-1550 470 3438 0
-1550 470 -2700 0

-1550 2138 3438 0
-1550 2138 -2700 0

-1550 470 -2700 0
-1730 470 -2700 0

-1550 470 3438 0
-1730 470 3438 0

-1550 470 -2700 0
-1550 470 3438 0

-1730 470 -2700 0
-1730 470 3438 0

-1550 2138 3438 0
-1730 2138 3438 0

-1550 2138 -2700 0
-1730 2138 -2700 0

-1550 2138 3438 0
-1550 2138 -2700 0

-1730 2138 3438 0
-1730 2138 -2700 0

-1730 -3108 -2700 0
-1730 -2608 -2700 0

-1730 -2608 -2700 0
-1730 -2358 -2700 0
-1730 -2108 -2700 0

-1730 -2108 -2700 0

-1910 -3108 -2700 0
-1910 -2108 -2700 0

-1730 -3108 -2700 0
-1910 -3108 -2700 0

-1730 -2108 -2700 0
-1910 -2108 -2700 0

-1910 -3108 3438 0
-1910 -2108 3438 0

-1730 -3108 3438 0
-1730 -2108 3438 0

-1910 -3108 3438 0
-1730 -3108 3438 0

-1910 -2108 3438 0
-1730 -2108 3438 0

-1910 -3108 -2700 0
-1910 -2108 -2700 0

-1910 -3108 3438 0
-1910 -2108 3438 0

-1910 -3108 -2700 0
-1910 -3108 3438 0

-1910 -2108 -2700 0
-1910 -2108 3438 0

-1730 -3108 3438 0
-1730 -2108 3438 0

-1730 -3108 -2700 0
-1730 -2108 -2700 0

-1730 -3108 3438 0
-1730 -3108 -2700 0

-1730 -2108 3438 0
-1730 -2108 -2700 0

-1730 -3108 -2700 0
-1910 -3108 -2700 0

-1730 -3108 3438 0
-1910 -3108 3438 0

-1730 -3108 -2700 0
-1730 -3108 3438 0

-1910 -3108 -2700 0
-1910 -3108 3438 0

-1730 -2108 3438 0
-1910 -2108 3438 0

-1730 -2108 -2700 0
-1910 -2108 -2700 0

-1730 -2108 3438 0
-1730 -2108 -2700 0

-1910 -2108 3438 0
-1910 -2108 -2700 0

-1730 -500 -2700 0
-1730 0 -2700 0

-1730 0 -2700 0
-1730 250 -2700 0
-1730 500 -2700 0

-1730 500 -2700 0

-1910 -500 -2700 0
-1910 500 -2700 0

-1730 -500 -2700 0
-1910 -500 -2700 0

-1730 500 -2700 0
-1910 500 -2700 0

-1910 -500 3438 0
-1910 500 3438 0

-1730 -500 3438 0
-1730 500 3438 0

-1910 -500 3438 0
-1730 -500 3438 0

-1910 500 3438 0
-1730 500 3438 0

-1910 -500 -2700 0
-1910 500 -2700 0

-1910 -500 3438 0
-1910 500 3438 0

-1910 -500 -2700 0
-1910 -500 3438 0

-1910 500 -2700 0
-1910 500 3438 0

-1730 -500 3438 0
-1730 500 3438 0

-1730 -500 -2700 0
-1730 500 -2700 0

-1730 -500 3438 0
-1730 -500 -2700 0

-1730 500 3438 0
-1730 500 -2700 0

-1730 -500 -2700 0
-1910 -500 -2700 0

-1730 -500 3438 0
-1910 -500 3438 0

-1730 -500 -2700 0
-1730 -500 3438 0

-1910 -500 -2700 0
-1910 -500 3438 0

-1730 500 3438 0
-1910 500 3438 0

-1730 500 -2700 0
-1910 500 -2700 0

-1730 500 3438 0
-1730 500 -2700 0

-1910 500 3438 0
-1910 500 -2700 0

-1730 2108 -2700 0
-1730 2608 -2700 0

-1730 2608 -2700 0
-1730 2858 -2700 0
-1730 3108 -2700 0

-1730 3108 -2700 0

-1910 2108 -2700 0
-1910 3108 -2700 0

-1730 2108 -2700 0
-1910 2108 -2700 0

-1730 3108 -2700 0
-1910 3108 -2700 0

-1910 2108 3438 0
-1910 3108 3438 0

-1730 2108 3438 0
-1730 3108 3438 0

-1910 2108 3438 0
-1730 2108 3438 0

-1910 3108 3438 0
-1730 3108 3438 0

-1910 2108 -2700 0
-1910 3108 -2700 0

-1910 2108 3438 0
-1910 3108 3438 0

-1910 2108 -2700 0
-1910 2108 3438 0

-1910 3108 -2700 0
-1910 3108 3438 0

-1730 2108 3438 0
-1730 3108 3438 0

-1730 2108 -2700 0
-1730 3108 -2700 0

-1730 2108 3438 0
-1730 2108 -2700 0

-1730 3108 3438 0
-1730 3108 -2700 0

-1730 2108 -2700 0
-1910 2108 -2700 0

-1730 2108 3438 0
-1910 2108 3438 0

-1730 2108 -2700 0
-1730 2108 3438 0

-1910 2108 -2700 0
-1910 2108 3438 0

-1730 3108 3438 0
-1910 3108 3438 0

-1730 3108 -2700 0
-1910 3108 -2700 0

-1730 3108 3438 0
-1730 3108 -2700 0

-1910 3108 3438 0
-1910 3108 -2700 0

-1550 -4275 -2700 0
-1550 -3676.5 -2700 0

-1550 -3676.5 -2700 0
-1550 -3377.25 -2700 0
-1550 -3078 -2700 0

-1550 -3078 -2700 0

-1730 -4275 -2700 0
-1730 -3078 -2700 0

-1550 -4275 -2700 0
-1730 -4275 -2700 0

-1550 -3078 -2700 0
-1730 -3078 -2700 0

-1730 -4275 3438 0
-1730 -3078 3438 0

-1550 -4275 3438 0
-1550 -3078 3438 0

-1730 -4275 3438 0
-1550 -4275 3438 0

-1730 -3078 3438 0
-1550 -3078 3438 0

-1730 -4275 -2700 0
-1730 -3078 -2700 0

-1730 -4275 3438 0
-1730 -3078 3438 0

-1730 -4275 -2700 0
-1730 -4275 3438 0

-1730 -3078 -2700 0
-1730 -3078 3438 0

-1550 -4275 3438 0
-1550 -3078 3438 0

-1550 -4275 -2700 0
-1550 -3078 -2700 0

-1550 -4275 3438 0
-1550 -4275 -2700 0

-1550 -3078 3438 0
-1550 -3078 -2700 0

-1550 -4275 -2700 0
-1730 -4275 -2700 0

-1550 -4275 3438 0
-1730 -4275 3438 0

-1550 -4275 -2700 0
-1550 -4275 3438 0

-1730 -4275 -2700 0
-1730 -4275 3438 0

-1550 -3078 3438 0
-1730 -3078 3438 0

-1550 -3078 -2700 0
-1730 -3078 -2700 0

-1550 -3078 3438 0
-1550 -3078 -2700 0

-1730 -3078 3438 0
-1730 -3078 -2700 0

-1550 3078 -2700 0
-1550 3676.5 -2700 0

-1550 3676.5 -2700 0
-1550 3975.75 -2700 0
-1550 4275 -2700 0

-1550 4275 -2700 0

-1730 3078 -2700 0
-1730 4275 -2700 0

-1550 3078 -2700 0
-1730 3078 -2700 0

-1550 4275 -2700 0
-1730 4275 -2700 0

-1730 3078 3438 0
-1730 4275 3438 0

-1550 3078 3438 0
-1550 4275 3438 0

-1730 3078 3438 0
-1550 3078 3438 0

-1730 4275 3438 0
-1550 4275 3438 0

-1730 3078 -2700 0
-1730 4275 -2700 0

-1730 3078 3438 0
-1730 4275 3438 0

-1730 3078 -2700 0
-1730 3078 3438 0

-1730 4275 -2700 0
-1730 4275 3438 0

-1550 3078 3438 0
-1550 4275 3438 0

-1550 3078 -2700 0
-1550 4275 -2700 0

-1550 3078 3438 0
-1550 3078 -2700 0

-1550 4275 3438 0
-1550 4275 -2700 0

-1550 3078 -2700 0
-1730 3078 -2700 0

-1550 3078 3438 0
-1730 3078 3438 0

-1550 3078 -2700 0
-1550 3078 3438 0

-1730 3078 -2700 0
-1730 3078 3438 0

-1550 4275 3438 0
-1730 4275 3438 0

-1550 4275 -2700 0
-1730 4275 -2700 0

-1550 4275 3438 0
-1550 4275 -2700 0

-1730 4275 3438 0
-1730 4275 -2700 0

1910 -3083 -2690.5 0
1910 -2608 -2690.5 0

1910 -2608 -2690.5 0
1910 -2370.5 -2690.5 0
1910 -2133 -2690.5 0

1910 -2133 -2690.5 0

1730 -3083 -2690.5 0
1730 -2133 -2690.5 0

1910 -3083 -2690.5 0
1730 -3083 -2690.5 0

1910 -2133 -2690.5 0
1730 -2133 -2690.5 0

1730 -3083 -2490.5 0
1730 -2133 -2490.5 0

1910 -3083 -2490.5 0
1910 -2133 -2490.5 0

1730 -3083 -2490.5 0
1910 -3083 -2490.5 0

1730 -2133 -2490.5 0
1910 -2133 -2490.5 0

1730 -3083 -2690.5 0
1730 -2133 -2690.5 0

1730 -3083 -2490.5 0
1730 -2133 -2490.5 0

1730 -3083 -2690.5 0
1730 -3083 -2490.5 0

1730 -2133 -2690.5 0
1730 -2133 -2490.5 0

1910 -3083 -2490.5 0
1910 -2133 -2490.5 0

1910 -3083 -2690.5 0
1910 -2133 -2690.5 0

1910 -3083 -2490.5 0
1910 -3083 -2690.5 0

1910 -2133 -2490.5 0
1910 -2133 -2690.5 0

1910 -3083 -2690.5 0
1730 -3083 -2690.5 0

1910 -3083 -2490.5 0
1730 -3083 -2490.5 0

1910 -3083 -2690.5 0
1910 -3083 -2490.5 0

1730 -3083 -2690.5 0
1730 -3083 -2490.5 0

1910 -2133 -2490.5 0
1730 -2133 -2490.5 0

1910 -2133 -2690.5 0
1730 -2133 -2690.5 0

1910 -2133 -2490.5 0
1910 -2133 -2690.5 0

1730 -2133 -2490.5 0
1730 -2133 -2690.5 0

1910 -475 -2690.5 0
1910 0 -2690.5 0

1910 0 -2690.5 0
1910 237.5 -2690.5 0
1910 475 -2690.5 0

1910 475 -2690.5 0

1730 -475 -2690.5 0
1730 475 -2690.5 0

1910 -475 -2690.5 0
1730 -475 -2690.5 0

1910 475 -2690.5 0
1730 475 -2690.5 0

1730 -475 -2490.5 0
1730 475 -2490.5 0

1910 -475 -2490.5 0
1910 475 -2490.5 0

1730 -475 -2490.5 0
1910 -475 -2490.5 0

1730 475 -2490.5 0
1910 475 -2490.5 0

1730 -475 -2690.5 0
1730 475 -2690.5 0

1730 -475 -2490.5 0
1730 475 -2490.5 0

1730 -475 -2690.5 0
1730 -475 -2490.5 0

1730 475 -2690.5 0
1730 475 -2490.5 0

1910 -475 -2490.5 0
1910 475 -2490.5 0

1910 -475 -2690.5 0
1910 475 -2690.5 0

1910 -475 -2490.5 0
1910 -475 -2690.5 0

1910 475 -2490.5 0
1910 475 -2690.5 0

1910 -475 -2690.5 0
1730 -475 -2690.5 0

1910 -475 -2490.5 0
1730 -475 -2490.5 0

1910 -475 -2690.5 0
1910 -475 -2490.5 0

1730 -475 -2690.5 0
1730 -475 -2490.5 0

1910 475 -2490.5 0
1730 475 -2490.5 0

1910 475 -2690.5 0
1730 475 -2690.5 0

1910 475 -2490.5 0
1910 475 -2690.5 0

1730 475 -2490.5 0
1730 475 -2690.5 0

1910 2133 -2690.5 0
1910 2608 -2690.5 0

1910 2608 -2690.5 0
1910 2845.5 -2690.5 0
1910 3083 -2690.5 0

1910 3083 -2690.5 0

1730 2133 -2690.5 0
1730 3083 -2690.5 0

1910 2133 -2690.5 0
1730 2133 -2690.5 0

1910 3083 -2690.5 0
1730 3083 -2690.5 0

1730 2133 -2490.5 0
1730 3083 -2490.5 0

1910 2133 -2490.5 0
1910 3083 -2490.5 0

1730 2133 -2490.5 0
1910 2133 -2490.5 0

1730 3083 -2490.5 0
1910 3083 -2490.5 0

1730 2133 -2690.5 0
1730 3083 -2690.5 0

1730 2133 -2490.5 0
1730 3083 -2490.5 0

1730 2133 -2690.5 0
1730 2133 -2490.5 0

1730 3083 -2690.5 0
1730 3083 -2490.5 0

1910 2133 -2490.5 0
1910 3083 -2490.5 0

1910 2133 -2690.5 0
1910 3083 -2690.5 0

1910 2133 -2490.5 0
1910 2133 -2690.5 0

1910 3083 -2490.5 0
1910 3083 -2690.5 0

1910 2133 -2690.5 0
1730 2133 -2690.5 0

1910 2133 -2490.5 0
1730 2133 -2490.5 0

1910 2133 -2690.5 0
1910 2133 -2490.5 0

1730 2133 -2690.5 0
1730 2133 -2490.5 0

1910 3083 -2490.5 0
1730 3083 -2490.5 0

1910 3083 -2690.5 0
1730 3083 -2690.5 0

1910 3083 -2490.5 0
1910 3083 -2690.5 0

1730 3083 -2490.5 0
1730 3083 -2690.5 0

1910 -2138 -2700 0
1910 -1304 -2700 0

1910 -1304 -2700 0
1910 -887 -2700 0
1910 -470 -2700 0

1910 -470 -2700 0

1730 -2138 -2700 0
1730 -470 -2700 0

1910 -2138 -2700 0
1730 -2138 -2700 0

1910 -470 -2700 0
1730 -470 -2700 0

1730 -2138 3438 0
1730 -470 3438 0

1910 -2138 3438 0
1910 -470 3438 0

1730 -2138 3438 0
1910 -2138 3438 0

1730 -470 3438 0
1910 -470 3438 0

1730 -2138 -2700 0
1730 -470 -2700 0

1730 -2138 3438 0
1730 -470 3438 0

1730 -2138 -2700 0
1730 -2138 3438 0

1730 -470 -2700 0
1730 -470 3438 0

1910 -2138 3438 0
1910 -470 3438 0

1910 -2138 -2700 0
1910 -470 -2700 0

1910 -2138 3438 0
1910 -2138 -2700 0

1910 -470 3438 0
1910 -470 -2700 0

1910 -2138 -2700 0
1730 -2138 -2700 0

1910 -2138 3438 0
1730 -2138 3438 0

1910 -2138 -2700 0
1910 -2138 3438 0

1730 -2138 -2700 0
1730 -2138 3438 0

1910 -470 3438 0
1730 -470 3438 0

1910 -470 -2700 0
1730 -470 -2700 0

1910 -470 3438 0
1910 -470 -2700 0

1730 -470 3438 0
1730 -470 -2700 0

1910 470 -2700 0
1910 1304 -2700 0

1910 1304 -2700 0
1910 1721 -2700 0
1910 2138 -2700 0

1910 2138 -2700 0

1730 470 -2700 0
1730 2138 -2700 0

1910 470 -2700 0
1730 470 -2700 0

1910 2138 -2700 0
1730 2138 -2700 0

1730 470 3438 0
1730 2138 3438 0

1910 470 3438 0
1910 2138 3438 0

1730 470 3438 0
1910 470 3438 0

1730 2138 3438 0
1910 2138 3438 0

1730 470 -2700 0
1730 2138 -2700 0

1730 470 3438 0
1730 2138 3438 0

1730 470 -2700 0
1730 470 3438 0

1730 2138 -2700 0
1730 2138 3438 0

1910 470 3438 0
1910 2138 3438 0

1910 470 -2700 0
1910 2138 -2700 0

1910 470 3438 0
1910 470 -2700 0

1910 2138 3438 0
1910 2138 -2700 0

1910 470 -2700 0
1730 470 -2700 0

1910 470 3438 0
1730 470 3438 0

1910 470 -2700 0
1910 470 3438 0

1730 470 -2700 0
1730 470 3438 0

1910 2138 3438 0
1730 2138 3438 0

1910 2138 -2700 0
1730 2138 -2700 0

1910 2138 3438 0
1910 2138 -2700 0

1730 2138 3438 0
1730 2138 -2700 0

1730 -3108 -2700 0
1730 -2608 -2700 0

1730 -2608 -2700 0
1730 -2358 -2700 0
1730 -2108 -2700 0

1730 -2108 -2700 0

1550 -3108 -2700 0
1550 -2108 -2700 0

1730 -3108 -2700 0
1550 -3108 -2700 0

1730 -2108 -2700 0
1550 -2108 -2700 0

1550 -3108 3438 0
1550 -2108 3438 0

1730 -3108 3438 0
1730 -2108 3438 0

1550 -3108 3438 0
1730 -3108 3438 0

1550 -2108 3438 0
1730 -2108 3438 0

1550 -3108 -2700 0
1550 -2108 -2700 0

1550 -3108 3438 0
1550 -2108 3438 0

1550 -3108 -2700 0
1550 -3108 3438 0

1550 -2108 -2700 0
1550 -2108 3438 0

1730 -3108 3438 0
1730 -2108 3438 0

1730 -3108 -2700 0
1730 -2108 -2700 0

1730 -3108 3438 0
1730 -3108 -2700 0

1730 -2108 3438 0
1730 -2108 -2700 0

1730 -3108 -2700 0
1550 -3108 -2700 0

1730 -3108 3438 0
1550 -3108 3438 0

1730 -3108 -2700 0
1730 -3108 3438 0

1550 -3108 -2700 0
1550 -3108 3438 0

1730 -2108 3438 0
1550 -2108 3438 0

1730 -2108 -2700 0
1550 -2108 -2700 0

1730 -2108 3438 0
1730 -2108 -2700 0

1550 -2108 3438 0
1550 -2108 -2700 0

1730 -500 -2700 0
1730 0 -2700 0

1730 0 -2700 0
1730 250 -2700 0
1730 500 -2700 0

1730 500 -2700 0

1550 -500 -2700 0
1550 500 -2700 0

1730 -500 -2700 0
1550 -500 -2700 0

1730 500 -2700 0
1550 500 -2700 0

1550 -500 3438 0
1550 500 3438 0

1730 -500 3438 0
1730 500 3438 0

1550 -500 3438 0
1730 -500 3438 0

1550 500 3438 0
1730 500 3438 0

1550 -500 -2700 0
1550 500 -2700 0

1550 -500 3438 0
1550 500 3438 0

1550 -500 -2700 0
1550 -500 3438 0

1550 500 -2700 0
1550 500 3438 0

1730 -500 3438 0
1730 500 3438 0

1730 -500 -2700 0
1730 500 -2700 0

1730 -500 3438 0
1730 -500 -2700 0

1730 500 3438 0
1730 500 -2700 0

1730 -500 -2700 0
1550 -500 -2700 0

1730 -500 3438 0
1550 -500 3438 0

1730 -500 -2700 0
1730 -500 3438 0

1550 -500 -2700 0
1550 -500 3438 0

1730 500 3438 0
1550 500 3438 0

1730 500 -2700 0
1550 500 -2700 0

1730 500 3438 0
1730 500 -2700 0

1550 500 3438 0
1550 500 -2700 0

1730 2108 -2700 0
1730 2608 -2700 0

1730 2608 -2700 0
1730 2858 -2700 0
1730 3108 -2700 0

1730 3108 -2700 0

1550 2108 -2700 0
1550 3108 -2700 0

1730 2108 -2700 0
1550 2108 -2700 0

1730 3108 -2700 0
1550 3108 -2700 0

1550 2108 3438 0
1550 3108 3438 0

1730 2108 3438 0
1730 3108 3438 0

1550 2108 3438 0
1730 2108 3438 0

1550 3108 3438 0
1730 3108 3438 0

1550 2108 -2700 0
1550 3108 -2700 0

1550 2108 3438 0
1550 3108 3438 0

1550 2108 -2700 0
1550 2108 3438 0

1550 3108 -2700 0
1550 3108 3438 0

1730 2108 3438 0
1730 3108 3438 0

1730 2108 -2700 0
1730 3108 -2700 0

1730 2108 3438 0
1730 2108 -2700 0

1730 3108 3438 0
1730 3108 -2700 0

1730 2108 -2700 0
1550 2108 -2700 0

1730 2108 3438 0
1550 2108 3438 0

1730 2108 -2700 0
1730 2108 3438 0

1550 2108 -2700 0
1550 2108 3438 0

1730 3108 3438 0
1550 3108 3438 0

1730 3108 -2700 0
1550 3108 -2700 0

1730 3108 3438 0
1730 3108 -2700 0

1550 3108 3438 0
1550 3108 -2700 0

1910 -4275 -2700 0
1910 -3676.5 -2700 0

1910 -3676.5 -2700 0
1910 -3377.25 -2700 0
1910 -3078 -2700 0

1910 -3078 -2700 0

1730 -4275 -2700 0
1730 -3078 -2700 0

1910 -4275 -2700 0
1730 -4275 -2700 0

1910 -3078 -2700 0
1730 -3078 -2700 0

1730 -4275 3438 0
1730 -3078 3438 0

1910 -4275 3438 0
1910 -3078 3438 0

1730 -4275 3438 0
1910 -4275 3438 0

1730 -3078 3438 0
1910 -3078 3438 0

1730 -4275 -2700 0
1730 -3078 -2700 0

1730 -4275 3438 0
1730 -3078 3438 0

1730 -4275 -2700 0
1730 -4275 3438 0

1730 -3078 -2700 0
1730 -3078 3438 0

1910 -4275 3438 0
1910 -3078 3438 0

1910 -4275 -2700 0
1910 -3078 -2700 0

1910 -4275 3438 0
1910 -4275 -2700 0

1910 -3078 3438 0
1910 -3078 -2700 0

1910 -4275 -2700 0
1730 -4275 -2700 0

1910 -4275 3438 0
1730 -4275 3438 0

1910 -4275 -2700 0
1910 -4275 3438 0

1730 -4275 -2700 0
1730 -4275 3438 0

1910 -3078 3438 0
1730 -3078 3438 0

1910 -3078 -2700 0
1730 -3078 -2700 0

1910 -3078 3438 0
1910 -3078 -2700 0

1730 -3078 3438 0
1730 -3078 -2700 0

1910 3078 -2700 0
1910 3676.5 -2700 0

1910 3676.5 -2700 0
1910 3975.75 -2700 0
1910 4275 -2700 0

1910 4275 -2700 0

1730 3078 -2700 0
1730 4275 -2700 0

1910 3078 -2700 0
1730 3078 -2700 0

1910 4275 -2700 0
1730 4275 -2700 0

1730 3078 3438 0
1730 4275 3438 0

1910 3078 3438 0
1910 4275 3438 0

1730 3078 3438 0
1910 3078 3438 0

1730 4275 3438 0
1910 4275 3438 0

1730 3078 -2700 0
1730 4275 -2700 0

1730 3078 3438 0
1730 4275 3438 0

1730 3078 -2700 0
1730 3078 3438 0

1730 4275 -2700 0
1730 4275 3438 0

1910 3078 3438 0
1910 4275 3438 0

1910 3078 -2700 0
1910 4275 -2700 0

1910 3078 3438 0
1910 3078 -2700 0

1910 4275 3438 0
1910 4275 -2700 0

1910 3078 -2700 0
1730 3078 -2700 0

1910 3078 3438 0
1730 3078 3438 0

1910 3078 -2700 0
1910 3078 3438 0

1730 3078 -2700 0
1730 3078 3438 0

1910 4275 3438 0
1730 4275 3438 0

1910 4275 -2700 0
1730 4275 -2700 0

1910 4275 3438 0
1910 4275 -2700 0

1730 4275 3438 0
1730 4275 -2700 0

1400 4455 3438 0
1400 4365 3438 0

1400 4365 3438 0
1400 4320 3438 0
1400 4275 3438 0

1400 4275 3438 0

-1400 4455 3438 0
-1400 4275 3438 0

1400 4455 3438 0
-1400 4455 3438 0

1400 4275 3438 0
-1400 4275 3438 0

-1400 4455 -2700 0
-1400 4275 -2700 0

1400 4455 -2700 0
1400 4275 -2700 0

-1400 4455 -2700 0
1400 4455 -2700 0

-1400 4275 -2700 0
1400 4275 -2700 0

-1400 4455 3438 0
-1400 4275 3438 0

-1400 4455 -2700 0
-1400 4275 -2700 0

-1400 4455 3438 0
-1400 4455 -2700 0

-1400 4275 3438 0
-1400 4275 -2700 0

1400 4455 -2700 0
1400 4275 -2700 0

1400 4455 3438 0
1400 4275 3438 0

1400 4455 -2700 0
1400 4455 3438 0

1400 4275 -2700 0
1400 4275 3438 0

1400 4455 3438 0
-1400 4455 3438 0

1400 4455 -2700 0
-1400 4455 -2700 0

1400 4455 3438 0
1400 4455 -2700 0

-1400 4455 3438 0
-1400 4455 -2700 0

1400 4275 -2700 0
-1400 4275 -2700 0

1400 4275 3438 0
-1400 4275 3438 0

1400 4275 -2700 0
1400 4275 3438 0

-1400 4275 -2700 0
-1400 4275 3438 0

1910 4290 3438 0
1910 4282.5 3438 0

1910 4282.5 3438 0
1910 4278.75 3438 0
1910 4275 3438 0

1910 4275 3438 0

1400 4290 3438 0
1400 4275 3438 0

1910 4290 3438 0
1400 4290 3438 0

1910 4275 3438 0
1400 4275 3438 0

1400 4290 -2700 0
1400 4275 -2700 0

1910 4290 -2700 0
1910 4275 -2700 0

1400 4290 -2700 0
1910 4290 -2700 0

1400 4275 -2700 0
1910 4275 -2700 0

1400 4290 3438 0
1400 4275 3438 0

1400 4290 -2700 0
1400 4275 -2700 0

1400 4290 3438 0
1400 4290 -2700 0

1400 4275 3438 0
1400 4275 -2700 0

1910 4290 -2700 0
1910 4275 -2700 0

1910 4290 3438 0
1910 4275 3438 0

1910 4290 -2700 0
1910 4290 3438 0

1910 4275 -2700 0
1910 4275 3438 0

1910 4290 3438 0
1400 4290 3438 0

1910 4290 -2700 0
1400 4290 -2700 0

1910 4290 3438 0
1910 4290 -2700 0

1400 4290 3438 0
1400 4290 -2700 0

1910 4275 -2700 0
1400 4275 -2700 0

1910 4275 3438 0
1400 4275 3438 0

1910 4275 -2700 0
1910 4275 3438 0

1400 4275 -2700 0
1400 4275 3438 0

-1400 4290 3438 0
-1400 4282.5 3438 0

-1400 4282.5 3438 0
-1400 4278.75 3438 0
-1400 4275 3438 0

-1400 4275 3438 0

-1910 4290 3438 0
-1910 4275 3438 0

-1400 4290 3438 0
-1910 4290 3438 0

-1400 4275 3438 0
-1910 4275 3438 0

-1910 4290 -2700 0
-1910 4275 -2700 0

-1400 4290 -2700 0
-1400 4275 -2700 0

-1910 4290 -2700 0
-1400 4290 -2700 0

-1910 4275 -2700 0
-1400 4275 -2700 0

-1910 4290 3438 0
-1910 4275 3438 0

-1910 4290 -2700 0
-1910 4275 -2700 0

-1910 4290 3438 0
-1910 4290 -2700 0

-1910 4275 3438 0
-1910 4275 -2700 0

-1400 4290 -2700 0
-1400 4275 -2700 0

-1400 4290 3438 0
-1400 4275 3438 0

-1400 4290 -2700 0
-1400 4290 3438 0

-1400 4275 -2700 0
-1400 4275 3438 0

-1400 4290 3438 0
-1910 4290 3438 0

-1400 4290 -2700 0
-1910 4290 -2700 0

-1400 4290 3438 0
-1400 4290 -2700 0

-1910 4290 3438 0
-1910 4290 -2700 0

-1400 4275 -2700 0
-1910 4275 -2700 0

-1400 4275 3438 0
-1910 4275 3438 0

-1400 4275 -2700 0
-1400 4275 3438 0

-1910 4275 -2700 0
-1910 4275 3438 0

1400 -4455 -2700 0
1400 -4365 -2700 0

1400 -4365 -2700 0
1400 -4320 -2700 0
1400 -4275 -2700 0

1400 -4275 -2700 0

-1400 -4455 -2700 0
-1400 -4275 -2700 0

1400 -4455 -2700 0
-1400 -4455 -2700 0

1400 -4275 -2700 0
-1400 -4275 -2700 0

-1400 -4455 3438 0
-1400 -4275 3438 0

1400 -4455 3438 0
1400 -4275 3438 0

-1400 -4455 3438 0
1400 -4455 3438 0

-1400 -4275 3438 0
1400 -4275 3438 0

-1400 -4455 -2700 0
-1400 -4275 -2700 0

-1400 -4455 3438 0
-1400 -4275 3438 0

-1400 -4455 -2700 0
-1400 -4455 3438 0

-1400 -4275 -2700 0
-1400 -4275 3438 0

1400 -4455 3438 0
1400 -4275 3438 0

1400 -4455 -2700 0
1400 -4275 -2700 0

1400 -4455 3438 0
1400 -4455 -2700 0

1400 -4275 3438 0
1400 -4275 -2700 0

1400 -4455 -2700 0
-1400 -4455 -2700 0

1400 -4455 3438 0
-1400 -4455 3438 0

1400 -4455 -2700 0
1400 -4455 3438 0

-1400 -4455 -2700 0
-1400 -4455 3438 0

1400 -4275 3438 0
-1400 -4275 3438 0

1400 -4275 -2700 0
-1400 -4275 -2700 0

1400 -4275 3438 0
1400 -4275 -2700 0

-1400 -4275 3438 0
-1400 -4275 -2700 0

1910 -4290 -2700 0
1910 -4282.5 -2700 0

1910 -4282.5 -2700 0
1910 -4278.75 -2700 0
1910 -4275 -2700 0

1910 -4275 -2700 0

1400 -4290 -2700 0
1400 -4275 -2700 0

1910 -4290 -2700 0
1400 -4290 -2700 0

1910 -4275 -2700 0
1400 -4275 -2700 0

1400 -4290 3438 0
1400 -4275 3438 0

1910 -4290 3438 0
1910 -4275 3438 0

1400 -4290 3438 0
1910 -4290 3438 0

1400 -4275 3438 0
1910 -4275 3438 0

1400 -4290 -2700 0
1400 -4275 -2700 0

1400 -4290 3438 0
1400 -4275 3438 0

1400 -4290 -2700 0
1400 -4290 3438 0

1400 -4275 -2700 0
1400 -4275 3438 0

1910 -4290 3438 0
1910 -4275 3438 0

1910 -4290 -2700 0
1910 -4275 -2700 0

1910 -4290 3438 0
1910 -4290 -2700 0

1910 -4275 3438 0
1910 -4275 -2700 0

1910 -4290 -2700 0
1400 -4290 -2700 0

1910 -4290 3438 0
1400 -4290 3438 0

1910 -4290 -2700 0
1910 -4290 3438 0

1400 -4290 -2700 0
1400 -4290 3438 0

1910 -4275 3438 0
1400 -4275 3438 0

1910 -4275 -2700 0
1400 -4275 -2700 0

1910 -4275 3438 0
1910 -4275 -2700 0

1400 -4275 3438 0
1400 -4275 -2700 0

-1400 -4290 -2700 0
-1400 -4282.5 -2700 0

-1400 -4282.5 -2700 0
-1400 -4278.75 -2700 0
-1400 -4275 -2700 0

-1400 -4275 -2700 0

-1910 -4290 -2700 0
-1910 -4275 -2700 0

-1400 -4290 -2700 0
-1910 -4290 -2700 0

-1400 -4275 -2700 0
-1910 -4275 -2700 0

-1910 -4290 3438 0
-1910 -4275 3438 0

-1400 -4290 3438 0
-1400 -4275 3438 0

-1910 -4290 3438 0
-1400 -4290 3438 0

-1910 -4275 3438 0
-1400 -4275 3438 0

-1910 -4290 -2700 0
-1910 -4275 -2700 0

-1910 -4290 3438 0
-1910 -4275 3438 0

-1910 -4290 -2700 0
-1910 -4290 3438 0

-1910 -4275 -2700 0
-1910 -4275 3438 0

-1400 -4290 3438 0
-1400 -4275 3438 0

-1400 -4290 -2700 0
-1400 -4275 -2700 0

-1400 -4290 3438 0
-1400 -4290 -2700 0

-1400 -4275 3438 0
-1400 -4275 -2700 0

-1400 -4290 -2700 0
-1910 -4290 -2700 0

-1400 -4290 3438 0
-1910 -4290 3438 0

-1400 -4290 -2700 0
-1400 -4290 3438 0

-1910 -4290 -2700 0
-1910 -4290 3438 0

-1400 -4275 3438 0
-1910 -4275 3438 0

-1400 -4275 -2700 0
-1910 -4275 -2700 0

-1400 -4275 3438 0
-1400 -4275 -2700 0

-1910 -4275 3438 0
-1910 -4275 -2700 0

# end of label='orange'
