# Temporary file generated by the 'geomtools::gnuplot_drawer'
# class for visualization.
# label='orange'
-645 -7683 -2659.5 0
-645 -7208 -2659.5 0

-645 -7208 -2659.5 0
-645 -6970.5 -2659.5 0
-645 -6733 -2659.5 0

-645 -6733 -2659.5 0

-465 -7683 -2659.5 0
-465 -6733 -2659.5 0

-645 -7683 -2659.5 0
-465 -7683 -2659.5 0

-645 -6733 -2659.5 0
-465 -6733 -2659.5 0

-465 -7683 -3059.5 0
-465 -6733 -3059.5 0

-645 -7683 -3059.5 0
-645 -6733 -3059.5 0

-465 -7683 -3059.5 0
-645 -7683 -3059.5 0

-465 -6733 -3059.5 0
-645 -6733 -3059.5 0

-465 -7683 -2659.5 0
-465 -6733 -2659.5 0

-465 -7683 -3059.5 0
-465 -6733 -3059.5 0

-465 -7683 -2659.5 0
-465 -7683 -3059.5 0

-465 -6733 -2659.5 0
-465 -6733 -3059.5 0

-645 -7683 -3059.5 0
-645 -6733 -3059.5 0

-645 -7683 -2659.5 0
-645 -6733 -2659.5 0

-645 -7683 -3059.5 0
-645 -7683 -2659.5 0

-645 -6733 -3059.5 0
-645 -6733 -2659.5 0

-645 -7683 -2659.5 0
-465 -7683 -2659.5 0

-645 -7683 -3059.5 0
-465 -7683 -3059.5 0

-645 -7683 -2659.5 0
-645 -7683 -3059.5 0

-465 -7683 -2659.5 0
-465 -7683 -3059.5 0

-645 -6733 -3059.5 0
-465 -6733 -3059.5 0

-645 -6733 -2659.5 0
-465 -6733 -2659.5 0

-645 -6733 -3059.5 0
-645 -6733 -2659.5 0

-465 -6733 -3059.5 0
-465 -6733 -2659.5 0

-645 -5075 -2659.5 0
-645 -4600 -2659.5 0

-645 -4600 -2659.5 0
-645 -4362.5 -2659.5 0
-645 -4125 -2659.5 0

-645 -4125 -2659.5 0

-465 -5075 -2659.5 0
-465 -4125 -2659.5 0

-645 -5075 -2659.5 0
-465 -5075 -2659.5 0

-645 -4125 -2659.5 0
-465 -4125 -2659.5 0

-465 -5075 -3059.5 0
-465 -4125 -3059.5 0

-645 -5075 -3059.5 0
-645 -4125 -3059.5 0

-465 -5075 -3059.5 0
-645 -5075 -3059.5 0

-465 -4125 -3059.5 0
-645 -4125 -3059.5 0

-465 -5075 -2659.5 0
-465 -4125 -2659.5 0

-465 -5075 -3059.5 0
-465 -4125 -3059.5 0

-465 -5075 -2659.5 0
-465 -5075 -3059.5 0

-465 -4125 -2659.5 0
-465 -4125 -3059.5 0

-645 -5075 -3059.5 0
-645 -4125 -3059.5 0

-645 -5075 -2659.5 0
-645 -4125 -2659.5 0

-645 -5075 -3059.5 0
-645 -5075 -2659.5 0

-645 -4125 -3059.5 0
-645 -4125 -2659.5 0

-645 -5075 -2659.5 0
-465 -5075 -2659.5 0

-645 -5075 -3059.5 0
-465 -5075 -3059.5 0

-645 -5075 -2659.5 0
-645 -5075 -3059.5 0

-465 -5075 -2659.5 0
-465 -5075 -3059.5 0

-645 -4125 -3059.5 0
-465 -4125 -3059.5 0

-645 -4125 -2659.5 0
-465 -4125 -2659.5 0

-645 -4125 -3059.5 0
-645 -4125 -2659.5 0

-465 -4125 -3059.5 0
-465 -4125 -2659.5 0

-645 -2467 -2659.5 0
-645 -1992 -2659.5 0

-645 -1992 -2659.5 0
-645 -1754.5 -2659.5 0
-645 -1517 -2659.5 0

-645 -1517 -2659.5 0

-465 -2467 -2659.5 0
-465 -1517 -2659.5 0

-645 -2467 -2659.5 0
-465 -2467 -2659.5 0

-645 -1517 -2659.5 0
-465 -1517 -2659.5 0

-465 -2467 -3059.5 0
-465 -1517 -3059.5 0

-645 -2467 -3059.5 0
-645 -1517 -3059.5 0

-465 -2467 -3059.5 0
-645 -2467 -3059.5 0

-465 -1517 -3059.5 0
-645 -1517 -3059.5 0

-465 -2467 -2659.5 0
-465 -1517 -2659.5 0

-465 -2467 -3059.5 0
-465 -1517 -3059.5 0

-465 -2467 -2659.5 0
-465 -2467 -3059.5 0

-465 -1517 -2659.5 0
-465 -1517 -3059.5 0

-645 -2467 -3059.5 0
-645 -1517 -3059.5 0

-645 -2467 -2659.5 0
-645 -1517 -2659.5 0

-645 -2467 -3059.5 0
-645 -2467 -2659.5 0

-645 -1517 -3059.5 0
-645 -1517 -2659.5 0

-645 -2467 -2659.5 0
-465 -2467 -2659.5 0

-645 -2467 -3059.5 0
-465 -2467 -3059.5 0

-645 -2467 -2659.5 0
-645 -2467 -3059.5 0

-465 -2467 -2659.5 0
-465 -2467 -3059.5 0

-645 -1517 -3059.5 0
-465 -1517 -3059.5 0

-645 -1517 -2659.5 0
-465 -1517 -2659.5 0

-645 -1517 -3059.5 0
-645 -1517 -2659.5 0

-465 -1517 -3059.5 0
-465 -1517 -2659.5 0

-645 -6738 3069 0
-645 -5904 3069 0

-645 -5904 3069 0
-645 -5487 3069 0
-645 -5070 3069 0

-645 -5070 3069 0

-465 -6738 3069 0
-465 -5070 3069 0

-645 -6738 3069 0
-465 -6738 3069 0

-645 -5070 3069 0
-465 -5070 3069 0

-465 -6738 -3069 0
-465 -5070 -3069 0

-645 -6738 -3069 0
-645 -5070 -3069 0

-465 -6738 -3069 0
-645 -6738 -3069 0

-465 -5070 -3069 0
-645 -5070 -3069 0

-465 -6738 3069 0
-465 -5070 3069 0

-465 -6738 -3069 0
-465 -5070 -3069 0

-465 -6738 3069 0
-465 -6738 -3069 0

-465 -5070 3069 0
-465 -5070 -3069 0

-645 -6738 -3069 0
-645 -5070 -3069 0

-645 -6738 3069 0
-645 -5070 3069 0

-645 -6738 -3069 0
-645 -6738 3069 0

-645 -5070 -3069 0
-645 -5070 3069 0

-645 -6738 3069 0
-465 -6738 3069 0

-645 -6738 -3069 0
-465 -6738 -3069 0

-645 -6738 3069 0
-645 -6738 -3069 0

-465 -6738 3069 0
-465 -6738 -3069 0

-645 -5070 -3069 0
-465 -5070 -3069 0

-645 -5070 3069 0
-465 -5070 3069 0

-645 -5070 -3069 0
-645 -5070 3069 0

-465 -5070 -3069 0
-465 -5070 3069 0

-645 -4130 3069 0
-645 -3296 3069 0

-645 -3296 3069 0
-645 -2879 3069 0
-645 -2462 3069 0

-645 -2462 3069 0

-465 -4130 3069 0
-465 -2462 3069 0

-645 -4130 3069 0
-465 -4130 3069 0

-645 -2462 3069 0
-465 -2462 3069 0

-465 -4130 -3069 0
-465 -2462 -3069 0

-645 -4130 -3069 0
-645 -2462 -3069 0

-465 -4130 -3069 0
-645 -4130 -3069 0

-465 -2462 -3069 0
-645 -2462 -3069 0

-465 -4130 3069 0
-465 -2462 3069 0

-465 -4130 -3069 0
-465 -2462 -3069 0

-465 -4130 3069 0
-465 -4130 -3069 0

-465 -2462 3069 0
-465 -2462 -3069 0

-645 -4130 -3069 0
-645 -2462 -3069 0

-645 -4130 3069 0
-645 -2462 3069 0

-645 -4130 -3069 0
-645 -4130 3069 0

-645 -2462 -3069 0
-645 -2462 3069 0

-645 -4130 3069 0
-465 -4130 3069 0

-645 -4130 -3069 0
-465 -4130 -3069 0

-645 -4130 3069 0
-645 -4130 -3069 0

-465 -4130 3069 0
-465 -4130 -3069 0

-645 -2462 -3069 0
-465 -2462 -3069 0

-645 -2462 3069 0
-465 -2462 3069 0

-645 -2462 -3069 0
-645 -2462 3069 0

-465 -2462 -3069 0
-465 -2462 3069 0

-465 -7708 3069 0
-465 -7208 3069 0

-465 -7208 3069 0
-465 -6958 3069 0
-465 -6708 3069 0

-465 -6708 3069 0

-285 -7708 3069 0
-285 -6708 3069 0

-465 -7708 3069 0
-285 -7708 3069 0

-465 -6708 3069 0
-285 -6708 3069 0

-285 -7708 -3069 0
-285 -6708 -3069 0

-465 -7708 -3069 0
-465 -6708 -3069 0

-285 -7708 -3069 0
-465 -7708 -3069 0

-285 -6708 -3069 0
-465 -6708 -3069 0

-285 -7708 3069 0
-285 -6708 3069 0

-285 -7708 -3069 0
-285 -6708 -3069 0

-285 -7708 3069 0
-285 -7708 -3069 0

-285 -6708 3069 0
-285 -6708 -3069 0

-465 -7708 -3069 0
-465 -6708 -3069 0

-465 -7708 3069 0
-465 -6708 3069 0

-465 -7708 -3069 0
-465 -7708 3069 0

-465 -6708 -3069 0
-465 -6708 3069 0

-465 -7708 3069 0
-285 -7708 3069 0

-465 -7708 -3069 0
-285 -7708 -3069 0

-465 -7708 3069 0
-465 -7708 -3069 0

-285 -7708 3069 0
-285 -7708 -3069 0

-465 -6708 -3069 0
-285 -6708 -3069 0

-465 -6708 3069 0
-285 -6708 3069 0

-465 -6708 -3069 0
-465 -6708 3069 0

-285 -6708 -3069 0
-285 -6708 3069 0

-465 -5100 3069 0
-465 -4600 3069 0

-465 -4600 3069 0
-465 -4350 3069 0
-465 -4100 3069 0

-465 -4100 3069 0

-285 -5100 3069 0
-285 -4100 3069 0

-465 -5100 3069 0
-285 -5100 3069 0

-465 -4100 3069 0
-285 -4100 3069 0

-285 -5100 -3069 0
-285 -4100 -3069 0

-465 -5100 -3069 0
-465 -4100 -3069 0

-285 -5100 -3069 0
-465 -5100 -3069 0

-285 -4100 -3069 0
-465 -4100 -3069 0

-285 -5100 3069 0
-285 -4100 3069 0

-285 -5100 -3069 0
-285 -4100 -3069 0

-285 -5100 3069 0
-285 -5100 -3069 0

-285 -4100 3069 0
-285 -4100 -3069 0

-465 -5100 -3069 0
-465 -4100 -3069 0

-465 -5100 3069 0
-465 -4100 3069 0

-465 -5100 -3069 0
-465 -5100 3069 0

-465 -4100 -3069 0
-465 -4100 3069 0

-465 -5100 3069 0
-285 -5100 3069 0

-465 -5100 -3069 0
-285 -5100 -3069 0

-465 -5100 3069 0
-465 -5100 -3069 0

-285 -5100 3069 0
-285 -5100 -3069 0

-465 -4100 -3069 0
-285 -4100 -3069 0

-465 -4100 3069 0
-285 -4100 3069 0

-465 -4100 -3069 0
-465 -4100 3069 0

-285 -4100 -3069 0
-285 -4100 3069 0

-465 -2492 3069 0
-465 -1992 3069 0

-465 -1992 3069 0
-465 -1742 3069 0
-465 -1492 3069 0

-465 -1492 3069 0

-285 -2492 3069 0
-285 -1492 3069 0

-465 -2492 3069 0
-285 -2492 3069 0

-465 -1492 3069 0
-285 -1492 3069 0

-285 -2492 -3069 0
-285 -1492 -3069 0

-465 -2492 -3069 0
-465 -1492 -3069 0

-285 -2492 -3069 0
-465 -2492 -3069 0

-285 -1492 -3069 0
-465 -1492 -3069 0

-285 -2492 3069 0
-285 -1492 3069 0

-285 -2492 -3069 0
-285 -1492 -3069 0

-285 -2492 3069 0
-285 -2492 -3069 0

-285 -1492 3069 0
-285 -1492 -3069 0

-465 -2492 -3069 0
-465 -1492 -3069 0

-465 -2492 3069 0
-465 -1492 3069 0

-465 -2492 -3069 0
-465 -2492 3069 0

-465 -1492 -3069 0
-465 -1492 3069 0

-465 -2492 3069 0
-285 -2492 3069 0

-465 -2492 -3069 0
-285 -2492 -3069 0

-465 -2492 3069 0
-465 -2492 -3069 0

-285 -2492 3069 0
-285 -2492 -3069 0

-465 -1492 -3069 0
-285 -1492 -3069 0

-465 -1492 3069 0
-285 -1492 3069 0

-465 -1492 -3069 0
-465 -1492 3069 0

-285 -1492 -3069 0
-285 -1492 3069 0

-645 -8875 3069 0
-645 -8276.5 3069 0

-645 -8276.5 3069 0
-645 -7977.25 3069 0
-645 -7678 3069 0

-645 -7678 3069 0

-465 -8875 3069 0
-465 -7678 3069 0

-645 -8875 3069 0
-465 -8875 3069 0

-645 -7678 3069 0
-465 -7678 3069 0

-465 -8875 -3069 0
-465 -7678 -3069 0

-645 -8875 -3069 0
-645 -7678 -3069 0

-465 -8875 -3069 0
-645 -8875 -3069 0

-465 -7678 -3069 0
-645 -7678 -3069 0

-465 -8875 3069 0
-465 -7678 3069 0

-465 -8875 -3069 0
-465 -7678 -3069 0

-465 -8875 3069 0
-465 -8875 -3069 0

-465 -7678 3069 0
-465 -7678 -3069 0

-645 -8875 -3069 0
-645 -7678 -3069 0

-645 -8875 3069 0
-645 -7678 3069 0

-645 -8875 -3069 0
-645 -8875 3069 0

-645 -7678 -3069 0
-645 -7678 3069 0

-645 -8875 3069 0
-465 -8875 3069 0

-645 -8875 -3069 0
-465 -8875 -3069 0

-645 -8875 3069 0
-645 -8875 -3069 0

-465 -8875 3069 0
-465 -8875 -3069 0

-645 -7678 -3069 0
-465 -7678 -3069 0

-645 -7678 3069 0
-465 -7678 3069 0

-645 -7678 -3069 0
-645 -7678 3069 0

-465 -7678 -3069 0
-465 -7678 3069 0

-645 -1522 3069 0
-645 -923.5 3069 0

-645 -923.5 3069 0
-645 -624.25 3069 0
-645 -325 3069 0

-645 -325 3069 0

-465 -1522 3069 0
-465 -325 3069 0

-645 -1522 3069 0
-465 -1522 3069 0

-645 -325 3069 0
-465 -325 3069 0

-465 -1522 -3069 0
-465 -325 -3069 0

-645 -1522 -3069 0
-645 -325 -3069 0

-465 -1522 -3069 0
-645 -1522 -3069 0

-465 -325 -3069 0
-645 -325 -3069 0

-465 -1522 3069 0
-465 -325 3069 0

-465 -1522 -3069 0
-465 -325 -3069 0

-465 -1522 3069 0
-465 -1522 -3069 0

-465 -325 3069 0
-465 -325 -3069 0

-645 -1522 -3069 0
-645 -325 -3069 0

-645 -1522 3069 0
-645 -325 3069 0

-645 -1522 -3069 0
-645 -1522 3069 0

-645 -325 -3069 0
-645 -325 3069 0

-645 -1522 3069 0
-465 -1522 3069 0

-645 -1522 -3069 0
-465 -1522 -3069 0

-645 -1522 3069 0
-645 -1522 -3069 0

-465 -1522 3069 0
-465 -1522 -3069 0

-645 -325 -3069 0
-465 -325 -3069 0

-645 -325 3069 0
-465 -325 3069 0

-645 -325 -3069 0
-645 -325 3069 0

-465 -325 -3069 0
-465 -325 3069 0

# end of label='orange'
