# Temporary file generated by the 'geomtools::gnuplot_drawer'
# class for visualization.
# label='pink'
3690 -1.5 -3745 0
3690 0 -3745 0

3690 0 -3745 0
3690 0.75 -3745 0
3690 1.5 -3745 0

3690 1.5 -3745 0

-900 -1.5 -3745 0
-900 1.5 -3745 0

3690 -1.5 -3745 0
-900 -1.5 -3745 0

3690 1.5 -3745 0
-900 1.5 -3745 0

-900 -1.5 3745 0
-900 1.5 3745 0

3690 -1.5 3745 0
3690 1.5 3745 0

-900 -1.5 3745 0
3690 -1.5 3745 0

-900 1.5 3745 0
3690 1.5 3745 0

-900 -1.5 -3745 0
-900 1.5 -3745 0

-900 -1.5 3745 0
-900 1.5 3745 0

-900 -1.5 -3745 0
-900 -1.5 3745 0

-900 1.5 -3745 0
-900 1.5 3745 0

3690 -1.5 3745 0
3690 1.5 3745 0

3690 -1.5 -3745 0
3690 1.5 -3745 0

3690 -1.5 3745 0
3690 -1.5 -3745 0

3690 1.5 3745 0
3690 1.5 -3745 0

3690 -1.5 -3745 0
-900 -1.5 -3745 0

3690 -1.5 3745 0
-900 -1.5 3745 0

3690 -1.5 -3745 0
3690 -1.5 3745 0

-900 -1.5 -3745 0
-900 -1.5 3745 0

3690 1.5 3745 0
-900 1.5 3745 0

3690 1.5 -3745 0
-900 1.5 -3745 0

3690 1.5 3745 0
3690 1.5 -3745 0

-900 1.5 3745 0
-900 1.5 -3745 0

900 -1.5 -3745 0
900 0 -3745 0

900 0 -3745 0
900 0.75 -3745 0
900 1.5 -3745 0

900 1.5 -3745 0

-3690 -1.5 -3745 0
-3690 1.5 -3745 0

900 -1.5 -3745 0
-3690 -1.5 -3745 0

900 1.5 -3745 0
-3690 1.5 -3745 0

-3690 -1.5 3745 0
-3690 1.5 3745 0

900 -1.5 3745 0
900 1.5 3745 0

-3690 -1.5 3745 0
900 -1.5 3745 0

-3690 1.5 3745 0
900 1.5 3745 0

-3690 -1.5 -3745 0
-3690 1.5 -3745 0

-3690 -1.5 3745 0
-3690 1.5 3745 0

-3690 -1.5 -3745 0
-3690 -1.5 3745 0

-3690 1.5 -3745 0
-3690 1.5 3745 0

900 -1.5 3745 0
900 1.5 3745 0

900 -1.5 -3745 0
900 1.5 -3745 0

900 -1.5 3745 0
900 -1.5 -3745 0

900 1.5 3745 0
900 1.5 -3745 0

900 -1.5 -3745 0
-3690 -1.5 -3745 0

900 -1.5 3745 0
-3690 -1.5 3745 0

900 -1.5 -3745 0
900 -1.5 3745 0

-3690 -1.5 -3745 0
-3690 -1.5 3745 0

900 1.5 3745 0
-3690 1.5 3745 0

900 1.5 -3745 0
-3690 1.5 -3745 0

900 1.5 3745 0
900 1.5 -3745 0

-3690 1.5 3745 0
-3690 1.5 -3745 0

2296.5 -1395 -3745 0
2296.5 0 -3745 0

2296.5 0 -3745 0
2296.5 697.5 -3745 0
2296.5 1395 -3745 0

2296.5 1395 -3745 0

2293.5 -1395 -3745 0
2293.5 1395 -3745 0

2296.5 -1395 -3745 0
2293.5 -1395 -3745 0

2296.5 1395 -3745 0
2293.5 1395 -3745 0

2293.5 -1395 3745 0
2293.5 1395 3745 0

2296.5 -1395 3745 0
2296.5 1395 3745 0

2293.5 -1395 3745 0
2296.5 -1395 3745 0

2293.5 1395 3745 0
2296.5 1395 3745 0

2293.5 -1395 -3745 0
2293.5 1395 -3745 0

2293.5 -1395 3745 0
2293.5 1395 3745 0

2293.5 -1395 -3745 0
2293.5 -1395 3745 0

2293.5 1395 -3745 0
2293.5 1395 3745 0

2296.5 -1395 3745 0
2296.5 1395 3745 0

2296.5 -1395 -3745 0
2296.5 1395 -3745 0

2296.5 -1395 3745 0
2296.5 -1395 -3745 0

2296.5 1395 3745 0
2296.5 1395 -3745 0

2296.5 -1395 -3745 0
2293.5 -1395 -3745 0

2296.5 -1395 3745 0
2293.5 -1395 3745 0

2296.5 -1395 -3745 0
2296.5 -1395 3745 0

2293.5 -1395 -3745 0
2293.5 -1395 3745 0

2296.5 1395 3745 0
2293.5 1395 3745 0

2296.5 1395 -3745 0
2293.5 1395 -3745 0

2296.5 1395 3745 0
2296.5 1395 -3745 0

2293.5 1395 3745 0
2293.5 1395 -3745 0

-2293.5 -1395 -3745 0
-2293.5 0 -3745 0

-2293.5 0 -3745 0
-2293.5 697.5 -3745 0
-2293.5 1395 -3745 0

-2293.5 1395 -3745 0

-2296.5 -1395 -3745 0
-2296.5 1395 -3745 0

-2293.5 -1395 -3745 0
-2296.5 -1395 -3745 0

-2293.5 1395 -3745 0
-2296.5 1395 -3745 0

-2296.5 -1395 3745 0
-2296.5 1395 3745 0

-2293.5 -1395 3745 0
-2293.5 1395 3745 0

-2296.5 -1395 3745 0
-2293.5 -1395 3745 0

-2296.5 1395 3745 0
-2293.5 1395 3745 0

-2296.5 -1395 -3745 0
-2296.5 1395 -3745 0

-2296.5 -1395 3745 0
-2296.5 1395 3745 0

-2296.5 -1395 -3745 0
-2296.5 -1395 3745 0

-2296.5 1395 -3745 0
-2296.5 1395 3745 0

-2293.5 -1395 3745 0
-2293.5 1395 3745 0

-2293.5 -1395 -3745 0
-2293.5 1395 -3745 0

-2293.5 -1395 3745 0
-2293.5 -1395 -3745 0

-2293.5 1395 3745 0
-2293.5 1395 -3745 0

-2293.5 -1395 -3745 0
-2296.5 -1395 -3745 0

-2293.5 -1395 3745 0
-2296.5 -1395 3745 0

-2293.5 -1395 -3745 0
-2293.5 -1395 3745 0

-2296.5 -1395 -3745 0
-2296.5 -1395 3745 0

-2293.5 1395 3745 0
-2296.5 1395 3745 0

-2293.5 1395 -3745 0
-2296.5 1395 -3745 0

-2293.5 1395 3745 0
-2293.5 1395 -3745 0

-2296.5 1395 3745 0
-2296.5 1395 -3745 0

# end of label='pink'
