# Temporary file generated by the 'geomtools::gnuplot_drawer'
# class for visualization.
# label='orange'
1400 -4455 -2700 0
1400 -4365 -2700 0

1400 -4365 -2700 0
1400 -4320 -2700 0
1400 -4275 -2700 0

1400 -4275 -2700 0

-1400 -4455 -2700 0
-1400 -4275 -2700 0

1400 -4455 -2700 0
-1400 -4455 -2700 0

1400 -4275 -2700 0
-1400 -4275 -2700 0

-1400 -4455 3438 0
-1400 -4275 3438 0

1400 -4455 3438 0
1400 -4275 3438 0

-1400 -4455 3438 0
1400 -4455 3438 0

-1400 -4275 3438 0
1400 -4275 3438 0

-1400 -4455 -2700 0
-1400 -4275 -2700 0

-1400 -4455 3438 0
-1400 -4275 3438 0

-1400 -4455 -2700 0
-1400 -4455 3438 0

-1400 -4275 -2700 0
-1400 -4275 3438 0

1400 -4455 3438 0
1400 -4275 3438 0

1400 -4455 -2700 0
1400 -4275 -2700 0

1400 -4455 3438 0
1400 -4455 -2700 0

1400 -4275 3438 0
1400 -4275 -2700 0

1400 -4455 -2700 0
-1400 -4455 -2700 0

1400 -4455 3438 0
-1400 -4455 3438 0

1400 -4455 -2700 0
1400 -4455 3438 0

-1400 -4455 -2700 0
-1400 -4455 3438 0

1400 -4275 3438 0
-1400 -4275 3438 0

1400 -4275 -2700 0
-1400 -4275 -2700 0

1400 -4275 3438 0
1400 -4275 -2700 0

-1400 -4275 3438 0
-1400 -4275 -2700 0

1910 -4290 -2700 0
1910 -4282.5 -2700 0

1910 -4282.5 -2700 0
1910 -4278.75 -2700 0
1910 -4275 -2700 0

1910 -4275 -2700 0

1400 -4290 -2700 0
1400 -4275 -2700 0

1910 -4290 -2700 0
1400 -4290 -2700 0

1910 -4275 -2700 0
1400 -4275 -2700 0

1400 -4290 3438 0
1400 -4275 3438 0

1910 -4290 3438 0
1910 -4275 3438 0

1400 -4290 3438 0
1910 -4290 3438 0

1400 -4275 3438 0
1910 -4275 3438 0

1400 -4290 -2700 0
1400 -4275 -2700 0

1400 -4290 3438 0
1400 -4275 3438 0

1400 -4290 -2700 0
1400 -4290 3438 0

1400 -4275 -2700 0
1400 -4275 3438 0

1910 -4290 3438 0
1910 -4275 3438 0

1910 -4290 -2700 0
1910 -4275 -2700 0

1910 -4290 3438 0
1910 -4290 -2700 0

1910 -4275 3438 0
1910 -4275 -2700 0

1910 -4290 -2700 0
1400 -4290 -2700 0

1910 -4290 3438 0
1400 -4290 3438 0

1910 -4290 -2700 0
1910 -4290 3438 0

1400 -4290 -2700 0
1400 -4290 3438 0

1910 -4275 3438 0
1400 -4275 3438 0

1910 -4275 -2700 0
1400 -4275 -2700 0

1910 -4275 3438 0
1910 -4275 -2700 0

1400 -4275 3438 0
1400 -4275 -2700 0

-1400 -4290 -2700 0
-1400 -4282.5 -2700 0

-1400 -4282.5 -2700 0
-1400 -4278.75 -2700 0
-1400 -4275 -2700 0

-1400 -4275 -2700 0

-1910 -4290 -2700 0
-1910 -4275 -2700 0

-1400 -4290 -2700 0
-1910 -4290 -2700 0

-1400 -4275 -2700 0
-1910 -4275 -2700 0

-1910 -4290 3438 0
-1910 -4275 3438 0

-1400 -4290 3438 0
-1400 -4275 3438 0

-1910 -4290 3438 0
-1400 -4290 3438 0

-1910 -4275 3438 0
-1400 -4275 3438 0

-1910 -4290 -2700 0
-1910 -4275 -2700 0

-1910 -4290 3438 0
-1910 -4275 3438 0

-1910 -4290 -2700 0
-1910 -4290 3438 0

-1910 -4275 -2700 0
-1910 -4275 3438 0

-1400 -4290 3438 0
-1400 -4275 3438 0

-1400 -4290 -2700 0
-1400 -4275 -2700 0

-1400 -4290 3438 0
-1400 -4290 -2700 0

-1400 -4275 3438 0
-1400 -4275 -2700 0

-1400 -4290 -2700 0
-1910 -4290 -2700 0

-1400 -4290 3438 0
-1910 -4290 3438 0

-1400 -4290 -2700 0
-1400 -4290 3438 0

-1910 -4290 -2700 0
-1910 -4290 3438 0

-1400 -4275 3438 0
-1910 -4275 3438 0

-1400 -4275 -2700 0
-1910 -4275 -2700 0

-1400 -4275 3438 0
-1400 -4275 -2700 0

-1910 -4275 3438 0
-1910 -4275 -2700 0

# end of label='orange'
