# Temporary file generated by the 'geomtools::gnuplot_drawer'
# class for visualization.
# label='grey'
645 -4275 -3069 0
645 0 -3069 0

645 0 -3069 0
645 2137.5 -3069 0
645 4275 -3069 0

645 4275 -3069 0

-645 -4275 -3069 0
-645 4275 -3069 0

645 -4275 -3069 0
-645 -4275 -3069 0

645 4275 -3069 0
-645 4275 -3069 0

-645 -4275 3069 0
-645 4275 3069 0

645 -4275 3069 0
645 4275 3069 0

-645 -4275 3069 0
645 -4275 3069 0

-645 4275 3069 0
645 4275 3069 0

-645 -4275 -3069 0
-645 4275 -3069 0

-645 -4275 3069 0
-645 4275 3069 0

-645 -4275 -3069 0
-645 -4275 3069 0

-645 4275 -3069 0
-645 4275 3069 0

645 -4275 3069 0
645 4275 3069 0

645 -4275 -3069 0
645 4275 -3069 0

645 -4275 3069 0
645 -4275 -3069 0

645 4275 3069 0
645 4275 -3069 0

645 -4275 -3069 0
-645 -4275 -3069 0

645 -4275 3069 0
-645 -4275 3069 0

645 -4275 -3069 0
645 -4275 3069 0

-645 -4275 -3069 0
-645 -4275 3069 0

645 4275 3069 0
-645 4275 3069 0

645 4275 -3069 0
-645 4275 -3069 0

645 4275 3069 0
645 4275 -3069 0

-645 4275 3069 0
-645 4275 -3069 0

-645 -4275 3069 0
-645 0 3069 0

-645 0 3069 0
-645 2137.5 3069 0
-645 4275 3069 0

-645 4275 3069 0

-285 -4275 3069 0
-285 4275 3069 0

-645 -4275 3069 0
-285 -4275 3069 0

-645 4275 3069 0
-285 4275 3069 0

-285 -4275 -3069 0
-285 4275 -3069 0

-645 -4275 -3069 0
-645 4275 -3069 0

-285 -4275 -3069 0
-645 -4275 -3069 0

-285 4275 -3069 0
-645 4275 -3069 0

-285 -4275 3069 0
-285 4275 3069 0

-285 -4275 -3069 0
-285 4275 -3069 0

-285 -4275 3069 0
-285 -4275 -3069 0

-285 4275 3069 0
-285 4275 -3069 0

-645 -4275 -3069 0
-645 4275 -3069 0

-645 -4275 3069 0
-645 4275 3069 0

-645 -4275 -3069 0
-645 -4275 3069 0

-645 4275 -3069 0
-645 4275 3069 0

-645 -4275 3069 0
-285 -4275 3069 0

-645 -4275 -3069 0
-285 -4275 -3069 0

-645 -4275 3069 0
-645 -4275 -3069 0

-285 -4275 3069 0
-285 -4275 -3069 0

-645 4275 -3069 0
-285 4275 -3069 0

-645 4275 3069 0
-285 4275 3069 0

-645 4275 -3069 0
-645 4275 3069 0

-285 4275 -3069 0
-285 4275 3069 0

2580 -2458 -3069 0
180 -2458 -3069 0

180 -2458 -3069 0
-1020 -2458 -3069 0
-2220 -2458 -3069 0

-2220 -2458 -3069 0

2580 -2758 -3069 0
-2220 -2758 -3069 0

2580 -2458 -3069 0
2580 -2758 -3069 0

-2220 -2458 -3069 0
-2220 -2758 -3069 0

2580 -2758 -2469 0
-2220 -2758 -2469 0

2580 -2458 -2469 0
-2220 -2458 -2469 0

2580 -2758 -2469 0
2580 -2458 -2469 0

-2220 -2758 -2469 0
-2220 -2458 -2469 0

2580 -2758 -3069 0
-2220 -2758 -3069 0

2580 -2758 -2469 0
-2220 -2758 -2469 0

2580 -2758 -3069 0
2580 -2758 -2469 0

-2220 -2758 -3069 0
-2220 -2758 -2469 0

2580 -2458 -2469 0
-2220 -2458 -2469 0

2580 -2458 -3069 0
-2220 -2458 -3069 0

2580 -2458 -2469 0
2580 -2458 -3069 0

-2220 -2458 -2469 0
-2220 -2458 -3069 0

2580 -2458 -3069 0
2580 -2758 -3069 0

2580 -2458 -2469 0
2580 -2758 -2469 0

2580 -2458 -3069 0
2580 -2458 -2469 0

2580 -2758 -3069 0
2580 -2758 -2469 0

-2220 -2458 -2469 0
-2220 -2758 -2469 0

-2220 -2458 -3069 0
-2220 -2758 -3069 0

-2220 -2458 -2469 0
-2220 -2458 -3069 0

-2220 -2758 -2469 0
-2220 -2758 -3069 0

2580 150 -3069 0
180 150 -3069 0

180 150 -3069 0
-1020 150 -3069 0
-2220 150 -3069 0

-2220 150 -3069 0

2580 -150 -3069 0
-2220 -150 -3069 0

2580 150 -3069 0
2580 -150 -3069 0

-2220 150 -3069 0
-2220 -150 -3069 0

2580 -150 -2469 0
-2220 -150 -2469 0

2580 150 -2469 0
-2220 150 -2469 0

2580 -150 -2469 0
2580 150 -2469 0

-2220 -150 -2469 0
-2220 150 -2469 0

2580 -150 -3069 0
-2220 -150 -3069 0

2580 -150 -2469 0
-2220 -150 -2469 0

2580 -150 -3069 0
2580 -150 -2469 0

-2220 -150 -3069 0
-2220 -150 -2469 0

2580 150 -2469 0
-2220 150 -2469 0

2580 150 -3069 0
-2220 150 -3069 0

2580 150 -2469 0
2580 150 -3069 0

-2220 150 -2469 0
-2220 150 -3069 0

2580 150 -3069 0
2580 -150 -3069 0

2580 150 -2469 0
2580 -150 -2469 0

2580 150 -3069 0
2580 150 -2469 0

2580 -150 -3069 0
2580 -150 -2469 0

-2220 150 -2469 0
-2220 -150 -2469 0

-2220 150 -3069 0
-2220 -150 -3069 0

-2220 150 -2469 0
-2220 150 -3069 0

-2220 -150 -2469 0
-2220 -150 -3069 0

2580 2758 -3069 0
180 2758 -3069 0

180 2758 -3069 0
-1020 2758 -3069 0
-2220 2758 -3069 0

-2220 2758 -3069 0

2580 2458 -3069 0
-2220 2458 -3069 0

2580 2758 -3069 0
2580 2458 -3069 0

-2220 2758 -3069 0
-2220 2458 -3069 0

2580 2458 -2469 0
-2220 2458 -2469 0

2580 2758 -2469 0
-2220 2758 -2469 0

2580 2458 -2469 0
2580 2758 -2469 0

-2220 2458 -2469 0
-2220 2758 -2469 0

2580 2458 -3069 0
-2220 2458 -3069 0

2580 2458 -2469 0
-2220 2458 -2469 0

2580 2458 -3069 0
2580 2458 -2469 0

-2220 2458 -3069 0
-2220 2458 -2469 0

2580 2758 -2469 0
-2220 2758 -2469 0

2580 2758 -3069 0
-2220 2758 -3069 0

2580 2758 -2469 0
2580 2758 -3069 0

-2220 2758 -2469 0
-2220 2758 -3069 0

2580 2758 -3069 0
2580 2458 -3069 0

2580 2758 -2469 0
2580 2458 -2469 0

2580 2758 -3069 0
2580 2758 -2469 0

2580 2458 -3069 0
2580 2458 -2469 0

-2220 2758 -2469 0
-2220 2458 -2469 0

-2220 2758 -3069 0
-2220 2458 -3069 0

-2220 2758 -2469 0
-2220 2758 -3069 0

-2220 2458 -2469 0
-2220 2458 -3069 0

2580 -2515.5 2519 0
180 -2515.5 2519 0

180 -2515.5 2519 0
-1020 -2515.5 2519 0
-2220 -2515.5 2519 0

-2220 -2515.5 2519 0

2580 -2700.5 2519 0
-2220 -2700.5 2519 0

2580 -2515.5 2519 0
2580 -2700.5 2519 0

-2220 -2515.5 2519 0
-2220 -2700.5 2519 0

2580 -2700.5 3019 0
-2220 -2700.5 3019 0

2580 -2515.5 3019 0
-2220 -2515.5 3019 0

2580 -2700.5 3019 0
2580 -2515.5 3019 0

-2220 -2700.5 3019 0
-2220 -2515.5 3019 0

2580 -2700.5 2519 0
-2220 -2700.5 2519 0

2580 -2700.5 3019 0
-2220 -2700.5 3019 0

2580 -2700.5 2519 0
2580 -2700.5 3019 0

-2220 -2700.5 2519 0
-2220 -2700.5 3019 0

2580 -2515.5 3019 0
-2220 -2515.5 3019 0

2580 -2515.5 2519 0
-2220 -2515.5 2519 0

2580 -2515.5 3019 0
2580 -2515.5 2519 0

-2220 -2515.5 3019 0
-2220 -2515.5 2519 0

2580 -2515.5 2519 0
2580 -2700.5 2519 0

2580 -2515.5 3019 0
2580 -2700.5 3019 0

2580 -2515.5 2519 0
2580 -2515.5 3019 0

2580 -2700.5 2519 0
2580 -2700.5 3019 0

-2220 -2515.5 3019 0
-2220 -2700.5 3019 0

-2220 -2515.5 2519 0
-2220 -2700.5 2519 0

-2220 -2515.5 3019 0
-2220 -2515.5 2519 0

-2220 -2700.5 3019 0
-2220 -2700.5 2519 0

2580 92.5 2519 0
180 92.5 2519 0

180 92.5 2519 0
-1020 92.5 2519 0
-2220 92.5 2519 0

-2220 92.5 2519 0

2580 -92.5 2519 0
-2220 -92.5 2519 0

2580 92.5 2519 0
2580 -92.5 2519 0

-2220 92.5 2519 0
-2220 -92.5 2519 0

2580 -92.5 3019 0
-2220 -92.5 3019 0

2580 92.5 3019 0
-2220 92.5 3019 0

2580 -92.5 3019 0
2580 92.5 3019 0

-2220 -92.5 3019 0
-2220 92.5 3019 0

2580 -92.5 2519 0
-2220 -92.5 2519 0

2580 -92.5 3019 0
-2220 -92.5 3019 0

2580 -92.5 2519 0
2580 -92.5 3019 0

-2220 -92.5 2519 0
-2220 -92.5 3019 0

2580 92.5 3019 0
-2220 92.5 3019 0

2580 92.5 2519 0
-2220 92.5 2519 0

2580 92.5 3019 0
2580 92.5 2519 0

-2220 92.5 3019 0
-2220 92.5 2519 0

2580 92.5 2519 0
2580 -92.5 2519 0

2580 92.5 3019 0
2580 -92.5 3019 0

2580 92.5 2519 0
2580 92.5 3019 0

2580 -92.5 2519 0
2580 -92.5 3019 0

-2220 92.5 3019 0
-2220 -92.5 3019 0

-2220 92.5 2519 0
-2220 -92.5 2519 0

-2220 92.5 3019 0
-2220 92.5 2519 0

-2220 -92.5 3019 0
-2220 -92.5 2519 0

2580 2700.5 2519 0
180 2700.5 2519 0

180 2700.5 2519 0
-1020 2700.5 2519 0
-2220 2700.5 2519 0

-2220 2700.5 2519 0

2580 2515.5 2519 0
-2220 2515.5 2519 0

2580 2700.5 2519 0
2580 2515.5 2519 0

-2220 2700.5 2519 0
-2220 2515.5 2519 0

2580 2515.5 3019 0
-2220 2515.5 3019 0

2580 2700.5 3019 0
-2220 2700.5 3019 0

2580 2515.5 3019 0
2580 2700.5 3019 0

-2220 2515.5 3019 0
-2220 2700.5 3019 0

2580 2515.5 2519 0
-2220 2515.5 2519 0

2580 2515.5 3019 0
-2220 2515.5 3019 0

2580 2515.5 2519 0
2580 2515.5 3019 0

-2220 2515.5 2519 0
-2220 2515.5 3019 0

2580 2700.5 3019 0
-2220 2700.5 3019 0

2580 2700.5 2519 0
-2220 2700.5 2519 0

2580 2700.5 3019 0
2580 2700.5 2519 0

-2220 2700.5 3019 0
-2220 2700.5 2519 0

2580 2700.5 2519 0
2580 2515.5 2519 0

2580 2700.5 3019 0
2580 2515.5 3019 0

2580 2700.5 2519 0
2580 2700.5 3019 0

2580 2515.5 2519 0
2580 2515.5 3019 0

-2220 2700.5 3019 0
-2220 2515.5 3019 0

-2220 2700.5 2519 0
-2220 2515.5 2519 0

-2220 2700.5 3019 0
-2220 2700.5 2519 0

-2220 2515.5 3019 0
-2220 2515.5 2519 0

# end of label='grey'
