# Temporary file generated by the 'geomtools::gnuplot_drawer'
# class for visualization.
# label='black'
2930 -4500 -3069 0
2930 0 -3069 0

2930 0 -3069 0
2930 2250 -3069 0
2930 4500 -3069 0

2930 4500 -3069 0

1536 -4500 -3069 0
1536 4500 -3069 0

2930 -4500 -3069 0
1536 -4500 -3069 0

2930 4500 -3069 0
1536 4500 -3069 0

1536 -4500 3069 0
1536 4500 3069 0

2930 -4500 3069 0
2930 4500 3069 0

1536 -4500 3069 0
2930 -4500 3069 0

1536 4500 3069 0
2930 4500 3069 0

1536 -4500 -3069 0
1536 4500 -3069 0

1536 -4500 3069 0
1536 4500 3069 0

1536 -4500 -3069 0
1536 -4500 3069 0

1536 4500 -3069 0
1536 4500 3069 0

2930 -4500 3069 0
2930 4500 3069 0

2930 -4500 -3069 0
2930 4500 -3069 0

2930 -4500 3069 0
2930 -4500 -3069 0

2930 4500 3069 0
2930 4500 -3069 0

2930 -4500 -3069 0
1536 -4500 -3069 0

2930 -4500 3069 0
1536 -4500 3069 0

2930 -4500 -3069 0
2930 -4500 3069 0

1536 -4500 -3069 0
1536 -4500 3069 0

2930 4500 3069 0
1536 4500 3069 0

2930 4500 -3069 0
1536 4500 -3069 0

2930 4500 3069 0
2930 4500 -3069 0

1536 4500 3069 0
1536 4500 -3069 0

1536 -2138 3069 0
1536 -1304 3069 0

1536 -1304 3069 0
1536 -887 3069 0
1536 -470 3069 0

1536 -470 3069 0

1716 -2138 3069 0
1716 -470 3069 0

1536 -2138 3069 0
1716 -2138 3069 0

1536 -470 3069 0
1716 -470 3069 0

1716 -2138 -3069 0
1716 -470 -3069 0

1536 -2138 -3069 0
1536 -470 -3069 0

1716 -2138 -3069 0
1536 -2138 -3069 0

1716 -470 -3069 0
1536 -470 -3069 0

1716 -2138 3069 0
1716 -470 3069 0

1716 -2138 -3069 0
1716 -470 -3069 0

1716 -2138 3069 0
1716 -2138 -3069 0

1716 -470 3069 0
1716 -470 -3069 0

1536 -2138 -3069 0
1536 -470 -3069 0

1536 -2138 3069 0
1536 -470 3069 0

1536 -2138 -3069 0
1536 -2138 3069 0

1536 -470 -3069 0
1536 -470 3069 0

1536 -2138 3069 0
1716 -2138 3069 0

1536 -2138 -3069 0
1716 -2138 -3069 0

1536 -2138 3069 0
1536 -2138 -3069 0

1716 -2138 3069 0
1716 -2138 -3069 0

1536 -470 -3069 0
1716 -470 -3069 0

1536 -470 3069 0
1716 -470 3069 0

1536 -470 -3069 0
1536 -470 3069 0

1716 -470 -3069 0
1716 -470 3069 0

1536 470 3069 0
1536 1304 3069 0

1536 1304 3069 0
1536 1721 3069 0
1536 2138 3069 0

1536 2138 3069 0

1716 470 3069 0
1716 2138 3069 0

1536 470 3069 0
1716 470 3069 0

1536 2138 3069 0
1716 2138 3069 0

1716 470 -3069 0
1716 2138 -3069 0

1536 470 -3069 0
1536 2138 -3069 0

1716 470 -3069 0
1536 470 -3069 0

1716 2138 -3069 0
1536 2138 -3069 0

1716 470 3069 0
1716 2138 3069 0

1716 470 -3069 0
1716 2138 -3069 0

1716 470 3069 0
1716 470 -3069 0

1716 2138 3069 0
1716 2138 -3069 0

1536 470 -3069 0
1536 2138 -3069 0

1536 470 3069 0
1536 2138 3069 0

1536 470 -3069 0
1536 470 3069 0

1536 2138 -3069 0
1536 2138 3069 0

1536 470 3069 0
1716 470 3069 0

1536 470 -3069 0
1716 470 -3069 0

1536 470 3069 0
1536 470 -3069 0

1716 470 3069 0
1716 470 -3069 0

1536 2138 -3069 0
1716 2138 -3069 0

1536 2138 3069 0
1716 2138 3069 0

1536 2138 -3069 0
1536 2138 3069 0

1716 2138 -3069 0
1716 2138 3069 0

1746 -3083 3069 0
1746 -2608 3069 0

1746 -2608 3069 0
1746 -2370.5 3069 0
1746 -2133 3069 0

1746 -2133 3069 0

1926 -3083 3069 0
1926 -2133 3069 0

1746 -3083 3069 0
1926 -3083 3069 0

1746 -2133 3069 0
1926 -2133 3069 0

1926 -3083 -3069 0
1926 -2133 -3069 0

1746 -3083 -3069 0
1746 -2133 -3069 0

1926 -3083 -3069 0
1746 -3083 -3069 0

1926 -2133 -3069 0
1746 -2133 -3069 0

1926 -3083 3069 0
1926 -2133 3069 0

1926 -3083 -3069 0
1926 -2133 -3069 0

1926 -3083 3069 0
1926 -3083 -3069 0

1926 -2133 3069 0
1926 -2133 -3069 0

1746 -3083 -3069 0
1746 -2133 -3069 0

1746 -3083 3069 0
1746 -2133 3069 0

1746 -3083 -3069 0
1746 -3083 3069 0

1746 -2133 -3069 0
1746 -2133 3069 0

1746 -3083 3069 0
1926 -3083 3069 0

1746 -3083 -3069 0
1926 -3083 -3069 0

1746 -3083 3069 0
1746 -3083 -3069 0

1926 -3083 3069 0
1926 -3083 -3069 0

1746 -2133 -3069 0
1926 -2133 -3069 0

1746 -2133 3069 0
1926 -2133 3069 0

1746 -2133 -3069 0
1746 -2133 3069 0

1926 -2133 -3069 0
1926 -2133 3069 0

1746 -475 3069 0
1746 0 3069 0

1746 0 3069 0
1746 237.5 3069 0
1746 475 3069 0

1746 475 3069 0

1926 -475 3069 0
1926 475 3069 0

1746 -475 3069 0
1926 -475 3069 0

1746 475 3069 0
1926 475 3069 0

1926 -475 -3069 0
1926 475 -3069 0

1746 -475 -3069 0
1746 475 -3069 0

1926 -475 -3069 0
1746 -475 -3069 0

1926 475 -3069 0
1746 475 -3069 0

1926 -475 3069 0
1926 475 3069 0

1926 -475 -3069 0
1926 475 -3069 0

1926 -475 3069 0
1926 -475 -3069 0

1926 475 3069 0
1926 475 -3069 0

1746 -475 -3069 0
1746 475 -3069 0

1746 -475 3069 0
1746 475 3069 0

1746 -475 -3069 0
1746 -475 3069 0

1746 475 -3069 0
1746 475 3069 0

1746 -475 3069 0
1926 -475 3069 0

1746 -475 -3069 0
1926 -475 -3069 0

1746 -475 3069 0
1746 -475 -3069 0

1926 -475 3069 0
1926 -475 -3069 0

1746 475 -3069 0
1926 475 -3069 0

1746 475 3069 0
1926 475 3069 0

1746 475 -3069 0
1746 475 3069 0

1926 475 -3069 0
1926 475 3069 0

1746 2133 3069 0
1746 2608 3069 0

1746 2608 3069 0
1746 2845.5 3069 0
1746 3083 3069 0

1746 3083 3069 0

1926 2133 3069 0
1926 3083 3069 0

1746 2133 3069 0
1926 2133 3069 0

1746 3083 3069 0
1926 3083 3069 0

1926 2133 -3069 0
1926 3083 -3069 0

1746 2133 -3069 0
1746 3083 -3069 0

1926 2133 -3069 0
1746 2133 -3069 0

1926 3083 -3069 0
1746 3083 -3069 0

1926 2133 3069 0
1926 3083 3069 0

1926 2133 -3069 0
1926 3083 -3069 0

1926 2133 3069 0
1926 2133 -3069 0

1926 3083 3069 0
1926 3083 -3069 0

1746 2133 -3069 0
1746 3083 -3069 0

1746 2133 3069 0
1746 3083 3069 0

1746 2133 -3069 0
1746 2133 3069 0

1746 3083 -3069 0
1746 3083 3069 0

1746 2133 3069 0
1926 2133 3069 0

1746 2133 -3069 0
1926 2133 -3069 0

1746 2133 3069 0
1746 2133 -3069 0

1926 2133 3069 0
1926 2133 -3069 0

1746 3083 -3069 0
1926 3083 -3069 0

1746 3083 3069 0
1926 3083 3069 0

1746 3083 -3069 0
1746 3083 3069 0

1926 3083 -3069 0
1926 3083 3069 0

1536 -4275 3069 0
1536 -3676.5 3069 0

1536 -3676.5 3069 0
1536 -3377.25 3069 0
1536 -3078 3069 0

1536 -3078 3069 0

1716 -4275 3069 0
1716 -3078 3069 0

1536 -4275 3069 0
1716 -4275 3069 0

1536 -3078 3069 0
1716 -3078 3069 0

1716 -4275 -3069 0
1716 -3078 -3069 0

1536 -4275 -3069 0
1536 -3078 -3069 0

1716 -4275 -3069 0
1536 -4275 -3069 0

1716 -3078 -3069 0
1536 -3078 -3069 0

1716 -4275 3069 0
1716 -3078 3069 0

1716 -4275 -3069 0
1716 -3078 -3069 0

1716 -4275 3069 0
1716 -4275 -3069 0

1716 -3078 3069 0
1716 -3078 -3069 0

1536 -4275 -3069 0
1536 -3078 -3069 0

1536 -4275 3069 0
1536 -3078 3069 0

1536 -4275 -3069 0
1536 -4275 3069 0

1536 -3078 -3069 0
1536 -3078 3069 0

1536 -4275 3069 0
1716 -4275 3069 0

1536 -4275 -3069 0
1716 -4275 -3069 0

1536 -4275 3069 0
1536 -4275 -3069 0

1716 -4275 3069 0
1716 -4275 -3069 0

1536 -3078 -3069 0
1716 -3078 -3069 0

1536 -3078 3069 0
1716 -3078 3069 0

1536 -3078 -3069 0
1536 -3078 3069 0

1716 -3078 -3069 0
1716 -3078 3069 0

1536 3078 3069 0
1536 3676.5 3069 0

1536 3676.5 3069 0
1536 3975.75 3069 0
1536 4275 3069 0

1536 4275 3069 0

1716 3078 3069 0
1716 4275 3069 0

1536 3078 3069 0
1716 3078 3069 0

1536 4275 3069 0
1716 4275 3069 0

1716 3078 -3069 0
1716 4275 -3069 0

1536 3078 -3069 0
1536 4275 -3069 0

1716 3078 -3069 0
1536 3078 -3069 0

1716 4275 -3069 0
1536 4275 -3069 0

1716 3078 3069 0
1716 4275 3069 0

1716 3078 -3069 0
1716 4275 -3069 0

1716 3078 3069 0
1716 3078 -3069 0

1716 4275 3069 0
1716 4275 -3069 0

1536 3078 -3069 0
1536 4275 -3069 0

1536 3078 3069 0
1536 4275 3069 0

1536 3078 -3069 0
1536 3078 3069 0

1536 4275 -3069 0
1536 4275 3069 0

1536 3078 3069 0
1716 3078 3069 0

1536 3078 -3069 0
1716 3078 -3069 0

1536 3078 3069 0
1536 3078 -3069 0

1716 3078 3069 0
1716 3078 -3069 0

1536 4275 -3069 0
1716 4275 -3069 0

1536 4275 3069 0
1716 4275 3069 0

1536 4275 -3069 0
1536 4275 3069 0

1716 4275 -3069 0
1716 4275 3069 0

2168 96 3069 0
2168 1304 3069 0

2168 1304 3069 0
2168 1908 3069 0
2168 2512 3069 0

2168 2512 3069 0

2188 96 3069 0
2188 2512 3069 0

2168 96 3069 0
2188 96 3069 0

2168 2512 3069 0
2188 2512 3069 0

2188 96 2601 0
2188 2512 2601 0

2168 96 2601 0
2168 2512 2601 0

2188 96 2601 0
2168 96 2601 0

2188 2512 2601 0
2168 2512 2601 0

2188 96 3069 0
2188 2512 3069 0

2188 96 2601 0
2188 2512 2601 0

2188 96 3069 0
2188 96 2601 0

2188 2512 3069 0
2188 2512 2601 0

2168 96 2601 0
2168 2512 2601 0

2168 96 3069 0
2168 2512 3069 0

2168 96 2601 0
2168 96 3069 0

2168 2512 2601 0
2168 2512 3069 0

2168 96 3069 0
2188 96 3069 0

2168 96 2601 0
2188 96 2601 0

2168 96 3069 0
2168 96 2601 0

2188 96 3069 0
2188 96 2601 0

2168 2512 2601 0
2188 2512 2601 0

2168 2512 3069 0
2188 2512 3069 0

2168 2512 2601 0
2168 2512 3069 0

2188 2512 2601 0
2188 2512 3069 0

2085.5 96 3079 0
2085.5 1304 3079 0

2085.5 1304 3079 0
2085.5 1908 3079 0
2085.5 2512 3079 0

2085.5 2512 3079 0

2270.5 96 3079 0
2270.5 2512 3079 0

2085.5 96 3079 0
2270.5 96 3079 0

2085.5 2512 3079 0
2270.5 2512 3079 0

2270.5 96 3059 0
2270.5 2512 3059 0

2085.5 96 3059 0
2085.5 2512 3059 0

2270.5 96 3059 0
2085.5 96 3059 0

2270.5 2512 3059 0
2085.5 2512 3059 0

2270.5 96 3079 0
2270.5 2512 3079 0

2270.5 96 3059 0
2270.5 2512 3059 0

2270.5 96 3079 0
2270.5 96 3059 0

2270.5 2512 3079 0
2270.5 2512 3059 0

2085.5 96 3059 0
2085.5 2512 3059 0

2085.5 96 3079 0
2085.5 2512 3079 0

2085.5 96 3059 0
2085.5 96 3079 0

2085.5 2512 3059 0
2085.5 2512 3079 0

2085.5 96 3079 0
2270.5 96 3079 0

2085.5 96 3059 0
2270.5 96 3059 0

2085.5 96 3079 0
2085.5 96 3059 0

2270.5 96 3079 0
2270.5 96 3059 0

2085.5 2512 3059 0
2270.5 2512 3059 0

2085.5 2512 3079 0
2270.5 2512 3079 0

2085.5 2512 3059 0
2085.5 2512 3079 0

2270.5 2512 3059 0
2270.5 2512 3079 0

2085.5 96 2611 0
2085.5 1304 2611 0

2085.5 1304 2611 0
2085.5 1908 2611 0
2085.5 2512 2611 0

2085.5 2512 2611 0

2270.5 96 2611 0
2270.5 2512 2611 0

2085.5 96 2611 0
2270.5 96 2611 0

2085.5 2512 2611 0
2270.5 2512 2611 0

2270.5 96 2591 0
2270.5 2512 2591 0

2085.5 96 2591 0
2085.5 2512 2591 0

2270.5 96 2591 0
2085.5 96 2591 0

2270.5 2512 2591 0
2085.5 2512 2591 0

2270.5 96 2611 0
2270.5 2512 2611 0

2270.5 96 2591 0
2270.5 2512 2591 0

2270.5 96 2611 0
2270.5 96 2591 0

2270.5 2512 2611 0
2270.5 2512 2591 0

2085.5 96 2591 0
2085.5 2512 2591 0

2085.5 96 2611 0
2085.5 2512 2611 0

2085.5 96 2591 0
2085.5 96 2611 0

2085.5 2512 2591 0
2085.5 2512 2611 0

2085.5 96 2611 0
2270.5 96 2611 0

2085.5 96 2591 0
2270.5 96 2591 0

2085.5 96 2611 0
2085.5 96 2591 0

2270.5 96 2611 0
2270.5 96 2591 0

2085.5 2512 2591 0
2270.5 2512 2591 0

2085.5 2512 2611 0
2270.5 2512 2611 0

2085.5 2512 2591 0
2085.5 2512 2611 0

2270.5 2512 2591 0
2270.5 2512 2611 0

2168 -2512 3069 0
2168 -1304 3069 0

2168 -1304 3069 0
2168 -700 3069 0
2168 -96 3069 0

2168 -96 3069 0

2188 -2512 3069 0
2188 -96 3069 0

2168 -2512 3069 0
2188 -2512 3069 0

2168 -96 3069 0
2188 -96 3069 0

2188 -2512 2601 0
2188 -96 2601 0

2168 -2512 2601 0
2168 -96 2601 0

2188 -2512 2601 0
2168 -2512 2601 0

2188 -96 2601 0
2168 -96 2601 0

2188 -2512 3069 0
2188 -96 3069 0

2188 -2512 2601 0
2188 -96 2601 0

2188 -2512 3069 0
2188 -2512 2601 0

2188 -96 3069 0
2188 -96 2601 0

2168 -2512 2601 0
2168 -96 2601 0

2168 -2512 3069 0
2168 -96 3069 0

2168 -2512 2601 0
2168 -2512 3069 0

2168 -96 2601 0
2168 -96 3069 0

2168 -2512 3069 0
2188 -2512 3069 0

2168 -2512 2601 0
2188 -2512 2601 0

2168 -2512 3069 0
2168 -2512 2601 0

2188 -2512 3069 0
2188 -2512 2601 0

2168 -96 2601 0
2188 -96 2601 0

2168 -96 3069 0
2188 -96 3069 0

2168 -96 2601 0
2168 -96 3069 0

2188 -96 2601 0
2188 -96 3069 0

2085.5 -2512 3079 0
2085.5 -1304 3079 0

2085.5 -1304 3079 0
2085.5 -700 3079 0
2085.5 -96 3079 0

2085.5 -96 3079 0

2270.5 -2512 3079 0
2270.5 -96 3079 0

2085.5 -2512 3079 0
2270.5 -2512 3079 0

2085.5 -96 3079 0
2270.5 -96 3079 0

2270.5 -2512 3059 0
2270.5 -96 3059 0

2085.5 -2512 3059 0
2085.5 -96 3059 0

2270.5 -2512 3059 0
2085.5 -2512 3059 0

2270.5 -96 3059 0
2085.5 -96 3059 0

2270.5 -2512 3079 0
2270.5 -96 3079 0

2270.5 -2512 3059 0
2270.5 -96 3059 0

2270.5 -2512 3079 0
2270.5 -2512 3059 0

2270.5 -96 3079 0
2270.5 -96 3059 0

2085.5 -2512 3059 0
2085.5 -96 3059 0

2085.5 -2512 3079 0
2085.5 -96 3079 0

2085.5 -2512 3059 0
2085.5 -2512 3079 0

2085.5 -96 3059 0
2085.5 -96 3079 0

2085.5 -2512 3079 0
2270.5 -2512 3079 0

2085.5 -2512 3059 0
2270.5 -2512 3059 0

2085.5 -2512 3079 0
2085.5 -2512 3059 0

2270.5 -2512 3079 0
2270.5 -2512 3059 0

2085.5 -96 3059 0
2270.5 -96 3059 0

2085.5 -96 3079 0
2270.5 -96 3079 0

2085.5 -96 3059 0
2085.5 -96 3079 0

2270.5 -96 3059 0
2270.5 -96 3079 0

2085.5 -2512 2611 0
2085.5 -1304 2611 0

2085.5 -1304 2611 0
2085.5 -700 2611 0
2085.5 -96 2611 0

2085.5 -96 2611 0

2270.5 -2512 2611 0
2270.5 -96 2611 0

2085.5 -2512 2611 0
2270.5 -2512 2611 0

2085.5 -96 2611 0
2270.5 -96 2611 0

2270.5 -2512 2591 0
2270.5 -96 2591 0

2085.5 -2512 2591 0
2085.5 -96 2591 0

2270.5 -2512 2591 0
2085.5 -2512 2591 0

2270.5 -96 2591 0
2085.5 -96 2591 0

2270.5 -2512 2611 0
2270.5 -96 2611 0

2270.5 -2512 2591 0
2270.5 -96 2591 0

2270.5 -2512 2611 0
2270.5 -2512 2591 0

2270.5 -96 2611 0
2270.5 -96 2591 0

2085.5 -2512 2591 0
2085.5 -96 2591 0

2085.5 -2512 2611 0
2085.5 -96 2611 0

2085.5 -2512 2591 0
2085.5 -2512 2611 0

2085.5 -96 2591 0
2085.5 -96 2611 0

2085.5 -2512 2611 0
2270.5 -2512 2611 0

2085.5 -2512 2591 0
2270.5 -2512 2591 0

2085.5 -2512 2611 0
2085.5 -2512 2591 0

2270.5 -2512 2611 0
2270.5 -2512 2591 0

2085.5 -96 2591 0
2270.5 -96 2591 0

2085.5 -96 2611 0
2270.5 -96 2611 0

2085.5 -96 2591 0
2085.5 -96 2611 0

2270.5 -96 2591 0
2270.5 -96 2611 0

2303 2931.44468915929 479.49668873539 0
2303 2818.15621577971 426.669406017802 0

2303 2818.15621577971 426.669406017802 0
2303 2761.51197908992 400.255764659009 0
2303 2704.86774240012 373.842123300215 0

2303 2704.86774240012 373.842123300215 0

2053 2931.44468915929 479.49668873539 0
2053 2704.86774240012 373.842123300215 0

2303 2931.44468915929 479.49668873539 0
2053 2931.44468915929 479.49668873539 0

2303 2704.86774240012 373.842123300215 0
2053 2704.86774240012 373.842123300215 0

2053 4495.13225759988 -2873.84212330022 0
2053 4268.55531084071 -2979.49668873539 0

2303 4495.13225759988 -2873.84212330022 0
2303 4268.55531084071 -2979.49668873539 0

2053 4495.13225759988 -2873.84212330022 0
2303 4495.13225759988 -2873.84212330022 0

2053 4268.55531084071 -2979.49668873539 0
2303 4268.55531084071 -2979.49668873539 0

2053 2931.44468915929 479.49668873539 0
2053 2704.86774240012 373.842123300215 0

2053 4495.13225759988 -2873.84212330022 0
2053 4268.55531084071 -2979.49668873539 0

2053 2931.44468915929 479.49668873539 0
2053 4495.13225759988 -2873.84212330022 0

2053 2704.86774240012 373.842123300215 0
2053 4268.55531084071 -2979.49668873539 0

2303 4495.13225759988 -2873.84212330022 0
2303 4268.55531084071 -2979.49668873539 0

2303 2931.44468915929 479.49668873539 0
2303 2704.86774240012 373.842123300215 0

2303 4495.13225759988 -2873.84212330022 0
2303 2931.44468915929 479.49668873539 0

2303 4268.55531084071 -2979.49668873539 0
2303 2704.86774240012 373.842123300215 0

2303 2931.44468915929 479.49668873539 0
2053 2931.44468915929 479.49668873539 0

2303 4495.13225759988 -2873.84212330022 0
2053 4495.13225759988 -2873.84212330022 0

2303 2931.44468915929 479.49668873539 0
2303 4495.13225759988 -2873.84212330022 0

2053 2931.44468915929 479.49668873539 0
2053 4495.13225759988 -2873.84212330022 0

2303 4268.55531084071 -2979.49668873539 0
2053 4268.55531084071 -2979.49668873539 0

2303 2704.86774240012 373.842123300215 0
2053 2704.86774240012 373.842123300215 0

2303 4268.55531084071 -2979.49668873539 0
2303 2704.86774240012 373.842123300215 0

2053 4268.55531084071 -2979.49668873539 0
2053 2704.86774240012 373.842123300215 0

2303 -2704.86774240012 373.842123300215 0
2303 -2818.15621577971 426.669406017802 0

2303 -2818.15621577971 426.669406017802 0
2303 -2874.8004524695 453.083047376596 0
2303 -2931.44468915929 479.49668873539 0

2303 -2931.44468915929 479.49668873539 0

2053 -2704.86774240012 373.842123300215 0
2053 -2931.44468915929 479.49668873539 0

2303 -2704.86774240012 373.842123300215 0
2053 -2704.86774240012 373.842123300215 0

2303 -2931.44468915929 479.49668873539 0
2053 -2931.44468915929 479.49668873539 0

2053 -4268.55531084071 -2979.49668873539 0
2053 -4495.13225759988 -2873.84212330022 0

2303 -4268.55531084071 -2979.49668873539 0
2303 -4495.13225759988 -2873.84212330022 0

2053 -4268.55531084071 -2979.49668873539 0
2303 -4268.55531084071 -2979.49668873539 0

2053 -4495.13225759988 -2873.84212330022 0
2303 -4495.13225759988 -2873.84212330022 0

2053 -2704.86774240012 373.842123300215 0
2053 -2931.44468915929 479.49668873539 0

2053 -4268.55531084071 -2979.49668873539 0
2053 -4495.13225759988 -2873.84212330022 0

2053 -2704.86774240012 373.842123300215 0
2053 -4268.55531084071 -2979.49668873539 0

2053 -2931.44468915929 479.49668873539 0
2053 -4495.13225759988 -2873.84212330022 0

2303 -4268.55531084071 -2979.49668873539 0
2303 -4495.13225759988 -2873.84212330022 0

2303 -2704.86774240012 373.842123300215 0
2303 -2931.44468915929 479.49668873539 0

2303 -4268.55531084071 -2979.49668873539 0
2303 -2704.86774240012 373.842123300215 0

2303 -4495.13225759988 -2873.84212330022 0
2303 -2931.44468915929 479.49668873539 0

2303 -2704.86774240012 373.842123300215 0
2053 -2704.86774240012 373.842123300215 0

2303 -4268.55531084071 -2979.49668873539 0
2053 -4268.55531084071 -2979.49668873539 0

2303 -2704.86774240012 373.842123300215 0
2303 -4268.55531084071 -2979.49668873539 0

2053 -2704.86774240012 373.842123300215 0
2053 -4268.55531084071 -2979.49668873539 0

2303 -4495.13225759988 -2873.84212330022 0
2053 -4495.13225759988 -2873.84212330022 0

2303 -2931.44468915929 479.49668873539 0
2053 -2931.44468915929 479.49668873539 0

2303 -4495.13225759988 -2873.84212330022 0
2303 -2931.44468915929 479.49668873539 0

2053 -4495.13225759988 -2873.84212330022 0
2053 -2931.44468915929 479.49668873539 0

2410 -2618 -3069 0
2410 -2608 -3069 0

2410 -2608 -3069 0
2410 -2603 -3069 0
2410 -2598 -3069 0

2410 -2598 -3069 0

1946 -2618 -3069 0
1946 -2598 -3069 0

2410 -2618 -3069 0
1946 -2618 -3069 0

2410 -2598 -3069 0
1946 -2598 -3069 0

1946 -2618 3069 0
1946 -2598 3069 0

2410 -2618 3069 0
2410 -2598 3069 0

1946 -2618 3069 0
2410 -2618 3069 0

1946 -2598 3069 0
2410 -2598 3069 0

1946 -2618 -3069 0
1946 -2598 -3069 0

1946 -2618 3069 0
1946 -2598 3069 0

1946 -2618 -3069 0
1946 -2618 3069 0

1946 -2598 -3069 0
1946 -2598 3069 0

2410 -2618 3069 0
2410 -2598 3069 0

2410 -2618 -3069 0
2410 -2598 -3069 0

2410 -2618 3069 0
2410 -2618 -3069 0

2410 -2598 3069 0
2410 -2598 -3069 0

2410 -2618 -3069 0
1946 -2618 -3069 0

2410 -2618 3069 0
1946 -2618 3069 0

2410 -2618 -3069 0
2410 -2618 3069 0

1946 -2618 -3069 0
1946 -2618 3069 0

2410 -2598 3069 0
1946 -2598 3069 0

2410 -2598 -3069 0
1946 -2598 -3069 0

2410 -2598 3069 0
2410 -2598 -3069 0

1946 -2598 3069 0
1946 -2598 -3069 0

1954 -2700.5 -3069 0
1954 -2608 -3069 0

1954 -2608 -3069 0
1954 -2561.75 -3069 0
1954 -2515.5 -3069 0

1954 -2515.5 -3069 0

1934 -2700.5 -3069 0
1934 -2515.5 -3069 0

1954 -2700.5 -3069 0
1934 -2700.5 -3069 0

1954 -2515.5 -3069 0
1934 -2515.5 -3069 0

1934 -2700.5 3069 0
1934 -2515.5 3069 0

1954 -2700.5 3069 0
1954 -2515.5 3069 0

1934 -2700.5 3069 0
1954 -2700.5 3069 0

1934 -2515.5 3069 0
1954 -2515.5 3069 0

1934 -2700.5 -3069 0
1934 -2515.5 -3069 0

1934 -2700.5 3069 0
1934 -2515.5 3069 0

1934 -2700.5 -3069 0
1934 -2700.5 3069 0

1934 -2515.5 -3069 0
1934 -2515.5 3069 0

1954 -2700.5 3069 0
1954 -2515.5 3069 0

1954 -2700.5 -3069 0
1954 -2515.5 -3069 0

1954 -2700.5 3069 0
1954 -2700.5 -3069 0

1954 -2515.5 3069 0
1954 -2515.5 -3069 0

1954 -2700.5 -3069 0
1934 -2700.5 -3069 0

1954 -2700.5 3069 0
1934 -2700.5 3069 0

1954 -2700.5 -3069 0
1954 -2700.5 3069 0

1934 -2700.5 -3069 0
1934 -2700.5 3069 0

1954 -2515.5 3069 0
1934 -2515.5 3069 0

1954 -2515.5 -3069 0
1934 -2515.5 -3069 0

1954 -2515.5 3069 0
1954 -2515.5 -3069 0

1934 -2515.5 3069 0
1934 -2515.5 -3069 0

2422 -2700.5 -3069 0
2422 -2608 -3069 0

2422 -2608 -3069 0
2422 -2561.75 -3069 0
2422 -2515.5 -3069 0

2422 -2515.5 -3069 0

2402 -2700.5 -3069 0
2402 -2515.5 -3069 0

2422 -2700.5 -3069 0
2402 -2700.5 -3069 0

2422 -2515.5 -3069 0
2402 -2515.5 -3069 0

2402 -2700.5 3069 0
2402 -2515.5 3069 0

2422 -2700.5 3069 0
2422 -2515.5 3069 0

2402 -2700.5 3069 0
2422 -2700.5 3069 0

2402 -2515.5 3069 0
2422 -2515.5 3069 0

2402 -2700.5 -3069 0
2402 -2515.5 -3069 0

2402 -2700.5 3069 0
2402 -2515.5 3069 0

2402 -2700.5 -3069 0
2402 -2700.5 3069 0

2402 -2515.5 -3069 0
2402 -2515.5 3069 0

2422 -2700.5 3069 0
2422 -2515.5 3069 0

2422 -2700.5 -3069 0
2422 -2515.5 -3069 0

2422 -2700.5 3069 0
2422 -2700.5 -3069 0

2422 -2515.5 3069 0
2422 -2515.5 -3069 0

2422 -2700.5 -3069 0
2402 -2700.5 -3069 0

2422 -2700.5 3069 0
2402 -2700.5 3069 0

2422 -2700.5 -3069 0
2422 -2700.5 3069 0

2402 -2700.5 -3069 0
2402 -2700.5 3069 0

2422 -2515.5 3069 0
2402 -2515.5 3069 0

2422 -2515.5 -3069 0
2402 -2515.5 -3069 0

2422 -2515.5 3069 0
2422 -2515.5 -3069 0

2402 -2515.5 3069 0
2402 -2515.5 -3069 0

2410 -10 -3069 0
2410 0 -3069 0

2410 0 -3069 0
2410 5 -3069 0
2410 10 -3069 0

2410 10 -3069 0

1946 -10 -3069 0
1946 10 -3069 0

2410 -10 -3069 0
1946 -10 -3069 0

2410 10 -3069 0
1946 10 -3069 0

1946 -10 3069 0
1946 10 3069 0

2410 -10 3069 0
2410 10 3069 0

1946 -10 3069 0
2410 -10 3069 0

1946 10 3069 0
2410 10 3069 0

1946 -10 -3069 0
1946 10 -3069 0

1946 -10 3069 0
1946 10 3069 0

1946 -10 -3069 0
1946 -10 3069 0

1946 10 -3069 0
1946 10 3069 0

2410 -10 3069 0
2410 10 3069 0

2410 -10 -3069 0
2410 10 -3069 0

2410 -10 3069 0
2410 -10 -3069 0

2410 10 3069 0
2410 10 -3069 0

2410 -10 -3069 0
1946 -10 -3069 0

2410 -10 3069 0
1946 -10 3069 0

2410 -10 -3069 0
2410 -10 3069 0

1946 -10 -3069 0
1946 -10 3069 0

2410 10 3069 0
1946 10 3069 0

2410 10 -3069 0
1946 10 -3069 0

2410 10 3069 0
2410 10 -3069 0

1946 10 3069 0
1946 10 -3069 0

1954 -92.5 -3069 0
1954 0 -3069 0

1954 0 -3069 0
1954 46.25 -3069 0
1954 92.5 -3069 0

1954 92.5 -3069 0

1934 -92.5 -3069 0
1934 92.5 -3069 0

1954 -92.5 -3069 0
1934 -92.5 -3069 0

1954 92.5 -3069 0
1934 92.5 -3069 0

1934 -92.5 3069 0
1934 92.5 3069 0

1954 -92.5 3069 0
1954 92.5 3069 0

1934 -92.5 3069 0
1954 -92.5 3069 0

1934 92.5 3069 0
1954 92.5 3069 0

1934 -92.5 -3069 0
1934 92.5 -3069 0

1934 -92.5 3069 0
1934 92.5 3069 0

1934 -92.5 -3069 0
1934 -92.5 3069 0

1934 92.5 -3069 0
1934 92.5 3069 0

1954 -92.5 3069 0
1954 92.5 3069 0

1954 -92.5 -3069 0
1954 92.5 -3069 0

1954 -92.5 3069 0
1954 -92.5 -3069 0

1954 92.5 3069 0
1954 92.5 -3069 0

1954 -92.5 -3069 0
1934 -92.5 -3069 0

1954 -92.5 3069 0
1934 -92.5 3069 0

1954 -92.5 -3069 0
1954 -92.5 3069 0

1934 -92.5 -3069 0
1934 -92.5 3069 0

1954 92.5 3069 0
1934 92.5 3069 0

1954 92.5 -3069 0
1934 92.5 -3069 0

1954 92.5 3069 0
1954 92.5 -3069 0

1934 92.5 3069 0
1934 92.5 -3069 0

2422 -92.5 -3069 0
2422 0 -3069 0

2422 0 -3069 0
2422 46.25 -3069 0
2422 92.5 -3069 0

2422 92.5 -3069 0

2402 -92.5 -3069 0
2402 92.5 -3069 0

2422 -92.5 -3069 0
2402 -92.5 -3069 0

2422 92.5 -3069 0
2402 92.5 -3069 0

2402 -92.5 3069 0
2402 92.5 3069 0

2422 -92.5 3069 0
2422 92.5 3069 0

2402 -92.5 3069 0
2422 -92.5 3069 0

2402 92.5 3069 0
2422 92.5 3069 0

2402 -92.5 -3069 0
2402 92.5 -3069 0

2402 -92.5 3069 0
2402 92.5 3069 0

2402 -92.5 -3069 0
2402 -92.5 3069 0

2402 92.5 -3069 0
2402 92.5 3069 0

2422 -92.5 3069 0
2422 92.5 3069 0

2422 -92.5 -3069 0
2422 92.5 -3069 0

2422 -92.5 3069 0
2422 -92.5 -3069 0

2422 92.5 3069 0
2422 92.5 -3069 0

2422 -92.5 -3069 0
2402 -92.5 -3069 0

2422 -92.5 3069 0
2402 -92.5 3069 0

2422 -92.5 -3069 0
2422 -92.5 3069 0

2402 -92.5 -3069 0
2402 -92.5 3069 0

2422 92.5 3069 0
2402 92.5 3069 0

2422 92.5 -3069 0
2402 92.5 -3069 0

2422 92.5 3069 0
2422 92.5 -3069 0

2402 92.5 3069 0
2402 92.5 -3069 0

2410 2598 -3069 0
2410 2608 -3069 0

2410 2608 -3069 0
2410 2613 -3069 0
2410 2618 -3069 0

2410 2618 -3069 0

1946 2598 -3069 0
1946 2618 -3069 0

2410 2598 -3069 0
1946 2598 -3069 0

2410 2618 -3069 0
1946 2618 -3069 0

1946 2598 3069 0
1946 2618 3069 0

2410 2598 3069 0
2410 2618 3069 0

1946 2598 3069 0
2410 2598 3069 0

1946 2618 3069 0
2410 2618 3069 0

1946 2598 -3069 0
1946 2618 -3069 0

1946 2598 3069 0
1946 2618 3069 0

1946 2598 -3069 0
1946 2598 3069 0

1946 2618 -3069 0
1946 2618 3069 0

2410 2598 3069 0
2410 2618 3069 0

2410 2598 -3069 0
2410 2618 -3069 0

2410 2598 3069 0
2410 2598 -3069 0

2410 2618 3069 0
2410 2618 -3069 0

2410 2598 -3069 0
1946 2598 -3069 0

2410 2598 3069 0
1946 2598 3069 0

2410 2598 -3069 0
2410 2598 3069 0

1946 2598 -3069 0
1946 2598 3069 0

2410 2618 3069 0
1946 2618 3069 0

2410 2618 -3069 0
1946 2618 -3069 0

2410 2618 3069 0
2410 2618 -3069 0

1946 2618 3069 0
1946 2618 -3069 0

1954 2515.5 -3069 0
1954 2608 -3069 0

1954 2608 -3069 0
1954 2654.25 -3069 0
1954 2700.5 -3069 0

1954 2700.5 -3069 0

1934 2515.5 -3069 0
1934 2700.5 -3069 0

1954 2515.5 -3069 0
1934 2515.5 -3069 0

1954 2700.5 -3069 0
1934 2700.5 -3069 0

1934 2515.5 3069 0
1934 2700.5 3069 0

1954 2515.5 3069 0
1954 2700.5 3069 0

1934 2515.5 3069 0
1954 2515.5 3069 0

1934 2700.5 3069 0
1954 2700.5 3069 0

1934 2515.5 -3069 0
1934 2700.5 -3069 0

1934 2515.5 3069 0
1934 2700.5 3069 0

1934 2515.5 -3069 0
1934 2515.5 3069 0

1934 2700.5 -3069 0
1934 2700.5 3069 0

1954 2515.5 3069 0
1954 2700.5 3069 0

1954 2515.5 -3069 0
1954 2700.5 -3069 0

1954 2515.5 3069 0
1954 2515.5 -3069 0

1954 2700.5 3069 0
1954 2700.5 -3069 0

1954 2515.5 -3069 0
1934 2515.5 -3069 0

1954 2515.5 3069 0
1934 2515.5 3069 0

1954 2515.5 -3069 0
1954 2515.5 3069 0

1934 2515.5 -3069 0
1934 2515.5 3069 0

1954 2700.5 3069 0
1934 2700.5 3069 0

1954 2700.5 -3069 0
1934 2700.5 -3069 0

1954 2700.5 3069 0
1954 2700.5 -3069 0

1934 2700.5 3069 0
1934 2700.5 -3069 0

2422 2515.5 -3069 0
2422 2608 -3069 0

2422 2608 -3069 0
2422 2654.25 -3069 0
2422 2700.5 -3069 0

2422 2700.5 -3069 0

2402 2515.5 -3069 0
2402 2700.5 -3069 0

2422 2515.5 -3069 0
2402 2515.5 -3069 0

2422 2700.5 -3069 0
2402 2700.5 -3069 0

2402 2515.5 3069 0
2402 2700.5 3069 0

2422 2515.5 3069 0
2422 2700.5 3069 0

2402 2515.5 3069 0
2422 2515.5 3069 0

2402 2700.5 3069 0
2422 2700.5 3069 0

2402 2515.5 -3069 0
2402 2700.5 -3069 0

2402 2515.5 3069 0
2402 2700.5 3069 0

2402 2515.5 -3069 0
2402 2515.5 3069 0

2402 2700.5 -3069 0
2402 2700.5 3069 0

2422 2515.5 3069 0
2422 2700.5 3069 0

2422 2515.5 -3069 0
2422 2700.5 -3069 0

2422 2515.5 3069 0
2422 2515.5 -3069 0

2422 2700.5 3069 0
2422 2700.5 -3069 0

2422 2515.5 -3069 0
2402 2515.5 -3069 0

2422 2515.5 3069 0
2402 2515.5 3069 0

2422 2515.5 -3069 0
2422 2515.5 3069 0

2402 2515.5 -3069 0
2402 2515.5 3069 0

2422 2700.5 3069 0
2402 2700.5 3069 0

2422 2700.5 -3069 0
2402 2700.5 -3069 0

2422 2700.5 3069 0
2422 2700.5 -3069 0

2402 2700.5 3069 0
2402 2700.5 -3069 0

2930 -4500 -3000 0
2930 0 -3000 0

2930 0 -3000 0
2930 2250 -3000 0
2930 4500 -3000 0

2930 4500 -3000 0

2430 -4500 -3000 0
2430 4500 -3000 0

2930 -4500 -3000 0
2430 -4500 -3000 0

2930 4500 -3000 0
2430 4500 -3000 0

2430 -4500 3000 0
2430 4500 3000 0

2930 -4500 3000 0
2930 4500 3000 0

2430 -4500 3000 0
2930 -4500 3000 0

2430 4500 3000 0
2930 4500 3000 0

2430 -4500 -3000 0
2430 4500 -3000 0

2430 -4500 3000 0
2430 4500 3000 0

2430 -4500 -3000 0
2430 -4500 3000 0

2430 4500 -3000 0
2430 4500 3000 0

2930 -4500 3000 0
2930 4500 3000 0

2930 -4500 -3000 0
2930 4500 -3000 0

2930 -4500 3000 0
2930 -4500 -3000 0

2930 4500 3000 0
2930 4500 -3000 0

2930 -4500 -3000 0
2430 -4500 -3000 0

2930 -4500 3000 0
2430 -4500 3000 0

2930 -4500 -3000 0
2930 -4500 3000 0

2430 -4500 -3000 0
2430 -4500 3000 0

2930 4500 3000 0
2430 4500 3000 0

2930 4500 -3000 0
2430 4500 -3000 0

2930 4500 3000 0
2930 4500 -3000 0

2430 4500 3000 0
2430 4500 -3000 0

# end of label='black'
