# Temporary file generated by the 'geomtools::gnuplot_drawer'
# class for visualization.
# label='grey'
2070 -4500 -2700 0
2070 0 -2700 0

2070 0 -2700 0
2070 2250 -2700 0
2070 4500 -2700 0

2070 4500 -2700 0

1910 -4500 -2700 0
1910 4500 -2700 0

2070 -4500 -2700 0
1910 -4500 -2700 0

2070 4500 -2700 0
1910 4500 -2700 0

1910 -4500 3438 0
1910 4500 3438 0

2070 -4500 3438 0
2070 4500 3438 0

1910 -4500 3438 0
2070 -4500 3438 0

1910 4500 3438 0
2070 4500 3438 0

1910 -4500 -2700 0
1910 4500 -2700 0

1910 -4500 3438 0
1910 4500 3438 0

1910 -4500 -2700 0
1910 -4500 3438 0

1910 4500 -2700 0
1910 4500 3438 0

2070 -4500 3438 0
2070 4500 3438 0

2070 -4500 -2700 0
2070 4500 -2700 0

2070 -4500 3438 0
2070 -4500 -2700 0

2070 4500 3438 0
2070 4500 -2700 0

2070 -4500 -2700 0
1910 -4500 -2700 0

2070 -4500 3438 0
1910 -4500 3438 0

2070 -4500 -2700 0
2070 -4500 3438 0

1910 -4500 -2700 0
1910 -4500 3438 0

2070 4500 3438 0
1910 4500 3438 0

2070 4500 -2700 0
1910 4500 -2700 0

2070 4500 3438 0
2070 4500 -2700 0

1910 4500 3438 0
1910 4500 -2700 0

2240 -2700.5 3005 0
2240 -2608 3005 0

2240 -2608 3005 0
2240 -2561.75 3005 0
2240 -2515.5 3005 0

2240 -2515.5 3005 0

1740 -2700.5 3005 0
1740 -2515.5 3005 0

2240 -2700.5 3005 0
1740 -2700.5 3005 0

2240 -2515.5 3005 0
1740 -2515.5 3005 0

1740 -2700.5 3509 0
1740 -2515.5 3509 0

2240 -2700.5 3509 0
2240 -2515.5 3509 0

1740 -2700.5 3509 0
2240 -2700.5 3509 0

1740 -2515.5 3509 0
2240 -2515.5 3509 0

1740 -2700.5 3005 0
1740 -2515.5 3005 0

1740 -2700.5 3509 0
1740 -2515.5 3509 0

1740 -2700.5 3005 0
1740 -2700.5 3509 0

1740 -2515.5 3005 0
1740 -2515.5 3509 0

2240 -2700.5 3509 0
2240 -2515.5 3509 0

2240 -2700.5 3005 0
2240 -2515.5 3005 0

2240 -2700.5 3509 0
2240 -2700.5 3005 0

2240 -2515.5 3509 0
2240 -2515.5 3005 0

2240 -2700.5 3005 0
1740 -2700.5 3005 0

2240 -2700.5 3509 0
1740 -2700.5 3509 0

2240 -2700.5 3005 0
2240 -2700.5 3509 0

1740 -2700.5 3005 0
1740 -2700.5 3509 0

2240 -2515.5 3509 0
1740 -2515.5 3509 0

2240 -2515.5 3005 0
1740 -2515.5 3005 0

2240 -2515.5 3509 0
2240 -2515.5 3005 0

1740 -2515.5 3509 0
1740 -2515.5 3005 0

2240 -92.5 3005 0
2240 0 3005 0

2240 0 3005 0
2240 46.25 3005 0
2240 92.5 3005 0

2240 92.5 3005 0

1740 -92.5 3005 0
1740 92.5 3005 0

2240 -92.5 3005 0
1740 -92.5 3005 0

2240 92.5 3005 0
1740 92.5 3005 0

1740 -92.5 3509 0
1740 92.5 3509 0

2240 -92.5 3509 0
2240 92.5 3509 0

1740 -92.5 3509 0
2240 -92.5 3509 0

1740 92.5 3509 0
2240 92.5 3509 0

1740 -92.5 3005 0
1740 92.5 3005 0

1740 -92.5 3509 0
1740 92.5 3509 0

1740 -92.5 3005 0
1740 -92.5 3509 0

1740 92.5 3005 0
1740 92.5 3509 0

2240 -92.5 3509 0
2240 92.5 3509 0

2240 -92.5 3005 0
2240 92.5 3005 0

2240 -92.5 3509 0
2240 -92.5 3005 0

2240 92.5 3509 0
2240 92.5 3005 0

2240 -92.5 3005 0
1740 -92.5 3005 0

2240 -92.5 3509 0
1740 -92.5 3509 0

2240 -92.5 3005 0
2240 -92.5 3509 0

1740 -92.5 3005 0
1740 -92.5 3509 0

2240 92.5 3509 0
1740 92.5 3509 0

2240 92.5 3005 0
1740 92.5 3005 0

2240 92.5 3509 0
2240 92.5 3005 0

1740 92.5 3509 0
1740 92.5 3005 0

2240 2515.5 3005 0
2240 2608 3005 0

2240 2608 3005 0
2240 2654.25 3005 0
2240 2700.5 3005 0

2240 2700.5 3005 0

1740 2515.5 3005 0
1740 2700.5 3005 0

2240 2515.5 3005 0
1740 2515.5 3005 0

2240 2700.5 3005 0
1740 2700.5 3005 0

1740 2515.5 3509 0
1740 2700.5 3509 0

2240 2515.5 3509 0
2240 2700.5 3509 0

1740 2515.5 3509 0
2240 2515.5 3509 0

1740 2700.5 3509 0
2240 2700.5 3509 0

1740 2515.5 3005 0
1740 2700.5 3005 0

1740 2515.5 3509 0
1740 2700.5 3509 0

1740 2515.5 3005 0
1740 2515.5 3509 0

1740 2700.5 3005 0
1740 2700.5 3509 0

2240 2515.5 3509 0
2240 2700.5 3509 0

2240 2515.5 3005 0
2240 2700.5 3005 0

2240 2515.5 3509 0
2240 2515.5 3005 0

2240 2700.5 3509 0
2240 2700.5 3005 0

2240 2515.5 3005 0
1740 2515.5 3005 0

2240 2515.5 3509 0
1740 2515.5 3509 0

2240 2515.5 3005 0
2240 2515.5 3509 0

1740 2515.5 3005 0
1740 2515.5 3509 0

2240 2700.5 3509 0
1740 2700.5 3509 0

2240 2700.5 3005 0
1740 2700.5 3005 0

2240 2700.5 3509 0
2240 2700.5 3005 0

1740 2700.5 3509 0
1740 2700.5 3005 0

# end of label='grey'
