# Temporary file generated by the 'geomtools::gnuplot_drawer'
# class for visualization.
# label='black'
1292.5 -3000 2000 0
1292.5 0 2000 0

1292.5 0 2000 0
1292.5 1500 2000 0
1292.5 3000 2000 0

1292.5 3000 2000 0

1297.5 -3000 2000 0
1297.5 3000 2000 0

1292.5 -3000 2000 0
1297.5 -3000 2000 0

1292.5 3000 2000 0
1297.5 3000 2000 0

1297.5 -3000 -2000 0
1297.5 3000 -2000 0

1292.5 -3000 -2000 0
1292.5 3000 -2000 0

1297.5 -3000 -2000 0
1292.5 -3000 -2000 0

1297.5 3000 -2000 0
1292.5 3000 -2000 0

1297.5 -3000 2000 0
1297.5 3000 2000 0

1297.5 -3000 -2000 0
1297.5 3000 -2000 0

1297.5 -3000 2000 0
1297.5 -3000 -2000 0

1297.5 3000 2000 0
1297.5 3000 -2000 0

1292.5 -3000 -2000 0
1292.5 3000 -2000 0

1292.5 -3000 2000 0
1292.5 3000 2000 0

1292.5 -3000 -2000 0
1292.5 -3000 2000 0

1292.5 3000 -2000 0
1292.5 3000 2000 0

1292.5 -3000 2000 0
1297.5 -3000 2000 0

1292.5 -3000 -2000 0
1297.5 -3000 -2000 0

1292.5 -3000 2000 0
1292.5 -3000 -2000 0

1297.5 -3000 2000 0
1297.5 -3000 -2000 0

1292.5 3000 -2000 0
1297.5 3000 -2000 0

1292.5 3000 2000 0
1297.5 3000 2000 0

1292.5 3000 -2000 0
1292.5 3000 2000 0

1297.5 3000 -2000 0
1297.5 3000 2000 0

1300 -3000 2000 0
1300 0 2000 0

1300 0 2000 0
1300 1500 2000 0
1300 3000 2000 0

1300 3000 2000 0

1310 -3000 2000 0
1310 3000 2000 0

1300 -3000 2000 0
1310 -3000 2000 0

1300 3000 2000 0
1310 3000 2000 0

1310 -3000 -2000 0
1310 3000 -2000 0

1300 -3000 -2000 0
1300 3000 -2000 0

1310 -3000 -2000 0
1300 -3000 -2000 0

1310 3000 -2000 0
1300 3000 -2000 0

1310 -3000 2000 0
1310 3000 2000 0

1310 -3000 -2000 0
1310 3000 -2000 0

1310 -3000 2000 0
1310 -3000 -2000 0

1310 3000 2000 0
1310 3000 -2000 0

1300 -3000 -2000 0
1300 3000 -2000 0

1300 -3000 2000 0
1300 3000 2000 0

1300 -3000 -2000 0
1300 -3000 2000 0

1300 3000 -2000 0
1300 3000 2000 0

1300 -3000 2000 0
1310 -3000 2000 0

1300 -3000 -2000 0
1310 -3000 -2000 0

1300 -3000 2000 0
1300 -3000 -2000 0

1310 -3000 2000 0
1310 -3000 -2000 0

1300 3000 -2000 0
1310 3000 -2000 0

1300 3000 2000 0
1310 3000 2000 0

1300 3000 -2000 0
1300 3000 2000 0

1310 3000 -2000 0
1310 3000 2000 0

-1307.5 -3000 2000 0
-1307.5 0 2000 0

-1307.5 0 2000 0
-1307.5 1500 2000 0
-1307.5 3000 2000 0

-1307.5 3000 2000 0

-1302.5 -3000 2000 0
-1302.5 3000 2000 0

-1307.5 -3000 2000 0
-1302.5 -3000 2000 0

-1307.5 3000 2000 0
-1302.5 3000 2000 0

-1302.5 -3000 -2000 0
-1302.5 3000 -2000 0

-1307.5 -3000 -2000 0
-1307.5 3000 -2000 0

-1302.5 -3000 -2000 0
-1307.5 -3000 -2000 0

-1302.5 3000 -2000 0
-1307.5 3000 -2000 0

-1302.5 -3000 2000 0
-1302.5 3000 2000 0

-1302.5 -3000 -2000 0
-1302.5 3000 -2000 0

-1302.5 -3000 2000 0
-1302.5 -3000 -2000 0

-1302.5 3000 2000 0
-1302.5 3000 -2000 0

-1307.5 -3000 -2000 0
-1307.5 3000 -2000 0

-1307.5 -3000 2000 0
-1307.5 3000 2000 0

-1307.5 -3000 -2000 0
-1307.5 -3000 2000 0

-1307.5 3000 -2000 0
-1307.5 3000 2000 0

-1307.5 -3000 2000 0
-1302.5 -3000 2000 0

-1307.5 -3000 -2000 0
-1302.5 -3000 -2000 0

-1307.5 -3000 2000 0
-1307.5 -3000 -2000 0

-1302.5 -3000 2000 0
-1302.5 -3000 -2000 0

-1307.5 3000 -2000 0
-1302.5 3000 -2000 0

-1307.5 3000 2000 0
-1302.5 3000 2000 0

-1307.5 3000 -2000 0
-1307.5 3000 2000 0

-1302.5 3000 -2000 0
-1302.5 3000 2000 0

-1300 -3000 2000 0
-1300 0 2000 0

-1300 0 2000 0
-1300 1500 2000 0
-1300 3000 2000 0

-1300 3000 2000 0

-1290 -3000 2000 0
-1290 3000 2000 0

-1300 -3000 2000 0
-1290 -3000 2000 0

-1300 3000 2000 0
-1290 3000 2000 0

-1290 -3000 -2000 0
-1290 3000 -2000 0

-1300 -3000 -2000 0
-1300 3000 -2000 0

-1290 -3000 -2000 0
-1300 -3000 -2000 0

-1290 3000 -2000 0
-1300 3000 -2000 0

-1290 -3000 2000 0
-1290 3000 2000 0

-1290 -3000 -2000 0
-1290 3000 -2000 0

-1290 -3000 2000 0
-1290 -3000 -2000 0

-1290 3000 2000 0
-1290 3000 -2000 0

-1300 -3000 -2000 0
-1300 3000 -2000 0

-1300 -3000 2000 0
-1300 3000 2000 0

-1300 -3000 -2000 0
-1300 -3000 2000 0

-1300 3000 -2000 0
-1300 3000 2000 0

-1300 -3000 2000 0
-1290 -3000 2000 0

-1300 -3000 -2000 0
-1290 -3000 -2000 0

-1300 -3000 2000 0
-1300 -3000 -2000 0

-1290 -3000 2000 0
-1290 -3000 -2000 0

-1300 3000 -2000 0
-1290 3000 -2000 0

-1300 3000 2000 0
-1290 3000 2000 0

-1300 3000 -2000 0
-1300 3000 2000 0

-1290 3000 -2000 0
-1290 3000 2000 0

-1005 3017.5 2000 0
-1005 3020 2000 0

-1005 3020 2000 0
-1005 3021.25 2000 0
-1005 3022.5 2000 0

-1005 3022.5 2000 0

995 3017.5 2000 0
995 3022.5 2000 0

-1005 3017.5 2000 0
995 3017.5 2000 0

-1005 3022.5 2000 0
995 3022.5 2000 0

995 3017.5 -2000 0
995 3022.5 -2000 0

-1005 3017.5 -2000 0
-1005 3022.5 -2000 0

995 3017.5 -2000 0
-1005 3017.5 -2000 0

995 3022.5 -2000 0
-1005 3022.5 -2000 0

995 3017.5 2000 0
995 3022.5 2000 0

995 3017.5 -2000 0
995 3022.5 -2000 0

995 3017.5 2000 0
995 3017.5 -2000 0

995 3022.5 2000 0
995 3022.5 -2000 0

-1005 3017.5 -2000 0
-1005 3022.5 -2000 0

-1005 3017.5 2000 0
-1005 3022.5 2000 0

-1005 3017.5 -2000 0
-1005 3017.5 2000 0

-1005 3022.5 -2000 0
-1005 3022.5 2000 0

-1005 3017.5 2000 0
995 3017.5 2000 0

-1005 3017.5 -2000 0
995 3017.5 -2000 0

-1005 3017.5 2000 0
-1005 3017.5 -2000 0

995 3017.5 2000 0
995 3017.5 -2000 0

-1005 3022.5 -2000 0
995 3022.5 -2000 0

-1005 3022.5 2000 0
995 3022.5 2000 0

-1005 3022.5 -2000 0
-1005 3022.5 2000 0

995 3022.5 -2000 0
995 3022.5 2000 0

-995 3015 2000 0
-995 3020 2000 0

-995 3020 2000 0
-995 3022.5 2000 0
-995 3025 2000 0

-995 3025 2000 0

1005 3015 2000 0
1005 3025 2000 0

-995 3015 2000 0
1005 3015 2000 0

-995 3025 2000 0
1005 3025 2000 0

1005 3015 -2000 0
1005 3025 -2000 0

-995 3015 -2000 0
-995 3025 -2000 0

1005 3015 -2000 0
-995 3015 -2000 0

1005 3025 -2000 0
-995 3025 -2000 0

1005 3015 2000 0
1005 3025 2000 0

1005 3015 -2000 0
1005 3025 -2000 0

1005 3015 2000 0
1005 3015 -2000 0

1005 3025 2000 0
1005 3025 -2000 0

-995 3015 -2000 0
-995 3025 -2000 0

-995 3015 2000 0
-995 3025 2000 0

-995 3015 -2000 0
-995 3015 2000 0

-995 3025 -2000 0
-995 3025 2000 0

-995 3015 2000 0
1005 3015 2000 0

-995 3015 -2000 0
1005 3015 -2000 0

-995 3015 2000 0
-995 3015 -2000 0

1005 3015 2000 0
1005 3015 -2000 0

-995 3025 -2000 0
1005 3025 -2000 0

-995 3025 2000 0
1005 3025 2000 0

-995 3025 -2000 0
-995 3025 2000 0

1005 3025 -2000 0
1005 3025 2000 0

-1005 -3022.5 2000 0
-1005 -3020 2000 0

-1005 -3020 2000 0
-1005 -3018.75 2000 0
-1005 -3017.5 2000 0

-1005 -3017.5 2000 0

995 -3022.5 2000 0
995 -3017.5 2000 0

-1005 -3022.5 2000 0
995 -3022.5 2000 0

-1005 -3017.5 2000 0
995 -3017.5 2000 0

995 -3022.5 -2000 0
995 -3017.5 -2000 0

-1005 -3022.5 -2000 0
-1005 -3017.5 -2000 0

995 -3022.5 -2000 0
-1005 -3022.5 -2000 0

995 -3017.5 -2000 0
-1005 -3017.5 -2000 0

995 -3022.5 2000 0
995 -3017.5 2000 0

995 -3022.5 -2000 0
995 -3017.5 -2000 0

995 -3022.5 2000 0
995 -3022.5 -2000 0

995 -3017.5 2000 0
995 -3017.5 -2000 0

-1005 -3022.5 -2000 0
-1005 -3017.5 -2000 0

-1005 -3022.5 2000 0
-1005 -3017.5 2000 0

-1005 -3022.5 -2000 0
-1005 -3022.5 2000 0

-1005 -3017.5 -2000 0
-1005 -3017.5 2000 0

-1005 -3022.5 2000 0
995 -3022.5 2000 0

-1005 -3022.5 -2000 0
995 -3022.5 -2000 0

-1005 -3022.5 2000 0
-1005 -3022.5 -2000 0

995 -3022.5 2000 0
995 -3022.5 -2000 0

-1005 -3017.5 -2000 0
995 -3017.5 -2000 0

-1005 -3017.5 2000 0
995 -3017.5 2000 0

-1005 -3017.5 -2000 0
-1005 -3017.5 2000 0

995 -3017.5 -2000 0
995 -3017.5 2000 0

-995 -3025 2000 0
-995 -3020 2000 0

-995 -3020 2000 0
-995 -3017.5 2000 0
-995 -3015 2000 0

-995 -3015 2000 0

1005 -3025 2000 0
1005 -3015 2000 0

-995 -3025 2000 0
1005 -3025 2000 0

-995 -3015 2000 0
1005 -3015 2000 0

1005 -3025 -2000 0
1005 -3015 -2000 0

-995 -3025 -2000 0
-995 -3015 -2000 0

1005 -3025 -2000 0
-995 -3025 -2000 0

1005 -3015 -2000 0
-995 -3015 -2000 0

1005 -3025 2000 0
1005 -3015 2000 0

1005 -3025 -2000 0
1005 -3015 -2000 0

1005 -3025 2000 0
1005 -3025 -2000 0

1005 -3015 2000 0
1005 -3015 -2000 0

-995 -3025 -2000 0
-995 -3015 -2000 0

-995 -3025 2000 0
-995 -3015 2000 0

-995 -3025 -2000 0
-995 -3025 2000 0

-995 -3015 -2000 0
-995 -3015 2000 0

-995 -3025 2000 0
1005 -3025 2000 0

-995 -3025 -2000 0
1005 -3025 -2000 0

-995 -3025 2000 0
-995 -3025 -2000 0

1005 -3025 2000 0
1005 -3025 -2000 0

-995 -3015 -2000 0
1005 -3015 -2000 0

-995 -3015 2000 0
1005 -3015 2000 0

-995 -3015 -2000 0
-995 -3015 2000 0

1005 -3015 -2000 0
1005 -3015 2000 0

-2227 96 3851 0
-2227 1304 3851 0

-2227 1304 3851 0
-2227 1908 3851 0
-2227 2512 3851 0

-2227 2512 3851 0

-2207 96 3851 0
-2207 2512 3851 0

-2227 96 3851 0
-2207 96 3851 0

-2227 2512 3851 0
-2207 2512 3851 0

-2207 96 3383 0
-2207 2512 3383 0

-2227 96 3383 0
-2227 2512 3383 0

-2207 96 3383 0
-2227 96 3383 0

-2207 2512 3383 0
-2227 2512 3383 0

-2207 96 3851 0
-2207 2512 3851 0

-2207 96 3383 0
-2207 2512 3383 0

-2207 96 3851 0
-2207 96 3383 0

-2207 2512 3851 0
-2207 2512 3383 0

-2227 96 3383 0
-2227 2512 3383 0

-2227 96 3851 0
-2227 2512 3851 0

-2227 96 3383 0
-2227 96 3851 0

-2227 2512 3383 0
-2227 2512 3851 0

-2227 96 3851 0
-2207 96 3851 0

-2227 96 3383 0
-2207 96 3383 0

-2227 96 3851 0
-2227 96 3383 0

-2207 96 3851 0
-2207 96 3383 0

-2227 2512 3383 0
-2207 2512 3383 0

-2227 2512 3851 0
-2207 2512 3851 0

-2227 2512 3383 0
-2227 2512 3851 0

-2207 2512 3383 0
-2207 2512 3851 0

-2309.5 96 3861 0
-2309.5 1304 3861 0

-2309.5 1304 3861 0
-2309.5 1908 3861 0
-2309.5 2512 3861 0

-2309.5 2512 3861 0

-2124.5 96 3861 0
-2124.5 2512 3861 0

-2309.5 96 3861 0
-2124.5 96 3861 0

-2309.5 2512 3861 0
-2124.5 2512 3861 0

-2124.5 96 3841 0
-2124.5 2512 3841 0

-2309.5 96 3841 0
-2309.5 2512 3841 0

-2124.5 96 3841 0
-2309.5 96 3841 0

-2124.5 2512 3841 0
-2309.5 2512 3841 0

-2124.5 96 3861 0
-2124.5 2512 3861 0

-2124.5 96 3841 0
-2124.5 2512 3841 0

-2124.5 96 3861 0
-2124.5 96 3841 0

-2124.5 2512 3861 0
-2124.5 2512 3841 0

-2309.5 96 3841 0
-2309.5 2512 3841 0

-2309.5 96 3861 0
-2309.5 2512 3861 0

-2309.5 96 3841 0
-2309.5 96 3861 0

-2309.5 2512 3841 0
-2309.5 2512 3861 0

-2309.5 96 3861 0
-2124.5 96 3861 0

-2309.5 96 3841 0
-2124.5 96 3841 0

-2309.5 96 3861 0
-2309.5 96 3841 0

-2124.5 96 3861 0
-2124.5 96 3841 0

-2309.5 2512 3841 0
-2124.5 2512 3841 0

-2309.5 2512 3861 0
-2124.5 2512 3861 0

-2309.5 2512 3841 0
-2309.5 2512 3861 0

-2124.5 2512 3841 0
-2124.5 2512 3861 0

-2309.5 96 3393 0
-2309.5 1304 3393 0

-2309.5 1304 3393 0
-2309.5 1908 3393 0
-2309.5 2512 3393 0

-2309.5 2512 3393 0

-2124.5 96 3393 0
-2124.5 2512 3393 0

-2309.5 96 3393 0
-2124.5 96 3393 0

-2309.5 2512 3393 0
-2124.5 2512 3393 0

-2124.5 96 3373 0
-2124.5 2512 3373 0

-2309.5 96 3373 0
-2309.5 2512 3373 0

-2124.5 96 3373 0
-2309.5 96 3373 0

-2124.5 2512 3373 0
-2309.5 2512 3373 0

-2124.5 96 3393 0
-2124.5 2512 3393 0

-2124.5 96 3373 0
-2124.5 2512 3373 0

-2124.5 96 3393 0
-2124.5 96 3373 0

-2124.5 2512 3393 0
-2124.5 2512 3373 0

-2309.5 96 3373 0
-2309.5 2512 3373 0

-2309.5 96 3393 0
-2309.5 2512 3393 0

-2309.5 96 3373 0
-2309.5 96 3393 0

-2309.5 2512 3373 0
-2309.5 2512 3393 0

-2309.5 96 3393 0
-2124.5 96 3393 0

-2309.5 96 3373 0
-2124.5 96 3373 0

-2309.5 96 3393 0
-2309.5 96 3373 0

-2124.5 96 3393 0
-2124.5 96 3373 0

-2309.5 2512 3373 0
-2124.5 2512 3373 0

-2309.5 2512 3393 0
-2124.5 2512 3393 0

-2309.5 2512 3373 0
-2309.5 2512 3393 0

-2124.5 2512 3373 0
-2124.5 2512 3393 0

-2227 -2512 3851 0
-2227 -1304 3851 0

-2227 -1304 3851 0
-2227 -700 3851 0
-2227 -96 3851 0

-2227 -96 3851 0

-2207 -2512 3851 0
-2207 -96 3851 0

-2227 -2512 3851 0
-2207 -2512 3851 0

-2227 -96 3851 0
-2207 -96 3851 0

-2207 -2512 3383 0
-2207 -96 3383 0

-2227 -2512 3383 0
-2227 -96 3383 0

-2207 -2512 3383 0
-2227 -2512 3383 0

-2207 -96 3383 0
-2227 -96 3383 0

-2207 -2512 3851 0
-2207 -96 3851 0

-2207 -2512 3383 0
-2207 -96 3383 0

-2207 -2512 3851 0
-2207 -2512 3383 0

-2207 -96 3851 0
-2207 -96 3383 0

-2227 -2512 3383 0
-2227 -96 3383 0

-2227 -2512 3851 0
-2227 -96 3851 0

-2227 -2512 3383 0
-2227 -2512 3851 0

-2227 -96 3383 0
-2227 -96 3851 0

-2227 -2512 3851 0
-2207 -2512 3851 0

-2227 -2512 3383 0
-2207 -2512 3383 0

-2227 -2512 3851 0
-2227 -2512 3383 0

-2207 -2512 3851 0
-2207 -2512 3383 0

-2227 -96 3383 0
-2207 -96 3383 0

-2227 -96 3851 0
-2207 -96 3851 0

-2227 -96 3383 0
-2227 -96 3851 0

-2207 -96 3383 0
-2207 -96 3851 0

-2309.5 -2512 3861 0
-2309.5 -1304 3861 0

-2309.5 -1304 3861 0
-2309.5 -700 3861 0
-2309.5 -96 3861 0

-2309.5 -96 3861 0

-2124.5 -2512 3861 0
-2124.5 -96 3861 0

-2309.5 -2512 3861 0
-2124.5 -2512 3861 0

-2309.5 -96 3861 0
-2124.5 -96 3861 0

-2124.5 -2512 3841 0
-2124.5 -96 3841 0

-2309.5 -2512 3841 0
-2309.5 -96 3841 0

-2124.5 -2512 3841 0
-2309.5 -2512 3841 0

-2124.5 -96 3841 0
-2309.5 -96 3841 0

-2124.5 -2512 3861 0
-2124.5 -96 3861 0

-2124.5 -2512 3841 0
-2124.5 -96 3841 0

-2124.5 -2512 3861 0
-2124.5 -2512 3841 0

-2124.5 -96 3861 0
-2124.5 -96 3841 0

-2309.5 -2512 3841 0
-2309.5 -96 3841 0

-2309.5 -2512 3861 0
-2309.5 -96 3861 0

-2309.5 -2512 3841 0
-2309.5 -2512 3861 0

-2309.5 -96 3841 0
-2309.5 -96 3861 0

-2309.5 -2512 3861 0
-2124.5 -2512 3861 0

-2309.5 -2512 3841 0
-2124.5 -2512 3841 0

-2309.5 -2512 3861 0
-2309.5 -2512 3841 0

-2124.5 -2512 3861 0
-2124.5 -2512 3841 0

-2309.5 -96 3841 0
-2124.5 -96 3841 0

-2309.5 -96 3861 0
-2124.5 -96 3861 0

-2309.5 -96 3841 0
-2309.5 -96 3861 0

-2124.5 -96 3841 0
-2124.5 -96 3861 0

-2309.5 -2512 3393 0
-2309.5 -1304 3393 0

-2309.5 -1304 3393 0
-2309.5 -700 3393 0
-2309.5 -96 3393 0

-2309.5 -96 3393 0

-2124.5 -2512 3393 0
-2124.5 -96 3393 0

-2309.5 -2512 3393 0
-2124.5 -2512 3393 0

-2309.5 -96 3393 0
-2124.5 -96 3393 0

-2124.5 -2512 3373 0
-2124.5 -96 3373 0

-2309.5 -2512 3373 0
-2309.5 -96 3373 0

-2124.5 -2512 3373 0
-2309.5 -2512 3373 0

-2124.5 -96 3373 0
-2309.5 -96 3373 0

-2124.5 -2512 3393 0
-2124.5 -96 3393 0

-2124.5 -2512 3373 0
-2124.5 -96 3373 0

-2124.5 -2512 3393 0
-2124.5 -2512 3373 0

-2124.5 -96 3393 0
-2124.5 -96 3373 0

-2309.5 -2512 3373 0
-2309.5 -96 3373 0

-2309.5 -2512 3393 0
-2309.5 -96 3393 0

-2309.5 -2512 3373 0
-2309.5 -2512 3393 0

-2309.5 -96 3373 0
-2309.5 -96 3393 0

-2309.5 -2512 3393 0
-2124.5 -2512 3393 0

-2309.5 -2512 3373 0
-2124.5 -2512 3373 0

-2309.5 -2512 3393 0
-2309.5 -2512 3373 0

-2124.5 -2512 3393 0
-2124.5 -2512 3373 0

-2309.5 -96 3373 0
-2124.5 -96 3373 0

-2309.5 -96 3393 0
-2124.5 -96 3393 0

-2309.5 -96 3373 0
-2309.5 -96 3393 0

-2124.5 -96 3373 0
-2124.5 -96 3393 0

-2092 2931.44468915929 1261.49668873539 0
-2092 2818.15621577971 1208.6694060178 0

-2092 2818.15621577971 1208.6694060178 0
-2092 2761.51197908992 1182.25576465901 0
-2092 2704.86774240012 1155.84212330022 0

-2092 2704.86774240012 1155.84212330022 0

-2342 2931.44468915929 1261.49668873539 0
-2342 2704.86774240012 1155.84212330022 0

-2092 2931.44468915929 1261.49668873539 0
-2342 2931.44468915929 1261.49668873539 0

-2092 2704.86774240012 1155.84212330022 0
-2342 2704.86774240012 1155.84212330022 0

-2342 4495.13225759988 -2091.84212330022 0
-2342 4268.55531084071 -2197.49668873539 0

-2092 4495.13225759988 -2091.84212330022 0
-2092 4268.55531084071 -2197.49668873539 0

-2342 4495.13225759988 -2091.84212330022 0
-2092 4495.13225759988 -2091.84212330022 0

-2342 4268.55531084071 -2197.49668873539 0
-2092 4268.55531084071 -2197.49668873539 0

-2342 2931.44468915929 1261.49668873539 0
-2342 2704.86774240012 1155.84212330022 0

-2342 4495.13225759988 -2091.84212330022 0
-2342 4268.55531084071 -2197.49668873539 0

-2342 2931.44468915929 1261.49668873539 0
-2342 4495.13225759988 -2091.84212330022 0

-2342 2704.86774240012 1155.84212330022 0
-2342 4268.55531084071 -2197.49668873539 0

-2092 4495.13225759988 -2091.84212330022 0
-2092 4268.55531084071 -2197.49668873539 0

-2092 2931.44468915929 1261.49668873539 0
-2092 2704.86774240012 1155.84212330022 0

-2092 4495.13225759988 -2091.84212330022 0
-2092 2931.44468915929 1261.49668873539 0

-2092 4268.55531084071 -2197.49668873539 0
-2092 2704.86774240012 1155.84212330022 0

-2092 2931.44468915929 1261.49668873539 0
-2342 2931.44468915929 1261.49668873539 0

-2092 4495.13225759988 -2091.84212330022 0
-2342 4495.13225759988 -2091.84212330022 0

-2092 2931.44468915929 1261.49668873539 0
-2092 4495.13225759988 -2091.84212330022 0

-2342 2931.44468915929 1261.49668873539 0
-2342 4495.13225759988 -2091.84212330022 0

-2092 4268.55531084071 -2197.49668873539 0
-2342 4268.55531084071 -2197.49668873539 0

-2092 2704.86774240012 1155.84212330022 0
-2342 2704.86774240012 1155.84212330022 0

-2092 4268.55531084071 -2197.49668873539 0
-2092 2704.86774240012 1155.84212330022 0

-2342 4268.55531084071 -2197.49668873539 0
-2342 2704.86774240012 1155.84212330022 0

-2092 -2704.86774240012 1155.84212330022 0
-2092 -2818.15621577971 1208.6694060178 0

-2092 -2818.15621577971 1208.6694060178 0
-2092 -2874.8004524695 1235.0830473766 0
-2092 -2931.44468915929 1261.49668873539 0

-2092 -2931.44468915929 1261.49668873539 0

-2342 -2704.86774240012 1155.84212330022 0
-2342 -2931.44468915929 1261.49668873539 0

-2092 -2704.86774240012 1155.84212330022 0
-2342 -2704.86774240012 1155.84212330022 0

-2092 -2931.44468915929 1261.49668873539 0
-2342 -2931.44468915929 1261.49668873539 0

-2342 -4268.55531084071 -2197.49668873539 0
-2342 -4495.13225759988 -2091.84212330022 0

-2092 -4268.55531084071 -2197.49668873539 0
-2092 -4495.13225759988 -2091.84212330022 0

-2342 -4268.55531084071 -2197.49668873539 0
-2092 -4268.55531084071 -2197.49668873539 0

-2342 -4495.13225759988 -2091.84212330022 0
-2092 -4495.13225759988 -2091.84212330022 0

-2342 -2704.86774240012 1155.84212330022 0
-2342 -2931.44468915929 1261.49668873539 0

-2342 -4268.55531084071 -2197.49668873539 0
-2342 -4495.13225759988 -2091.84212330022 0

-2342 -2704.86774240012 1155.84212330022 0
-2342 -4268.55531084071 -2197.49668873539 0

-2342 -2931.44468915929 1261.49668873539 0
-2342 -4495.13225759988 -2091.84212330022 0

-2092 -4268.55531084071 -2197.49668873539 0
-2092 -4495.13225759988 -2091.84212330022 0

-2092 -2704.86774240012 1155.84212330022 0
-2092 -2931.44468915929 1261.49668873539 0

-2092 -4268.55531084071 -2197.49668873539 0
-2092 -2704.86774240012 1155.84212330022 0

-2092 -4495.13225759988 -2091.84212330022 0
-2092 -2931.44468915929 1261.49668873539 0

-2092 -2704.86774240012 1155.84212330022 0
-2342 -2704.86774240012 1155.84212330022 0

-2092 -4268.55531084071 -2197.49668873539 0
-2342 -4268.55531084071 -2197.49668873539 0

-2092 -2704.86774240012 1155.84212330022 0
-2092 -4268.55531084071 -2197.49668873539 0

-2342 -2704.86774240012 1155.84212330022 0
-2342 -4268.55531084071 -2197.49668873539 0

-2092 -4495.13225759988 -2091.84212330022 0
-2342 -4495.13225759988 -2091.84212330022 0

-2092 -2931.44468915929 1261.49668873539 0
-2342 -2931.44468915929 1261.49668873539 0

-2092 -4495.13225759988 -2091.84212330022 0
-2092 -2931.44468915929 1261.49668873539 0

-2342 -4495.13225759988 -2091.84212330022 0
-2342 -2931.44468915929 1261.49668873539 0

-1985 -2618 -2287 0
-1985 -2608 -2287 0

-1985 -2608 -2287 0
-1985 -2603 -2287 0
-1985 -2598 -2287 0

-1985 -2598 -2287 0

-2449 -2618 -2287 0
-2449 -2598 -2287 0

-1985 -2618 -2287 0
-2449 -2618 -2287 0

-1985 -2598 -2287 0
-2449 -2598 -2287 0

-2449 -2618 3851 0
-2449 -2598 3851 0

-1985 -2618 3851 0
-1985 -2598 3851 0

-2449 -2618 3851 0
-1985 -2618 3851 0

-2449 -2598 3851 0
-1985 -2598 3851 0

-2449 -2618 -2287 0
-2449 -2598 -2287 0

-2449 -2618 3851 0
-2449 -2598 3851 0

-2449 -2618 -2287 0
-2449 -2618 3851 0

-2449 -2598 -2287 0
-2449 -2598 3851 0

-1985 -2618 3851 0
-1985 -2598 3851 0

-1985 -2618 -2287 0
-1985 -2598 -2287 0

-1985 -2618 3851 0
-1985 -2618 -2287 0

-1985 -2598 3851 0
-1985 -2598 -2287 0

-1985 -2618 -2287 0
-2449 -2618 -2287 0

-1985 -2618 3851 0
-2449 -2618 3851 0

-1985 -2618 -2287 0
-1985 -2618 3851 0

-2449 -2618 -2287 0
-2449 -2618 3851 0

-1985 -2598 3851 0
-2449 -2598 3851 0

-1985 -2598 -2287 0
-2449 -2598 -2287 0

-1985 -2598 3851 0
-1985 -2598 -2287 0

-2449 -2598 3851 0
-2449 -2598 -2287 0

-2441 -2700.5 -2287 0
-2441 -2608 -2287 0

-2441 -2608 -2287 0
-2441 -2561.75 -2287 0
-2441 -2515.5 -2287 0

-2441 -2515.5 -2287 0

-2461 -2700.5 -2287 0
-2461 -2515.5 -2287 0

-2441 -2700.5 -2287 0
-2461 -2700.5 -2287 0

-2441 -2515.5 -2287 0
-2461 -2515.5 -2287 0

-2461 -2700.5 3851 0
-2461 -2515.5 3851 0

-2441 -2700.5 3851 0
-2441 -2515.5 3851 0

-2461 -2700.5 3851 0
-2441 -2700.5 3851 0

-2461 -2515.5 3851 0
-2441 -2515.5 3851 0

-2461 -2700.5 -2287 0
-2461 -2515.5 -2287 0

-2461 -2700.5 3851 0
-2461 -2515.5 3851 0

-2461 -2700.5 -2287 0
-2461 -2700.5 3851 0

-2461 -2515.5 -2287 0
-2461 -2515.5 3851 0

-2441 -2700.5 3851 0
-2441 -2515.5 3851 0

-2441 -2700.5 -2287 0
-2441 -2515.5 -2287 0

-2441 -2700.5 3851 0
-2441 -2700.5 -2287 0

-2441 -2515.5 3851 0
-2441 -2515.5 -2287 0

-2441 -2700.5 -2287 0
-2461 -2700.5 -2287 0

-2441 -2700.5 3851 0
-2461 -2700.5 3851 0

-2441 -2700.5 -2287 0
-2441 -2700.5 3851 0

-2461 -2700.5 -2287 0
-2461 -2700.5 3851 0

-2441 -2515.5 3851 0
-2461 -2515.5 3851 0

-2441 -2515.5 -2287 0
-2461 -2515.5 -2287 0

-2441 -2515.5 3851 0
-2441 -2515.5 -2287 0

-2461 -2515.5 3851 0
-2461 -2515.5 -2287 0

-1973 -2700.5 -2287 0
-1973 -2608 -2287 0

-1973 -2608 -2287 0
-1973 -2561.75 -2287 0
-1973 -2515.5 -2287 0

-1973 -2515.5 -2287 0

-1993 -2700.5 -2287 0
-1993 -2515.5 -2287 0

-1973 -2700.5 -2287 0
-1993 -2700.5 -2287 0

-1973 -2515.5 -2287 0
-1993 -2515.5 -2287 0

-1993 -2700.5 3851 0
-1993 -2515.5 3851 0

-1973 -2700.5 3851 0
-1973 -2515.5 3851 0

-1993 -2700.5 3851 0
-1973 -2700.5 3851 0

-1993 -2515.5 3851 0
-1973 -2515.5 3851 0

-1993 -2700.5 -2287 0
-1993 -2515.5 -2287 0

-1993 -2700.5 3851 0
-1993 -2515.5 3851 0

-1993 -2700.5 -2287 0
-1993 -2700.5 3851 0

-1993 -2515.5 -2287 0
-1993 -2515.5 3851 0

-1973 -2700.5 3851 0
-1973 -2515.5 3851 0

-1973 -2700.5 -2287 0
-1973 -2515.5 -2287 0

-1973 -2700.5 3851 0
-1973 -2700.5 -2287 0

-1973 -2515.5 3851 0
-1973 -2515.5 -2287 0

-1973 -2700.5 -2287 0
-1993 -2700.5 -2287 0

-1973 -2700.5 3851 0
-1993 -2700.5 3851 0

-1973 -2700.5 -2287 0
-1973 -2700.5 3851 0

-1993 -2700.5 -2287 0
-1993 -2700.5 3851 0

-1973 -2515.5 3851 0
-1993 -2515.5 3851 0

-1973 -2515.5 -2287 0
-1993 -2515.5 -2287 0

-1973 -2515.5 3851 0
-1973 -2515.5 -2287 0

-1993 -2515.5 3851 0
-1993 -2515.5 -2287 0

-1985 -10 -2287 0
-1985 0 -2287 0

-1985 0 -2287 0
-1985 5 -2287 0
-1985 10 -2287 0

-1985 10 -2287 0

-2449 -10 -2287 0
-2449 10 -2287 0

-1985 -10 -2287 0
-2449 -10 -2287 0

-1985 10 -2287 0
-2449 10 -2287 0

-2449 -10 3851 0
-2449 10 3851 0

-1985 -10 3851 0
-1985 10 3851 0

-2449 -10 3851 0
-1985 -10 3851 0

-2449 10 3851 0
-1985 10 3851 0

-2449 -10 -2287 0
-2449 10 -2287 0

-2449 -10 3851 0
-2449 10 3851 0

-2449 -10 -2287 0
-2449 -10 3851 0

-2449 10 -2287 0
-2449 10 3851 0

-1985 -10 3851 0
-1985 10 3851 0

-1985 -10 -2287 0
-1985 10 -2287 0

-1985 -10 3851 0
-1985 -10 -2287 0

-1985 10 3851 0
-1985 10 -2287 0

-1985 -10 -2287 0
-2449 -10 -2287 0

-1985 -10 3851 0
-2449 -10 3851 0

-1985 -10 -2287 0
-1985 -10 3851 0

-2449 -10 -2287 0
-2449 -10 3851 0

-1985 10 3851 0
-2449 10 3851 0

-1985 10 -2287 0
-2449 10 -2287 0

-1985 10 3851 0
-1985 10 -2287 0

-2449 10 3851 0
-2449 10 -2287 0

-2441 -92.5 -2287 0
-2441 0 -2287 0

-2441 0 -2287 0
-2441 46.25 -2287 0
-2441 92.5 -2287 0

-2441 92.5 -2287 0

-2461 -92.5 -2287 0
-2461 92.5 -2287 0

-2441 -92.5 -2287 0
-2461 -92.5 -2287 0

-2441 92.5 -2287 0
-2461 92.5 -2287 0

-2461 -92.5 3851 0
-2461 92.5 3851 0

-2441 -92.5 3851 0
-2441 92.5 3851 0

-2461 -92.5 3851 0
-2441 -92.5 3851 0

-2461 92.5 3851 0
-2441 92.5 3851 0

-2461 -92.5 -2287 0
-2461 92.5 -2287 0

-2461 -92.5 3851 0
-2461 92.5 3851 0

-2461 -92.5 -2287 0
-2461 -92.5 3851 0

-2461 92.5 -2287 0
-2461 92.5 3851 0

-2441 -92.5 3851 0
-2441 92.5 3851 0

-2441 -92.5 -2287 0
-2441 92.5 -2287 0

-2441 -92.5 3851 0
-2441 -92.5 -2287 0

-2441 92.5 3851 0
-2441 92.5 -2287 0

-2441 -92.5 -2287 0
-2461 -92.5 -2287 0

-2441 -92.5 3851 0
-2461 -92.5 3851 0

-2441 -92.5 -2287 0
-2441 -92.5 3851 0

-2461 -92.5 -2287 0
-2461 -92.5 3851 0

-2441 92.5 3851 0
-2461 92.5 3851 0

-2441 92.5 -2287 0
-2461 92.5 -2287 0

-2441 92.5 3851 0
-2441 92.5 -2287 0

-2461 92.5 3851 0
-2461 92.5 -2287 0

-1973 -92.5 -2287 0
-1973 0 -2287 0

-1973 0 -2287 0
-1973 46.25 -2287 0
-1973 92.5 -2287 0

-1973 92.5 -2287 0

-1993 -92.5 -2287 0
-1993 92.5 -2287 0

-1973 -92.5 -2287 0
-1993 -92.5 -2287 0

-1973 92.5 -2287 0
-1993 92.5 -2287 0

-1993 -92.5 3851 0
-1993 92.5 3851 0

-1973 -92.5 3851 0
-1973 92.5 3851 0

-1993 -92.5 3851 0
-1973 -92.5 3851 0

-1993 92.5 3851 0
-1973 92.5 3851 0

-1993 -92.5 -2287 0
-1993 92.5 -2287 0

-1993 -92.5 3851 0
-1993 92.5 3851 0

-1993 -92.5 -2287 0
-1993 -92.5 3851 0

-1993 92.5 -2287 0
-1993 92.5 3851 0

-1973 -92.5 3851 0
-1973 92.5 3851 0

-1973 -92.5 -2287 0
-1973 92.5 -2287 0

-1973 -92.5 3851 0
-1973 -92.5 -2287 0

-1973 92.5 3851 0
-1973 92.5 -2287 0

-1973 -92.5 -2287 0
-1993 -92.5 -2287 0

-1973 -92.5 3851 0
-1993 -92.5 3851 0

-1973 -92.5 -2287 0
-1973 -92.5 3851 0

-1993 -92.5 -2287 0
-1993 -92.5 3851 0

-1973 92.5 3851 0
-1993 92.5 3851 0

-1973 92.5 -2287 0
-1993 92.5 -2287 0

-1973 92.5 3851 0
-1973 92.5 -2287 0

-1993 92.5 3851 0
-1993 92.5 -2287 0

-1985 2598 -2287 0
-1985 2608 -2287 0

-1985 2608 -2287 0
-1985 2613 -2287 0
-1985 2618 -2287 0

-1985 2618 -2287 0

-2449 2598 -2287 0
-2449 2618 -2287 0

-1985 2598 -2287 0
-2449 2598 -2287 0

-1985 2618 -2287 0
-2449 2618 -2287 0

-2449 2598 3851 0
-2449 2618 3851 0

-1985 2598 3851 0
-1985 2618 3851 0

-2449 2598 3851 0
-1985 2598 3851 0

-2449 2618 3851 0
-1985 2618 3851 0

-2449 2598 -2287 0
-2449 2618 -2287 0

-2449 2598 3851 0
-2449 2618 3851 0

-2449 2598 -2287 0
-2449 2598 3851 0

-2449 2618 -2287 0
-2449 2618 3851 0

-1985 2598 3851 0
-1985 2618 3851 0

-1985 2598 -2287 0
-1985 2618 -2287 0

-1985 2598 3851 0
-1985 2598 -2287 0

-1985 2618 3851 0
-1985 2618 -2287 0

-1985 2598 -2287 0
-2449 2598 -2287 0

-1985 2598 3851 0
-2449 2598 3851 0

-1985 2598 -2287 0
-1985 2598 3851 0

-2449 2598 -2287 0
-2449 2598 3851 0

-1985 2618 3851 0
-2449 2618 3851 0

-1985 2618 -2287 0
-2449 2618 -2287 0

-1985 2618 3851 0
-1985 2618 -2287 0

-2449 2618 3851 0
-2449 2618 -2287 0

-2441 2515.5 -2287 0
-2441 2608 -2287 0

-2441 2608 -2287 0
-2441 2654.25 -2287 0
-2441 2700.5 -2287 0

-2441 2700.5 -2287 0

-2461 2515.5 -2287 0
-2461 2700.5 -2287 0

-2441 2515.5 -2287 0
-2461 2515.5 -2287 0

-2441 2700.5 -2287 0
-2461 2700.5 -2287 0

-2461 2515.5 3851 0
-2461 2700.5 3851 0

-2441 2515.5 3851 0
-2441 2700.5 3851 0

-2461 2515.5 3851 0
-2441 2515.5 3851 0

-2461 2700.5 3851 0
-2441 2700.5 3851 0

-2461 2515.5 -2287 0
-2461 2700.5 -2287 0

-2461 2515.5 3851 0
-2461 2700.5 3851 0

-2461 2515.5 -2287 0
-2461 2515.5 3851 0

-2461 2700.5 -2287 0
-2461 2700.5 3851 0

-2441 2515.5 3851 0
-2441 2700.5 3851 0

-2441 2515.5 -2287 0
-2441 2700.5 -2287 0

-2441 2515.5 3851 0
-2441 2515.5 -2287 0

-2441 2700.5 3851 0
-2441 2700.5 -2287 0

-2441 2515.5 -2287 0
-2461 2515.5 -2287 0

-2441 2515.5 3851 0
-2461 2515.5 3851 0

-2441 2515.5 -2287 0
-2441 2515.5 3851 0

-2461 2515.5 -2287 0
-2461 2515.5 3851 0

-2441 2700.5 3851 0
-2461 2700.5 3851 0

-2441 2700.5 -2287 0
-2461 2700.5 -2287 0

-2441 2700.5 3851 0
-2441 2700.5 -2287 0

-2461 2700.5 3851 0
-2461 2700.5 -2287 0

-1973 2515.5 -2287 0
-1973 2608 -2287 0

-1973 2608 -2287 0
-1973 2654.25 -2287 0
-1973 2700.5 -2287 0

-1973 2700.5 -2287 0

-1993 2515.5 -2287 0
-1993 2700.5 -2287 0

-1973 2515.5 -2287 0
-1993 2515.5 -2287 0

-1973 2700.5 -2287 0
-1993 2700.5 -2287 0

-1993 2515.5 3851 0
-1993 2700.5 3851 0

-1973 2515.5 3851 0
-1973 2700.5 3851 0

-1993 2515.5 3851 0
-1973 2515.5 3851 0

-1993 2700.5 3851 0
-1973 2700.5 3851 0

-1993 2515.5 -2287 0
-1993 2700.5 -2287 0

-1993 2515.5 3851 0
-1993 2700.5 3851 0

-1993 2515.5 -2287 0
-1993 2515.5 3851 0

-1993 2700.5 -2287 0
-1993 2700.5 3851 0

-1973 2515.5 3851 0
-1973 2700.5 3851 0

-1973 2515.5 -2287 0
-1973 2700.5 -2287 0

-1973 2515.5 3851 0
-1973 2515.5 -2287 0

-1973 2700.5 3851 0
-1973 2700.5 -2287 0

-1973 2515.5 -2287 0
-1993 2515.5 -2287 0

-1973 2515.5 3851 0
-1993 2515.5 3851 0

-1973 2515.5 -2287 0
-1973 2515.5 3851 0

-1993 2515.5 -2287 0
-1993 2515.5 3851 0

-1973 2700.5 3851 0
-1993 2700.5 3851 0

-1973 2700.5 -2287 0
-1993 2700.5 -2287 0

-1973 2700.5 3851 0
-1973 2700.5 -2287 0

-1993 2700.5 3851 0
-1993 2700.5 -2287 0

3070 96 3851 0
3070 1304 3851 0

3070 1304 3851 0
3070 1908 3851 0
3070 2512 3851 0

3070 2512 3851 0

3090 96 3851 0
3090 2512 3851 0

3070 96 3851 0
3090 96 3851 0

3070 2512 3851 0
3090 2512 3851 0

3090 96 3383 0
3090 2512 3383 0

3070 96 3383 0
3070 2512 3383 0

3090 96 3383 0
3070 96 3383 0

3090 2512 3383 0
3070 2512 3383 0

3090 96 3851 0
3090 2512 3851 0

3090 96 3383 0
3090 2512 3383 0

3090 96 3851 0
3090 96 3383 0

3090 2512 3851 0
3090 2512 3383 0

3070 96 3383 0
3070 2512 3383 0

3070 96 3851 0
3070 2512 3851 0

3070 96 3383 0
3070 96 3851 0

3070 2512 3383 0
3070 2512 3851 0

3070 96 3851 0
3090 96 3851 0

3070 96 3383 0
3090 96 3383 0

3070 96 3851 0
3070 96 3383 0

3090 96 3851 0
3090 96 3383 0

3070 2512 3383 0
3090 2512 3383 0

3070 2512 3851 0
3090 2512 3851 0

3070 2512 3383 0
3070 2512 3851 0

3090 2512 3383 0
3090 2512 3851 0

2987.5 96 3861 0
2987.5 1304 3861 0

2987.5 1304 3861 0
2987.5 1908 3861 0
2987.5 2512 3861 0

2987.5 2512 3861 0

3172.5 96 3861 0
3172.5 2512 3861 0

2987.5 96 3861 0
3172.5 96 3861 0

2987.5 2512 3861 0
3172.5 2512 3861 0

3172.5 96 3841 0
3172.5 2512 3841 0

2987.5 96 3841 0
2987.5 2512 3841 0

3172.5 96 3841 0
2987.5 96 3841 0

3172.5 2512 3841 0
2987.5 2512 3841 0

3172.5 96 3861 0
3172.5 2512 3861 0

3172.5 96 3841 0
3172.5 2512 3841 0

3172.5 96 3861 0
3172.5 96 3841 0

3172.5 2512 3861 0
3172.5 2512 3841 0

2987.5 96 3841 0
2987.5 2512 3841 0

2987.5 96 3861 0
2987.5 2512 3861 0

2987.5 96 3841 0
2987.5 96 3861 0

2987.5 2512 3841 0
2987.5 2512 3861 0

2987.5 96 3861 0
3172.5 96 3861 0

2987.5 96 3841 0
3172.5 96 3841 0

2987.5 96 3861 0
2987.5 96 3841 0

3172.5 96 3861 0
3172.5 96 3841 0

2987.5 2512 3841 0
3172.5 2512 3841 0

2987.5 2512 3861 0
3172.5 2512 3861 0

2987.5 2512 3841 0
2987.5 2512 3861 0

3172.5 2512 3841 0
3172.5 2512 3861 0

2987.5 96 3393 0
2987.5 1304 3393 0

2987.5 1304 3393 0
2987.5 1908 3393 0
2987.5 2512 3393 0

2987.5 2512 3393 0

3172.5 96 3393 0
3172.5 2512 3393 0

2987.5 96 3393 0
3172.5 96 3393 0

2987.5 2512 3393 0
3172.5 2512 3393 0

3172.5 96 3373 0
3172.5 2512 3373 0

2987.5 96 3373 0
2987.5 2512 3373 0

3172.5 96 3373 0
2987.5 96 3373 0

3172.5 2512 3373 0
2987.5 2512 3373 0

3172.5 96 3393 0
3172.5 2512 3393 0

3172.5 96 3373 0
3172.5 2512 3373 0

3172.5 96 3393 0
3172.5 96 3373 0

3172.5 2512 3393 0
3172.5 2512 3373 0

2987.5 96 3373 0
2987.5 2512 3373 0

2987.5 96 3393 0
2987.5 2512 3393 0

2987.5 96 3373 0
2987.5 96 3393 0

2987.5 2512 3373 0
2987.5 2512 3393 0

2987.5 96 3393 0
3172.5 96 3393 0

2987.5 96 3373 0
3172.5 96 3373 0

2987.5 96 3393 0
2987.5 96 3373 0

3172.5 96 3393 0
3172.5 96 3373 0

2987.5 2512 3373 0
3172.5 2512 3373 0

2987.5 2512 3393 0
3172.5 2512 3393 0

2987.5 2512 3373 0
2987.5 2512 3393 0

3172.5 2512 3373 0
3172.5 2512 3393 0

3070 -2512 3851 0
3070 -1304 3851 0

3070 -1304 3851 0
3070 -700 3851 0
3070 -96 3851 0

3070 -96 3851 0

3090 -2512 3851 0
3090 -96 3851 0

3070 -2512 3851 0
3090 -2512 3851 0

3070 -96 3851 0
3090 -96 3851 0

3090 -2512 3383 0
3090 -96 3383 0

3070 -2512 3383 0
3070 -96 3383 0

3090 -2512 3383 0
3070 -2512 3383 0

3090 -96 3383 0
3070 -96 3383 0

3090 -2512 3851 0
3090 -96 3851 0

3090 -2512 3383 0
3090 -96 3383 0

3090 -2512 3851 0
3090 -2512 3383 0

3090 -96 3851 0
3090 -96 3383 0

3070 -2512 3383 0
3070 -96 3383 0

3070 -2512 3851 0
3070 -96 3851 0

3070 -2512 3383 0
3070 -2512 3851 0

3070 -96 3383 0
3070 -96 3851 0

3070 -2512 3851 0
3090 -2512 3851 0

3070 -2512 3383 0
3090 -2512 3383 0

3070 -2512 3851 0
3070 -2512 3383 0

3090 -2512 3851 0
3090 -2512 3383 0

3070 -96 3383 0
3090 -96 3383 0

3070 -96 3851 0
3090 -96 3851 0

3070 -96 3383 0
3070 -96 3851 0

3090 -96 3383 0
3090 -96 3851 0

2987.5 -2512 3861 0
2987.5 -1304 3861 0

2987.5 -1304 3861 0
2987.5 -700 3861 0
2987.5 -96 3861 0

2987.5 -96 3861 0

3172.5 -2512 3861 0
3172.5 -96 3861 0

2987.5 -2512 3861 0
3172.5 -2512 3861 0

2987.5 -96 3861 0
3172.5 -96 3861 0

3172.5 -2512 3841 0
3172.5 -96 3841 0

2987.5 -2512 3841 0
2987.5 -96 3841 0

3172.5 -2512 3841 0
2987.5 -2512 3841 0

3172.5 -96 3841 0
2987.5 -96 3841 0

3172.5 -2512 3861 0
3172.5 -96 3861 0

3172.5 -2512 3841 0
3172.5 -96 3841 0

3172.5 -2512 3861 0
3172.5 -2512 3841 0

3172.5 -96 3861 0
3172.5 -96 3841 0

2987.5 -2512 3841 0
2987.5 -96 3841 0

2987.5 -2512 3861 0
2987.5 -96 3861 0

2987.5 -2512 3841 0
2987.5 -2512 3861 0

2987.5 -96 3841 0
2987.5 -96 3861 0

2987.5 -2512 3861 0
3172.5 -2512 3861 0

2987.5 -2512 3841 0
3172.5 -2512 3841 0

2987.5 -2512 3861 0
2987.5 -2512 3841 0

3172.5 -2512 3861 0
3172.5 -2512 3841 0

2987.5 -96 3841 0
3172.5 -96 3841 0

2987.5 -96 3861 0
3172.5 -96 3861 0

2987.5 -96 3841 0
2987.5 -96 3861 0

3172.5 -96 3841 0
3172.5 -96 3861 0

2987.5 -2512 3393 0
2987.5 -1304 3393 0

2987.5 -1304 3393 0
2987.5 -700 3393 0
2987.5 -96 3393 0

2987.5 -96 3393 0

3172.5 -2512 3393 0
3172.5 -96 3393 0

2987.5 -2512 3393 0
3172.5 -2512 3393 0

2987.5 -96 3393 0
3172.5 -96 3393 0

3172.5 -2512 3373 0
3172.5 -96 3373 0

2987.5 -2512 3373 0
2987.5 -96 3373 0

3172.5 -2512 3373 0
2987.5 -2512 3373 0

3172.5 -96 3373 0
2987.5 -96 3373 0

3172.5 -2512 3393 0
3172.5 -96 3393 0

3172.5 -2512 3373 0
3172.5 -96 3373 0

3172.5 -2512 3393 0
3172.5 -2512 3373 0

3172.5 -96 3393 0
3172.5 -96 3373 0

2987.5 -2512 3373 0
2987.5 -96 3373 0

2987.5 -2512 3393 0
2987.5 -96 3393 0

2987.5 -2512 3373 0
2987.5 -2512 3393 0

2987.5 -96 3373 0
2987.5 -96 3393 0

2987.5 -2512 3393 0
3172.5 -2512 3393 0

2987.5 -2512 3373 0
3172.5 -2512 3373 0

2987.5 -2512 3393 0
2987.5 -2512 3373 0

3172.5 -2512 3393 0
3172.5 -2512 3373 0

2987.5 -96 3373 0
3172.5 -96 3373 0

2987.5 -96 3393 0
3172.5 -96 3393 0

2987.5 -96 3373 0
2987.5 -96 3393 0

3172.5 -96 3373 0
3172.5 -96 3393 0

3205 2931.44468915929 1261.49668873539 0
3205 2818.15621577971 1208.6694060178 0

3205 2818.15621577971 1208.6694060178 0
3205 2761.51197908992 1182.25576465901 0
3205 2704.86774240012 1155.84212330022 0

3205 2704.86774240012 1155.84212330022 0

2955 2931.44468915929 1261.49668873539 0
2955 2704.86774240012 1155.84212330022 0

3205 2931.44468915929 1261.49668873539 0
2955 2931.44468915929 1261.49668873539 0

3205 2704.86774240012 1155.84212330022 0
2955 2704.86774240012 1155.84212330022 0

2955 4495.13225759988 -2091.84212330022 0
2955 4268.55531084071 -2197.49668873539 0

3205 4495.13225759988 -2091.84212330022 0
3205 4268.55531084071 -2197.49668873539 0

2955 4495.13225759988 -2091.84212330022 0
3205 4495.13225759988 -2091.84212330022 0

2955 4268.55531084071 -2197.49668873539 0
3205 4268.55531084071 -2197.49668873539 0

2955 2931.44468915929 1261.49668873539 0
2955 2704.86774240012 1155.84212330022 0

2955 4495.13225759988 -2091.84212330022 0
2955 4268.55531084071 -2197.49668873539 0

2955 2931.44468915929 1261.49668873539 0
2955 4495.13225759988 -2091.84212330022 0

2955 2704.86774240012 1155.84212330022 0
2955 4268.55531084071 -2197.49668873539 0

3205 4495.13225759988 -2091.84212330022 0
3205 4268.55531084071 -2197.49668873539 0

3205 2931.44468915929 1261.49668873539 0
3205 2704.86774240012 1155.84212330022 0

3205 4495.13225759988 -2091.84212330022 0
3205 2931.44468915929 1261.49668873539 0

3205 4268.55531084071 -2197.49668873539 0
3205 2704.86774240012 1155.84212330022 0

3205 2931.44468915929 1261.49668873539 0
2955 2931.44468915929 1261.49668873539 0

3205 4495.13225759988 -2091.84212330022 0
2955 4495.13225759988 -2091.84212330022 0

3205 2931.44468915929 1261.49668873539 0
3205 4495.13225759988 -2091.84212330022 0

2955 2931.44468915929 1261.49668873539 0
2955 4495.13225759988 -2091.84212330022 0

3205 4268.55531084071 -2197.49668873539 0
2955 4268.55531084071 -2197.49668873539 0

3205 2704.86774240012 1155.84212330022 0
2955 2704.86774240012 1155.84212330022 0

3205 4268.55531084071 -2197.49668873539 0
3205 2704.86774240012 1155.84212330022 0

2955 4268.55531084071 -2197.49668873539 0
2955 2704.86774240012 1155.84212330022 0

3205 -2704.86774240012 1155.84212330022 0
3205 -2818.15621577971 1208.6694060178 0

3205 -2818.15621577971 1208.6694060178 0
3205 -2874.8004524695 1235.0830473766 0
3205 -2931.44468915929 1261.49668873539 0

3205 -2931.44468915929 1261.49668873539 0

2955 -2704.86774240012 1155.84212330022 0
2955 -2931.44468915929 1261.49668873539 0

3205 -2704.86774240012 1155.84212330022 0
2955 -2704.86774240012 1155.84212330022 0

3205 -2931.44468915929 1261.49668873539 0
2955 -2931.44468915929 1261.49668873539 0

2955 -4268.55531084071 -2197.49668873539 0
2955 -4495.13225759988 -2091.84212330022 0

3205 -4268.55531084071 -2197.49668873539 0
3205 -4495.13225759988 -2091.84212330022 0

2955 -4268.55531084071 -2197.49668873539 0
3205 -4268.55531084071 -2197.49668873539 0

2955 -4495.13225759988 -2091.84212330022 0
3205 -4495.13225759988 -2091.84212330022 0

2955 -2704.86774240012 1155.84212330022 0
2955 -2931.44468915929 1261.49668873539 0

2955 -4268.55531084071 -2197.49668873539 0
2955 -4495.13225759988 -2091.84212330022 0

2955 -2704.86774240012 1155.84212330022 0
2955 -4268.55531084071 -2197.49668873539 0

2955 -2931.44468915929 1261.49668873539 0
2955 -4495.13225759988 -2091.84212330022 0

3205 -4268.55531084071 -2197.49668873539 0
3205 -4495.13225759988 -2091.84212330022 0

3205 -2704.86774240012 1155.84212330022 0
3205 -2931.44468915929 1261.49668873539 0

3205 -4268.55531084071 -2197.49668873539 0
3205 -2704.86774240012 1155.84212330022 0

3205 -4495.13225759988 -2091.84212330022 0
3205 -2931.44468915929 1261.49668873539 0

3205 -2704.86774240012 1155.84212330022 0
2955 -2704.86774240012 1155.84212330022 0

3205 -4268.55531084071 -2197.49668873539 0
2955 -4268.55531084071 -2197.49668873539 0

3205 -2704.86774240012 1155.84212330022 0
3205 -4268.55531084071 -2197.49668873539 0

2955 -2704.86774240012 1155.84212330022 0
2955 -4268.55531084071 -2197.49668873539 0

3205 -4495.13225759988 -2091.84212330022 0
2955 -4495.13225759988 -2091.84212330022 0

3205 -2931.44468915929 1261.49668873539 0
2955 -2931.44468915929 1261.49668873539 0

3205 -4495.13225759988 -2091.84212330022 0
3205 -2931.44468915929 1261.49668873539 0

2955 -4495.13225759988 -2091.84212330022 0
2955 -2931.44468915929 1261.49668873539 0

3312 -2618 -2287 0
3312 -2608 -2287 0

3312 -2608 -2287 0
3312 -2603 -2287 0
3312 -2598 -2287 0

3312 -2598 -2287 0

2848 -2618 -2287 0
2848 -2598 -2287 0

3312 -2618 -2287 0
2848 -2618 -2287 0

3312 -2598 -2287 0
2848 -2598 -2287 0

2848 -2618 3851 0
2848 -2598 3851 0

3312 -2618 3851 0
3312 -2598 3851 0

2848 -2618 3851 0
3312 -2618 3851 0

2848 -2598 3851 0
3312 -2598 3851 0

2848 -2618 -2287 0
2848 -2598 -2287 0

2848 -2618 3851 0
2848 -2598 3851 0

2848 -2618 -2287 0
2848 -2618 3851 0

2848 -2598 -2287 0
2848 -2598 3851 0

3312 -2618 3851 0
3312 -2598 3851 0

3312 -2618 -2287 0
3312 -2598 -2287 0

3312 -2618 3851 0
3312 -2618 -2287 0

3312 -2598 3851 0
3312 -2598 -2287 0

3312 -2618 -2287 0
2848 -2618 -2287 0

3312 -2618 3851 0
2848 -2618 3851 0

3312 -2618 -2287 0
3312 -2618 3851 0

2848 -2618 -2287 0
2848 -2618 3851 0

3312 -2598 3851 0
2848 -2598 3851 0

3312 -2598 -2287 0
2848 -2598 -2287 0

3312 -2598 3851 0
3312 -2598 -2287 0

2848 -2598 3851 0
2848 -2598 -2287 0

2856 -2700.5 -2287 0
2856 -2608 -2287 0

2856 -2608 -2287 0
2856 -2561.75 -2287 0
2856 -2515.5 -2287 0

2856 -2515.5 -2287 0

2836 -2700.5 -2287 0
2836 -2515.5 -2287 0

2856 -2700.5 -2287 0
2836 -2700.5 -2287 0

2856 -2515.5 -2287 0
2836 -2515.5 -2287 0

2836 -2700.5 3851 0
2836 -2515.5 3851 0

2856 -2700.5 3851 0
2856 -2515.5 3851 0

2836 -2700.5 3851 0
2856 -2700.5 3851 0

2836 -2515.5 3851 0
2856 -2515.5 3851 0

2836 -2700.5 -2287 0
2836 -2515.5 -2287 0

2836 -2700.5 3851 0
2836 -2515.5 3851 0

2836 -2700.5 -2287 0
2836 -2700.5 3851 0

2836 -2515.5 -2287 0
2836 -2515.5 3851 0

2856 -2700.5 3851 0
2856 -2515.5 3851 0

2856 -2700.5 -2287 0
2856 -2515.5 -2287 0

2856 -2700.5 3851 0
2856 -2700.5 -2287 0

2856 -2515.5 3851 0
2856 -2515.5 -2287 0

2856 -2700.5 -2287 0
2836 -2700.5 -2287 0

2856 -2700.5 3851 0
2836 -2700.5 3851 0

2856 -2700.5 -2287 0
2856 -2700.5 3851 0

2836 -2700.5 -2287 0
2836 -2700.5 3851 0

2856 -2515.5 3851 0
2836 -2515.5 3851 0

2856 -2515.5 -2287 0
2836 -2515.5 -2287 0

2856 -2515.5 3851 0
2856 -2515.5 -2287 0

2836 -2515.5 3851 0
2836 -2515.5 -2287 0

3324 -2700.5 -2287 0
3324 -2608 -2287 0

3324 -2608 -2287 0
3324 -2561.75 -2287 0
3324 -2515.5 -2287 0

3324 -2515.5 -2287 0

3304 -2700.5 -2287 0
3304 -2515.5 -2287 0

3324 -2700.5 -2287 0
3304 -2700.5 -2287 0

3324 -2515.5 -2287 0
3304 -2515.5 -2287 0

3304 -2700.5 3851 0
3304 -2515.5 3851 0

3324 -2700.5 3851 0
3324 -2515.5 3851 0

3304 -2700.5 3851 0
3324 -2700.5 3851 0

3304 -2515.5 3851 0
3324 -2515.5 3851 0

3304 -2700.5 -2287 0
3304 -2515.5 -2287 0

3304 -2700.5 3851 0
3304 -2515.5 3851 0

3304 -2700.5 -2287 0
3304 -2700.5 3851 0

3304 -2515.5 -2287 0
3304 -2515.5 3851 0

3324 -2700.5 3851 0
3324 -2515.5 3851 0

3324 -2700.5 -2287 0
3324 -2515.5 -2287 0

3324 -2700.5 3851 0
3324 -2700.5 -2287 0

3324 -2515.5 3851 0
3324 -2515.5 -2287 0

3324 -2700.5 -2287 0
3304 -2700.5 -2287 0

3324 -2700.5 3851 0
3304 -2700.5 3851 0

3324 -2700.5 -2287 0
3324 -2700.5 3851 0

3304 -2700.5 -2287 0
3304 -2700.5 3851 0

3324 -2515.5 3851 0
3304 -2515.5 3851 0

3324 -2515.5 -2287 0
3304 -2515.5 -2287 0

3324 -2515.5 3851 0
3324 -2515.5 -2287 0

3304 -2515.5 3851 0
3304 -2515.5 -2287 0

3312 -10 -2287 0
3312 0 -2287 0

3312 0 -2287 0
3312 5 -2287 0
3312 10 -2287 0

3312 10 -2287 0

2848 -10 -2287 0
2848 10 -2287 0

3312 -10 -2287 0
2848 -10 -2287 0

3312 10 -2287 0
2848 10 -2287 0

2848 -10 3851 0
2848 10 3851 0

3312 -10 3851 0
3312 10 3851 0

2848 -10 3851 0
3312 -10 3851 0

2848 10 3851 0
3312 10 3851 0

2848 -10 -2287 0
2848 10 -2287 0

2848 -10 3851 0
2848 10 3851 0

2848 -10 -2287 0
2848 -10 3851 0

2848 10 -2287 0
2848 10 3851 0

3312 -10 3851 0
3312 10 3851 0

3312 -10 -2287 0
3312 10 -2287 0

3312 -10 3851 0
3312 -10 -2287 0

3312 10 3851 0
3312 10 -2287 0

3312 -10 -2287 0
2848 -10 -2287 0

3312 -10 3851 0
2848 -10 3851 0

3312 -10 -2287 0
3312 -10 3851 0

2848 -10 -2287 0
2848 -10 3851 0

3312 10 3851 0
2848 10 3851 0

3312 10 -2287 0
2848 10 -2287 0

3312 10 3851 0
3312 10 -2287 0

2848 10 3851 0
2848 10 -2287 0

2856 -92.5 -2287 0
2856 0 -2287 0

2856 0 -2287 0
2856 46.25 -2287 0
2856 92.5 -2287 0

2856 92.5 -2287 0

2836 -92.5 -2287 0
2836 92.5 -2287 0

2856 -92.5 -2287 0
2836 -92.5 -2287 0

2856 92.5 -2287 0
2836 92.5 -2287 0

2836 -92.5 3851 0
2836 92.5 3851 0

2856 -92.5 3851 0
2856 92.5 3851 0

2836 -92.5 3851 0
2856 -92.5 3851 0

2836 92.5 3851 0
2856 92.5 3851 0

2836 -92.5 -2287 0
2836 92.5 -2287 0

2836 -92.5 3851 0
2836 92.5 3851 0

2836 -92.5 -2287 0
2836 -92.5 3851 0

2836 92.5 -2287 0
2836 92.5 3851 0

2856 -92.5 3851 0
2856 92.5 3851 0

2856 -92.5 -2287 0
2856 92.5 -2287 0

2856 -92.5 3851 0
2856 -92.5 -2287 0

2856 92.5 3851 0
2856 92.5 -2287 0

2856 -92.5 -2287 0
2836 -92.5 -2287 0

2856 -92.5 3851 0
2836 -92.5 3851 0

2856 -92.5 -2287 0
2856 -92.5 3851 0

2836 -92.5 -2287 0
2836 -92.5 3851 0

2856 92.5 3851 0
2836 92.5 3851 0

2856 92.5 -2287 0
2836 92.5 -2287 0

2856 92.5 3851 0
2856 92.5 -2287 0

2836 92.5 3851 0
2836 92.5 -2287 0

3324 -92.5 -2287 0
3324 0 -2287 0

3324 0 -2287 0
3324 46.25 -2287 0
3324 92.5 -2287 0

3324 92.5 -2287 0

3304 -92.5 -2287 0
3304 92.5 -2287 0

3324 -92.5 -2287 0
3304 -92.5 -2287 0

3324 92.5 -2287 0
3304 92.5 -2287 0

3304 -92.5 3851 0
3304 92.5 3851 0

3324 -92.5 3851 0
3324 92.5 3851 0

3304 -92.5 3851 0
3324 -92.5 3851 0

3304 92.5 3851 0
3324 92.5 3851 0

3304 -92.5 -2287 0
3304 92.5 -2287 0

3304 -92.5 3851 0
3304 92.5 3851 0

3304 -92.5 -2287 0
3304 -92.5 3851 0

3304 92.5 -2287 0
3304 92.5 3851 0

3324 -92.5 3851 0
3324 92.5 3851 0

3324 -92.5 -2287 0
3324 92.5 -2287 0

3324 -92.5 3851 0
3324 -92.5 -2287 0

3324 92.5 3851 0
3324 92.5 -2287 0

3324 -92.5 -2287 0
3304 -92.5 -2287 0

3324 -92.5 3851 0
3304 -92.5 3851 0

3324 -92.5 -2287 0
3324 -92.5 3851 0

3304 -92.5 -2287 0
3304 -92.5 3851 0

3324 92.5 3851 0
3304 92.5 3851 0

3324 92.5 -2287 0
3304 92.5 -2287 0

3324 92.5 3851 0
3324 92.5 -2287 0

3304 92.5 3851 0
3304 92.5 -2287 0

3312 2598 -2287 0
3312 2608 -2287 0

3312 2608 -2287 0
3312 2613 -2287 0
3312 2618 -2287 0

3312 2618 -2287 0

2848 2598 -2287 0
2848 2618 -2287 0

3312 2598 -2287 0
2848 2598 -2287 0

3312 2618 -2287 0
2848 2618 -2287 0

2848 2598 3851 0
2848 2618 3851 0

3312 2598 3851 0
3312 2618 3851 0

2848 2598 3851 0
3312 2598 3851 0

2848 2618 3851 0
3312 2618 3851 0

2848 2598 -2287 0
2848 2618 -2287 0

2848 2598 3851 0
2848 2618 3851 0

2848 2598 -2287 0
2848 2598 3851 0

2848 2618 -2287 0
2848 2618 3851 0

3312 2598 3851 0
3312 2618 3851 0

3312 2598 -2287 0
3312 2618 -2287 0

3312 2598 3851 0
3312 2598 -2287 0

3312 2618 3851 0
3312 2618 -2287 0

3312 2598 -2287 0
2848 2598 -2287 0

3312 2598 3851 0
2848 2598 3851 0

3312 2598 -2287 0
3312 2598 3851 0

2848 2598 -2287 0
2848 2598 3851 0

3312 2618 3851 0
2848 2618 3851 0

3312 2618 -2287 0
2848 2618 -2287 0

3312 2618 3851 0
3312 2618 -2287 0

2848 2618 3851 0
2848 2618 -2287 0

2856 2515.5 -2287 0
2856 2608 -2287 0

2856 2608 -2287 0
2856 2654.25 -2287 0
2856 2700.5 -2287 0

2856 2700.5 -2287 0

2836 2515.5 -2287 0
2836 2700.5 -2287 0

2856 2515.5 -2287 0
2836 2515.5 -2287 0

2856 2700.5 -2287 0
2836 2700.5 -2287 0

2836 2515.5 3851 0
2836 2700.5 3851 0

2856 2515.5 3851 0
2856 2700.5 3851 0

2836 2515.5 3851 0
2856 2515.5 3851 0

2836 2700.5 3851 0
2856 2700.5 3851 0

2836 2515.5 -2287 0
2836 2700.5 -2287 0

2836 2515.5 3851 0
2836 2700.5 3851 0

2836 2515.5 -2287 0
2836 2515.5 3851 0

2836 2700.5 -2287 0
2836 2700.5 3851 0

2856 2515.5 3851 0
2856 2700.5 3851 0

2856 2515.5 -2287 0
2856 2700.5 -2287 0

2856 2515.5 3851 0
2856 2515.5 -2287 0

2856 2700.5 3851 0
2856 2700.5 -2287 0

2856 2515.5 -2287 0
2836 2515.5 -2287 0

2856 2515.5 3851 0
2836 2515.5 3851 0

2856 2515.5 -2287 0
2856 2515.5 3851 0

2836 2515.5 -2287 0
2836 2515.5 3851 0

2856 2700.5 3851 0
2836 2700.5 3851 0

2856 2700.5 -2287 0
2836 2700.5 -2287 0

2856 2700.5 3851 0
2856 2700.5 -2287 0

2836 2700.5 3851 0
2836 2700.5 -2287 0

3324 2515.5 -2287 0
3324 2608 -2287 0

3324 2608 -2287 0
3324 2654.25 -2287 0
3324 2700.5 -2287 0

3324 2700.5 -2287 0

3304 2515.5 -2287 0
3304 2700.5 -2287 0

3324 2515.5 -2287 0
3304 2515.5 -2287 0

3324 2700.5 -2287 0
3304 2700.5 -2287 0

3304 2515.5 3851 0
3304 2700.5 3851 0

3324 2515.5 3851 0
3324 2700.5 3851 0

3304 2515.5 3851 0
3324 2515.5 3851 0

3304 2700.5 3851 0
3324 2700.5 3851 0

3304 2515.5 -2287 0
3304 2700.5 -2287 0

3304 2515.5 3851 0
3304 2700.5 3851 0

3304 2515.5 -2287 0
3304 2515.5 3851 0

3304 2700.5 -2287 0
3304 2700.5 3851 0

3324 2515.5 3851 0
3324 2700.5 3851 0

3324 2515.5 -2287 0
3324 2700.5 -2287 0

3324 2515.5 3851 0
3324 2515.5 -2287 0

3324 2700.5 3851 0
3324 2700.5 -2287 0

3324 2515.5 -2287 0
3304 2515.5 -2287 0

3324 2515.5 3851 0
3304 2515.5 3851 0

3324 2515.5 -2287 0
3324 2515.5 3851 0

3304 2515.5 -2287 0
3304 2515.5 3851 0

3324 2700.5 3851 0
3304 2700.5 3851 0

3324 2700.5 -2287 0
3304 2700.5 -2287 0

3324 2700.5 3851 0
3324 2700.5 -2287 0

3304 2700.5 3851 0
3304 2700.5 -2287 0

# end of label='black'
