# Temporary file generated by the 'geomtools::gnuplot_drawer'
# class for visualization.
# label='grey'
645 -4275 -3069 0
645 0 -3069 0

645 0 -3069 0
645 2137.5 -3069 0
645 4275 -3069 0

645 4275 -3069 0

-645 -4275 -3069 0
-645 4275 -3069 0

645 -4275 -3069 0
-645 -4275 -3069 0

645 4275 -3069 0
-645 4275 -3069 0

-645 -4275 3069 0
-645 4275 3069 0

645 -4275 3069 0
645 4275 3069 0

-645 -4275 3069 0
645 -4275 3069 0

-645 4275 3069 0
645 4275 3069 0

-645 -4275 -3069 0
-645 4275 -3069 0

-645 -4275 3069 0
-645 4275 3069 0

-645 -4275 -3069 0
-645 -4275 3069 0

-645 4275 -3069 0
-645 4275 3069 0

645 -4275 3069 0
645 4275 3069 0

645 -4275 -3069 0
645 4275 -3069 0

645 -4275 3069 0
645 -4275 -3069 0

645 4275 3069 0
645 4275 -3069 0

645 -4275 -3069 0
-645 -4275 -3069 0

645 -4275 3069 0
-645 -4275 3069 0

645 -4275 -3069 0
645 -4275 3069 0

-645 -4275 -3069 0
-645 -4275 3069 0

645 4275 3069 0
-645 4275 3069 0

645 4275 -3069 0
-645 4275 -3069 0

645 4275 3069 0
645 4275 -3069 0

-645 4275 3069 0
-645 4275 -3069 0

-645 -4275 3069 0
-645 0 3069 0

-645 0 3069 0
-645 2137.5 3069 0
-645 4275 3069 0

-645 4275 3069 0

-285 -4275 3069 0
-285 4275 3069 0

-645 -4275 3069 0
-285 -4275 3069 0

-645 4275 3069 0
-285 4275 3069 0

-285 -4275 -3069 0
-285 4275 -3069 0

-645 -4275 -3069 0
-645 4275 -3069 0

-285 -4275 -3069 0
-645 -4275 -3069 0

-285 4275 -3069 0
-645 4275 -3069 0

-285 -4275 3069 0
-285 4275 3069 0

-285 -4275 -3069 0
-285 4275 -3069 0

-285 -4275 3069 0
-285 -4275 -3069 0

-285 4275 3069 0
-285 4275 -3069 0

-645 -4275 -3069 0
-645 4275 -3069 0

-645 -4275 3069 0
-645 4275 3069 0

-645 -4275 -3069 0
-645 -4275 3069 0

-645 4275 -3069 0
-645 4275 3069 0

-645 -4275 3069 0
-285 -4275 3069 0

-645 -4275 -3069 0
-285 -4275 -3069 0

-645 -4275 3069 0
-645 -4275 -3069 0

-285 -4275 3069 0
-285 -4275 -3069 0

-645 4275 -3069 0
-285 4275 -3069 0

-645 4275 3069 0
-285 4275 3069 0

-645 4275 -3069 0
-645 4275 3069 0

-285 4275 -3069 0
-285 4275 3069 0

30 -5008 -2469 0
30 -2608 -2469 0

30 -2608 -2469 0
30 -1408 -2469 0
30 -208 -2469 0

30 -208 -2469 0

330 -5008 -2469 0
330 -208 -2469 0

30 -5008 -2469 0
330 -5008 -2469 0

30 -208 -2469 0
330 -208 -2469 0

330 -5008 -3069 0
330 -208 -3069 0

30 -5008 -3069 0
30 -208 -3069 0

330 -5008 -3069 0
30 -5008 -3069 0

330 -208 -3069 0
30 -208 -3069 0

330 -5008 -2469 0
330 -208 -2469 0

330 -5008 -3069 0
330 -208 -3069 0

330 -5008 -2469 0
330 -5008 -3069 0

330 -208 -2469 0
330 -208 -3069 0

30 -5008 -3069 0
30 -208 -3069 0

30 -5008 -2469 0
30 -208 -2469 0

30 -5008 -3069 0
30 -5008 -2469 0

30 -208 -3069 0
30 -208 -2469 0

30 -5008 -2469 0
330 -5008 -2469 0

30 -5008 -3069 0
330 -5008 -3069 0

30 -5008 -2469 0
30 -5008 -3069 0

330 -5008 -2469 0
330 -5008 -3069 0

30 -208 -3069 0
330 -208 -3069 0

30 -208 -2469 0
330 -208 -2469 0

30 -208 -3069 0
30 -208 -2469 0

330 -208 -3069 0
330 -208 -2469 0

30 -2400 -2469 0
30 0 -2469 0

30 0 -2469 0
30 1200 -2469 0
30 2400 -2469 0

30 2400 -2469 0

330 -2400 -2469 0
330 2400 -2469 0

30 -2400 -2469 0
330 -2400 -2469 0

30 2400 -2469 0
330 2400 -2469 0

330 -2400 -3069 0
330 2400 -3069 0

30 -2400 -3069 0
30 2400 -3069 0

330 -2400 -3069 0
30 -2400 -3069 0

330 2400 -3069 0
30 2400 -3069 0

330 -2400 -2469 0
330 2400 -2469 0

330 -2400 -3069 0
330 2400 -3069 0

330 -2400 -2469 0
330 -2400 -3069 0

330 2400 -2469 0
330 2400 -3069 0

30 -2400 -3069 0
30 2400 -3069 0

30 -2400 -2469 0
30 2400 -2469 0

30 -2400 -3069 0
30 -2400 -2469 0

30 2400 -3069 0
30 2400 -2469 0

30 -2400 -2469 0
330 -2400 -2469 0

30 -2400 -3069 0
330 -2400 -3069 0

30 -2400 -2469 0
30 -2400 -3069 0

330 -2400 -2469 0
330 -2400 -3069 0

30 2400 -3069 0
330 2400 -3069 0

30 2400 -2469 0
330 2400 -2469 0

30 2400 -3069 0
30 2400 -2469 0

330 2400 -3069 0
330 2400 -2469 0

30 208 -2469 0
30 2608 -2469 0

30 2608 -2469 0
30 3808 -2469 0
30 5008 -2469 0

30 5008 -2469 0

330 208 -2469 0
330 5008 -2469 0

30 208 -2469 0
330 208 -2469 0

30 5008 -2469 0
330 5008 -2469 0

330 208 -3069 0
330 5008 -3069 0

30 208 -3069 0
30 5008 -3069 0

330 208 -3069 0
30 208 -3069 0

330 5008 -3069 0
30 5008 -3069 0

330 208 -2469 0
330 5008 -2469 0

330 208 -3069 0
330 5008 -3069 0

330 208 -2469 0
330 208 -3069 0

330 5008 -2469 0
330 5008 -3069 0

30 208 -3069 0
30 5008 -3069 0

30 208 -2469 0
30 5008 -2469 0

30 208 -3069 0
30 208 -2469 0

30 5008 -3069 0
30 5008 -2469 0

30 208 -2469 0
330 208 -2469 0

30 208 -3069 0
330 208 -3069 0

30 208 -2469 0
30 208 -3069 0

330 208 -2469 0
330 208 -3069 0

30 5008 -3069 0
330 5008 -3069 0

30 5008 -2469 0
330 5008 -2469 0

30 5008 -3069 0
30 5008 -2469 0

330 5008 -3069 0
330 5008 -2469 0

87.5 -5008 3019 0
87.5 -2608 3019 0

87.5 -2608 3019 0
87.5 -1408 3019 0
87.5 -208 3019 0

87.5 -208 3019 0

272.5 -5008 3019 0
272.5 -208 3019 0

87.5 -5008 3019 0
272.5 -5008 3019 0

87.5 -208 3019 0
272.5 -208 3019 0

272.5 -5008 2519 0
272.5 -208 2519 0

87.5 -5008 2519 0
87.5 -208 2519 0

272.5 -5008 2519 0
87.5 -5008 2519 0

272.5 -208 2519 0
87.5 -208 2519 0

272.5 -5008 3019 0
272.5 -208 3019 0

272.5 -5008 2519 0
272.5 -208 2519 0

272.5 -5008 3019 0
272.5 -5008 2519 0

272.5 -208 3019 0
272.5 -208 2519 0

87.5 -5008 2519 0
87.5 -208 2519 0

87.5 -5008 3019 0
87.5 -208 3019 0

87.5 -5008 2519 0
87.5 -5008 3019 0

87.5 -208 2519 0
87.5 -208 3019 0

87.5 -5008 3019 0
272.5 -5008 3019 0

87.5 -5008 2519 0
272.5 -5008 2519 0

87.5 -5008 3019 0
87.5 -5008 2519 0

272.5 -5008 3019 0
272.5 -5008 2519 0

87.5 -208 2519 0
272.5 -208 2519 0

87.5 -208 3019 0
272.5 -208 3019 0

87.5 -208 2519 0
87.5 -208 3019 0

272.5 -208 2519 0
272.5 -208 3019 0

87.5 -2400 3019 0
87.5 0 3019 0

87.5 0 3019 0
87.5 1200 3019 0
87.5 2400 3019 0

87.5 2400 3019 0

272.5 -2400 3019 0
272.5 2400 3019 0

87.5 -2400 3019 0
272.5 -2400 3019 0

87.5 2400 3019 0
272.5 2400 3019 0

272.5 -2400 2519 0
272.5 2400 2519 0

87.5 -2400 2519 0
87.5 2400 2519 0

272.5 -2400 2519 0
87.5 -2400 2519 0

272.5 2400 2519 0
87.5 2400 2519 0

272.5 -2400 3019 0
272.5 2400 3019 0

272.5 -2400 2519 0
272.5 2400 2519 0

272.5 -2400 3019 0
272.5 -2400 2519 0

272.5 2400 3019 0
272.5 2400 2519 0

87.5 -2400 2519 0
87.5 2400 2519 0

87.5 -2400 3019 0
87.5 2400 3019 0

87.5 -2400 2519 0
87.5 -2400 3019 0

87.5 2400 2519 0
87.5 2400 3019 0

87.5 -2400 3019 0
272.5 -2400 3019 0

87.5 -2400 2519 0
272.5 -2400 2519 0

87.5 -2400 3019 0
87.5 -2400 2519 0

272.5 -2400 3019 0
272.5 -2400 2519 0

87.5 2400 2519 0
272.5 2400 2519 0

87.5 2400 3019 0
272.5 2400 3019 0

87.5 2400 2519 0
87.5 2400 3019 0

272.5 2400 2519 0
272.5 2400 3019 0

87.5 208 3019 0
87.5 2608 3019 0

87.5 2608 3019 0
87.5 3808 3019 0
87.5 5008 3019 0

87.5 5008 3019 0

272.5 208 3019 0
272.5 5008 3019 0

87.5 208 3019 0
272.5 208 3019 0

87.5 5008 3019 0
272.5 5008 3019 0

272.5 208 2519 0
272.5 5008 2519 0

87.5 208 2519 0
87.5 5008 2519 0

272.5 208 2519 0
87.5 208 2519 0

272.5 5008 2519 0
87.5 5008 2519 0

272.5 208 3019 0
272.5 5008 3019 0

272.5 208 2519 0
272.5 5008 2519 0

272.5 208 3019 0
272.5 208 2519 0

272.5 5008 3019 0
272.5 5008 2519 0

87.5 208 2519 0
87.5 5008 2519 0

87.5 208 3019 0
87.5 5008 3019 0

87.5 208 2519 0
87.5 208 3019 0

87.5 5008 2519 0
87.5 5008 3019 0

87.5 208 3019 0
272.5 208 3019 0

87.5 208 2519 0
272.5 208 2519 0

87.5 208 3019 0
87.5 208 2519 0

272.5 208 3019 0
272.5 208 2519 0

87.5 5008 2519 0
272.5 5008 2519 0

87.5 5008 3019 0
272.5 5008 3019 0

87.5 5008 2519 0
87.5 5008 3019 0

272.5 5008 2519 0
272.5 5008 3019 0

# end of label='grey'
