# Temporary file generated by the 'geomtools::gnuplot_drawer'
# class for visualization.
# label='orange'
-966.5 2598 -1698.5 0
-966.5 2431.5 -1698.5 0

-966.5 2431.5 -1698.5 0
-966.5 2348.25 -1698.5 0
-966.5 2265 -1698.5 0

-966.5 2265 -1698.5 0

-953.5 2598 -1698.5 0
-953.5 2265 -1698.5 0

-966.5 2598 -1698.5 0
-953.5 2598 -1698.5 0

-966.5 2265 -1698.5 0
-953.5 2265 -1698.5 0

-953.5 2598 1698.5 0
-953.5 2265 1698.5 0

-966.5 2598 1698.5 0
-966.5 2265 1698.5 0

-953.5 2598 1698.5 0
-966.5 2598 1698.5 0

-953.5 2265 1698.5 0
-966.5 2265 1698.5 0

-953.5 2598 -1698.5 0
-953.5 2265 -1698.5 0

-953.5 2598 1698.5 0
-953.5 2265 1698.5 0

-953.5 2598 -1698.5 0
-953.5 2598 1698.5 0

-953.5 2265 -1698.5 0
-953.5 2265 1698.5 0

-966.5 2598 1698.5 0
-966.5 2265 1698.5 0

-966.5 2598 -1698.5 0
-966.5 2265 -1698.5 0

-966.5 2598 1698.5 0
-966.5 2598 -1698.5 0

-966.5 2265 1698.5 0
-966.5 2265 -1698.5 0

-966.5 2598 -1698.5 0
-953.5 2598 -1698.5 0

-966.5 2598 1698.5 0
-953.5 2598 1698.5 0

-966.5 2598 -1698.5 0
-966.5 2598 1698.5 0

-953.5 2598 -1698.5 0
-953.5 2598 1698.5 0

-966.5 2265 1698.5 0
-953.5 2265 1698.5 0

-966.5 2265 -1698.5 0
-953.5 2265 -1698.5 0

-966.5 2265 1698.5 0
-966.5 2265 -1698.5 0

-953.5 2265 1698.5 0
-953.5 2265 -1698.5 0

-966.5 2165 -1698.5 0
-966.5 1998.5 -1698.5 0

-966.5 1998.5 -1698.5 0
-966.5 1915.25 -1698.5 0
-966.5 1832 -1698.5 0

-966.5 1832 -1698.5 0

-953.5 2165 -1698.5 0
-953.5 1832 -1698.5 0

-966.5 2165 -1698.5 0
-953.5 2165 -1698.5 0

-966.5 1832 -1698.5 0
-953.5 1832 -1698.5 0

-953.5 2165 1698.5 0
-953.5 1832 1698.5 0

-966.5 2165 1698.5 0
-966.5 1832 1698.5 0

-953.5 2165 1698.5 0
-966.5 2165 1698.5 0

-953.5 1832 1698.5 0
-966.5 1832 1698.5 0

-953.5 2165 -1698.5 0
-953.5 1832 -1698.5 0

-953.5 2165 1698.5 0
-953.5 1832 1698.5 0

-953.5 2165 -1698.5 0
-953.5 2165 1698.5 0

-953.5 1832 -1698.5 0
-953.5 1832 1698.5 0

-966.5 2165 1698.5 0
-966.5 1832 1698.5 0

-966.5 2165 -1698.5 0
-966.5 1832 -1698.5 0

-966.5 2165 1698.5 0
-966.5 2165 -1698.5 0

-966.5 1832 1698.5 0
-966.5 1832 -1698.5 0

-966.5 2165 -1698.5 0
-953.5 2165 -1698.5 0

-966.5 2165 1698.5 0
-953.5 2165 1698.5 0

-966.5 2165 -1698.5 0
-966.5 2165 1698.5 0

-953.5 2165 -1698.5 0
-953.5 2165 1698.5 0

-966.5 1832 1698.5 0
-953.5 1832 1698.5 0

-966.5 1832 -1698.5 0
-953.5 1832 -1698.5 0

-966.5 1832 1698.5 0
-966.5 1832 -1698.5 0

-953.5 1832 1698.5 0
-953.5 1832 -1698.5 0

-966.5 1732 -1698.5 0
-966.5 1565.5 -1698.5 0

-966.5 1565.5 -1698.5 0
-966.5 1482.25 -1698.5 0
-966.5 1399 -1698.5 0

-966.5 1399 -1698.5 0

-953.5 1732 -1698.5 0
-953.5 1399 -1698.5 0

-966.5 1732 -1698.5 0
-953.5 1732 -1698.5 0

-966.5 1399 -1698.5 0
-953.5 1399 -1698.5 0

-953.5 1732 1698.5 0
-953.5 1399 1698.5 0

-966.5 1732 1698.5 0
-966.5 1399 1698.5 0

-953.5 1732 1698.5 0
-966.5 1732 1698.5 0

-953.5 1399 1698.5 0
-966.5 1399 1698.5 0

-953.5 1732 -1698.5 0
-953.5 1399 -1698.5 0

-953.5 1732 1698.5 0
-953.5 1399 1698.5 0

-953.5 1732 -1698.5 0
-953.5 1732 1698.5 0

-953.5 1399 -1698.5 0
-953.5 1399 1698.5 0

-966.5 1732 1698.5 0
-966.5 1399 1698.5 0

-966.5 1732 -1698.5 0
-966.5 1399 -1698.5 0

-966.5 1732 1698.5 0
-966.5 1732 -1698.5 0

-966.5 1399 1698.5 0
-966.5 1399 -1698.5 0

-966.5 1732 -1698.5 0
-953.5 1732 -1698.5 0

-966.5 1732 1698.5 0
-953.5 1732 1698.5 0

-966.5 1732 -1698.5 0
-966.5 1732 1698.5 0

-953.5 1732 -1698.5 0
-953.5 1732 1698.5 0

-966.5 1399 1698.5 0
-953.5 1399 1698.5 0

-966.5 1399 -1698.5 0
-953.5 1399 -1698.5 0

-966.5 1399 1698.5 0
-966.5 1399 -1698.5 0

-953.5 1399 1698.5 0
-953.5 1399 -1698.5 0

-966.5 1299 -1698.5 0
-966.5 1132.5 -1698.5 0

-966.5 1132.5 -1698.5 0
-966.5 1049.25 -1698.5 0
-966.5 966 -1698.5 0

-966.5 966 -1698.5 0

-953.5 1299 -1698.5 0
-953.5 966 -1698.5 0

-966.5 1299 -1698.5 0
-953.5 1299 -1698.5 0

-966.5 966 -1698.5 0
-953.5 966 -1698.5 0

-953.5 1299 1698.5 0
-953.5 966 1698.5 0

-966.5 1299 1698.5 0
-966.5 966 1698.5 0

-953.5 1299 1698.5 0
-966.5 1299 1698.5 0

-953.5 966 1698.5 0
-966.5 966 1698.5 0

-953.5 1299 -1698.5 0
-953.5 966 -1698.5 0

-953.5 1299 1698.5 0
-953.5 966 1698.5 0

-953.5 1299 -1698.5 0
-953.5 1299 1698.5 0

-953.5 966 -1698.5 0
-953.5 966 1698.5 0

-966.5 1299 1698.5 0
-966.5 966 1698.5 0

-966.5 1299 -1698.5 0
-966.5 966 -1698.5 0

-966.5 1299 1698.5 0
-966.5 1299 -1698.5 0

-966.5 966 1698.5 0
-966.5 966 -1698.5 0

-966.5 1299 -1698.5 0
-953.5 1299 -1698.5 0

-966.5 1299 1698.5 0
-953.5 1299 1698.5 0

-966.5 1299 -1698.5 0
-966.5 1299 1698.5 0

-953.5 1299 -1698.5 0
-953.5 1299 1698.5 0

-966.5 966 1698.5 0
-953.5 966 1698.5 0

-966.5 966 -1698.5 0
-953.5 966 -1698.5 0

-966.5 966 1698.5 0
-966.5 966 -1698.5 0

-953.5 966 1698.5 0
-953.5 966 -1698.5 0

-966.5 866 -1698.5 0
-966.5 699.5 -1698.5 0

-966.5 699.5 -1698.5 0
-966.5 616.25 -1698.5 0
-966.5 533 -1698.5 0

-966.5 533 -1698.5 0

-953.5 866 -1698.5 0
-953.5 533 -1698.5 0

-966.5 866 -1698.5 0
-953.5 866 -1698.5 0

-966.5 533 -1698.5 0
-953.5 533 -1698.5 0

-953.5 866 1698.5 0
-953.5 533 1698.5 0

-966.5 866 1698.5 0
-966.5 533 1698.5 0

-953.5 866 1698.5 0
-966.5 866 1698.5 0

-953.5 533 1698.5 0
-966.5 533 1698.5 0

-953.5 866 -1698.5 0
-953.5 533 -1698.5 0

-953.5 866 1698.5 0
-953.5 533 1698.5 0

-953.5 866 -1698.5 0
-953.5 866 1698.5 0

-953.5 533 -1698.5 0
-953.5 533 1698.5 0

-966.5 866 1698.5 0
-966.5 533 1698.5 0

-966.5 866 -1698.5 0
-966.5 533 -1698.5 0

-966.5 866 1698.5 0
-966.5 866 -1698.5 0

-966.5 533 1698.5 0
-966.5 533 -1698.5 0

-966.5 866 -1698.5 0
-953.5 866 -1698.5 0

-966.5 866 1698.5 0
-953.5 866 1698.5 0

-966.5 866 -1698.5 0
-966.5 866 1698.5 0

-953.5 866 -1698.5 0
-953.5 866 1698.5 0

-966.5 533 1698.5 0
-953.5 533 1698.5 0

-966.5 533 -1698.5 0
-953.5 533 -1698.5 0

-966.5 533 1698.5 0
-966.5 533 -1698.5 0

-953.5 533 1698.5 0
-953.5 533 -1698.5 0

-966.5 433 -1698.5 0
-966.5 266.5 -1698.5 0

-966.5 266.5 -1698.5 0
-966.5 183.25 -1698.5 0
-966.5 100 -1698.5 0

-966.5 100 -1698.5 0

-953.5 433 -1698.5 0
-953.5 100 -1698.5 0

-966.5 433 -1698.5 0
-953.5 433 -1698.5 0

-966.5 100 -1698.5 0
-953.5 100 -1698.5 0

-953.5 433 1698.5 0
-953.5 100 1698.5 0

-966.5 433 1698.5 0
-966.5 100 1698.5 0

-953.5 433 1698.5 0
-966.5 433 1698.5 0

-953.5 100 1698.5 0
-966.5 100 1698.5 0

-953.5 433 -1698.5 0
-953.5 100 -1698.5 0

-953.5 433 1698.5 0
-953.5 100 1698.5 0

-953.5 433 -1698.5 0
-953.5 433 1698.5 0

-953.5 100 -1698.5 0
-953.5 100 1698.5 0

-966.5 433 1698.5 0
-966.5 100 1698.5 0

-966.5 433 -1698.5 0
-966.5 100 -1698.5 0

-966.5 433 1698.5 0
-966.5 433 -1698.5 0

-966.5 100 1698.5 0
-966.5 100 -1698.5 0

-966.5 433 -1698.5 0
-953.5 433 -1698.5 0

-966.5 433 1698.5 0
-953.5 433 1698.5 0

-966.5 433 -1698.5 0
-966.5 433 1698.5 0

-953.5 433 -1698.5 0
-953.5 433 1698.5 0

-966.5 100 1698.5 0
-953.5 100 1698.5 0

-966.5 100 -1698.5 0
-953.5 100 -1698.5 0

-966.5 100 1698.5 0
-966.5 100 -1698.5 0

-953.5 100 1698.5 0
-953.5 100 -1698.5 0

-966.5 0 -1698.5 0
-966.5 -166.5 -1698.5 0

-966.5 -166.5 -1698.5 0
-966.5 -249.75 -1698.5 0
-966.5 -333 -1698.5 0

-966.5 -333 -1698.5 0

-953.5 0 -1698.5 0
-953.5 -333 -1698.5 0

-966.5 0 -1698.5 0
-953.5 0 -1698.5 0

-966.5 -333 -1698.5 0
-953.5 -333 -1698.5 0

-953.5 0 1698.5 0
-953.5 -333 1698.5 0

-966.5 0 1698.5 0
-966.5 -333 1698.5 0

-953.5 0 1698.5 0
-966.5 0 1698.5 0

-953.5 -333 1698.5 0
-966.5 -333 1698.5 0

-953.5 0 -1698.5 0
-953.5 -333 -1698.5 0

-953.5 0 1698.5 0
-953.5 -333 1698.5 0

-953.5 0 -1698.5 0
-953.5 0 1698.5 0

-953.5 -333 -1698.5 0
-953.5 -333 1698.5 0

-966.5 0 1698.5 0
-966.5 -333 1698.5 0

-966.5 0 -1698.5 0
-966.5 -333 -1698.5 0

-966.5 0 1698.5 0
-966.5 0 -1698.5 0

-966.5 -333 1698.5 0
-966.5 -333 -1698.5 0

-966.5 0 -1698.5 0
-953.5 0 -1698.5 0

-966.5 0 1698.5 0
-953.5 0 1698.5 0

-966.5 0 -1698.5 0
-966.5 0 1698.5 0

-953.5 0 -1698.5 0
-953.5 0 1698.5 0

-966.5 -333 1698.5 0
-953.5 -333 1698.5 0

-966.5 -333 -1698.5 0
-953.5 -333 -1698.5 0

-966.5 -333 1698.5 0
-966.5 -333 -1698.5 0

-953.5 -333 1698.5 0
-953.5 -333 -1698.5 0

-966.5 -433 -1698.5 0
-966.5 -599.5 -1698.5 0

-966.5 -599.5 -1698.5 0
-966.5 -682.75 -1698.5 0
-966.5 -766 -1698.5 0

-966.5 -766 -1698.5 0

-953.5 -433 -1698.5 0
-953.5 -766 -1698.5 0

-966.5 -433 -1698.5 0
-953.5 -433 -1698.5 0

-966.5 -766 -1698.5 0
-953.5 -766 -1698.5 0

-953.5 -433 1698.5 0
-953.5 -766 1698.5 0

-966.5 -433 1698.5 0
-966.5 -766 1698.5 0

-953.5 -433 1698.5 0
-966.5 -433 1698.5 0

-953.5 -766 1698.5 0
-966.5 -766 1698.5 0

-953.5 -433 -1698.5 0
-953.5 -766 -1698.5 0

-953.5 -433 1698.5 0
-953.5 -766 1698.5 0

-953.5 -433 -1698.5 0
-953.5 -433 1698.5 0

-953.5 -766 -1698.5 0
-953.5 -766 1698.5 0

-966.5 -433 1698.5 0
-966.5 -766 1698.5 0

-966.5 -433 -1698.5 0
-966.5 -766 -1698.5 0

-966.5 -433 1698.5 0
-966.5 -433 -1698.5 0

-966.5 -766 1698.5 0
-966.5 -766 -1698.5 0

-966.5 -433 -1698.5 0
-953.5 -433 -1698.5 0

-966.5 -433 1698.5 0
-953.5 -433 1698.5 0

-966.5 -433 -1698.5 0
-966.5 -433 1698.5 0

-953.5 -433 -1698.5 0
-953.5 -433 1698.5 0

-966.5 -766 1698.5 0
-953.5 -766 1698.5 0

-966.5 -766 -1698.5 0
-953.5 -766 -1698.5 0

-966.5 -766 1698.5 0
-966.5 -766 -1698.5 0

-953.5 -766 1698.5 0
-953.5 -766 -1698.5 0

-966.5 -866 -1698.5 0
-966.5 -1032.5 -1698.5 0

-966.5 -1032.5 -1698.5 0
-966.5 -1115.75 -1698.5 0
-966.5 -1199 -1698.5 0

-966.5 -1199 -1698.5 0

-953.5 -866 -1698.5 0
-953.5 -1199 -1698.5 0

-966.5 -866 -1698.5 0
-953.5 -866 -1698.5 0

-966.5 -1199 -1698.5 0
-953.5 -1199 -1698.5 0

-953.5 -866 1698.5 0
-953.5 -1199 1698.5 0

-966.5 -866 1698.5 0
-966.5 -1199 1698.5 0

-953.5 -866 1698.5 0
-966.5 -866 1698.5 0

-953.5 -1199 1698.5 0
-966.5 -1199 1698.5 0

-953.5 -866 -1698.5 0
-953.5 -1199 -1698.5 0

-953.5 -866 1698.5 0
-953.5 -1199 1698.5 0

-953.5 -866 -1698.5 0
-953.5 -866 1698.5 0

-953.5 -1199 -1698.5 0
-953.5 -1199 1698.5 0

-966.5 -866 1698.5 0
-966.5 -1199 1698.5 0

-966.5 -866 -1698.5 0
-966.5 -1199 -1698.5 0

-966.5 -866 1698.5 0
-966.5 -866 -1698.5 0

-966.5 -1199 1698.5 0
-966.5 -1199 -1698.5 0

-966.5 -866 -1698.5 0
-953.5 -866 -1698.5 0

-966.5 -866 1698.5 0
-953.5 -866 1698.5 0

-966.5 -866 -1698.5 0
-966.5 -866 1698.5 0

-953.5 -866 -1698.5 0
-953.5 -866 1698.5 0

-966.5 -1199 1698.5 0
-953.5 -1199 1698.5 0

-966.5 -1199 -1698.5 0
-953.5 -1199 -1698.5 0

-966.5 -1199 1698.5 0
-966.5 -1199 -1698.5 0

-953.5 -1199 1698.5 0
-953.5 -1199 -1698.5 0

-966.5 -1299 -1698.5 0
-966.5 -1465.5 -1698.5 0

-966.5 -1465.5 -1698.5 0
-966.5 -1548.75 -1698.5 0
-966.5 -1632 -1698.5 0

-966.5 -1632 -1698.5 0

-953.5 -1299 -1698.5 0
-953.5 -1632 -1698.5 0

-966.5 -1299 -1698.5 0
-953.5 -1299 -1698.5 0

-966.5 -1632 -1698.5 0
-953.5 -1632 -1698.5 0

-953.5 -1299 1698.5 0
-953.5 -1632 1698.5 0

-966.5 -1299 1698.5 0
-966.5 -1632 1698.5 0

-953.5 -1299 1698.5 0
-966.5 -1299 1698.5 0

-953.5 -1632 1698.5 0
-966.5 -1632 1698.5 0

-953.5 -1299 -1698.5 0
-953.5 -1632 -1698.5 0

-953.5 -1299 1698.5 0
-953.5 -1632 1698.5 0

-953.5 -1299 -1698.5 0
-953.5 -1299 1698.5 0

-953.5 -1632 -1698.5 0
-953.5 -1632 1698.5 0

-966.5 -1299 1698.5 0
-966.5 -1632 1698.5 0

-966.5 -1299 -1698.5 0
-966.5 -1632 -1698.5 0

-966.5 -1299 1698.5 0
-966.5 -1299 -1698.5 0

-966.5 -1632 1698.5 0
-966.5 -1632 -1698.5 0

-966.5 -1299 -1698.5 0
-953.5 -1299 -1698.5 0

-966.5 -1299 1698.5 0
-953.5 -1299 1698.5 0

-966.5 -1299 -1698.5 0
-966.5 -1299 1698.5 0

-953.5 -1299 -1698.5 0
-953.5 -1299 1698.5 0

-966.5 -1632 1698.5 0
-953.5 -1632 1698.5 0

-966.5 -1632 -1698.5 0
-953.5 -1632 -1698.5 0

-966.5 -1632 1698.5 0
-966.5 -1632 -1698.5 0

-953.5 -1632 1698.5 0
-953.5 -1632 -1698.5 0

-966.5 -1732 -1698.5 0
-966.5 -1898.5 -1698.5 0

-966.5 -1898.5 -1698.5 0
-966.5 -1981.75 -1698.5 0
-966.5 -2065 -1698.5 0

-966.5 -2065 -1698.5 0

-953.5 -1732 -1698.5 0
-953.5 -2065 -1698.5 0

-966.5 -1732 -1698.5 0
-953.5 -1732 -1698.5 0

-966.5 -2065 -1698.5 0
-953.5 -2065 -1698.5 0

-953.5 -1732 1698.5 0
-953.5 -2065 1698.5 0

-966.5 -1732 1698.5 0
-966.5 -2065 1698.5 0

-953.5 -1732 1698.5 0
-966.5 -1732 1698.5 0

-953.5 -2065 1698.5 0
-966.5 -2065 1698.5 0

-953.5 -1732 -1698.5 0
-953.5 -2065 -1698.5 0

-953.5 -1732 1698.5 0
-953.5 -2065 1698.5 0

-953.5 -1732 -1698.5 0
-953.5 -1732 1698.5 0

-953.5 -2065 -1698.5 0
-953.5 -2065 1698.5 0

-966.5 -1732 1698.5 0
-966.5 -2065 1698.5 0

-966.5 -1732 -1698.5 0
-966.5 -2065 -1698.5 0

-966.5 -1732 1698.5 0
-966.5 -1732 -1698.5 0

-966.5 -2065 1698.5 0
-966.5 -2065 -1698.5 0

-966.5 -1732 -1698.5 0
-953.5 -1732 -1698.5 0

-966.5 -1732 1698.5 0
-953.5 -1732 1698.5 0

-966.5 -1732 -1698.5 0
-966.5 -1732 1698.5 0

-953.5 -1732 -1698.5 0
-953.5 -1732 1698.5 0

-966.5 -2065 1698.5 0
-953.5 -2065 1698.5 0

-966.5 -2065 -1698.5 0
-953.5 -2065 -1698.5 0

-966.5 -2065 1698.5 0
-966.5 -2065 -1698.5 0

-953.5 -2065 1698.5 0
-953.5 -2065 -1698.5 0

-966.5 -2165 -1698.5 0
-966.5 -2331.5 -1698.5 0

-966.5 -2331.5 -1698.5 0
-966.5 -2414.75 -1698.5 0
-966.5 -2498 -1698.5 0

-966.5 -2498 -1698.5 0

-953.5 -2165 -1698.5 0
-953.5 -2498 -1698.5 0

-966.5 -2165 -1698.5 0
-953.5 -2165 -1698.5 0

-966.5 -2498 -1698.5 0
-953.5 -2498 -1698.5 0

-953.5 -2165 1698.5 0
-953.5 -2498 1698.5 0

-966.5 -2165 1698.5 0
-966.5 -2498 1698.5 0

-953.5 -2165 1698.5 0
-966.5 -2165 1698.5 0

-953.5 -2498 1698.5 0
-966.5 -2498 1698.5 0

-953.5 -2165 -1698.5 0
-953.5 -2498 -1698.5 0

-953.5 -2165 1698.5 0
-953.5 -2498 1698.5 0

-953.5 -2165 -1698.5 0
-953.5 -2165 1698.5 0

-953.5 -2498 -1698.5 0
-953.5 -2498 1698.5 0

-966.5 -2165 1698.5 0
-966.5 -2498 1698.5 0

-966.5 -2165 -1698.5 0
-966.5 -2498 -1698.5 0

-966.5 -2165 1698.5 0
-966.5 -2165 -1698.5 0

-966.5 -2498 1698.5 0
-966.5 -2498 -1698.5 0

-966.5 -2165 -1698.5 0
-953.5 -2165 -1698.5 0

-966.5 -2165 1698.5 0
-953.5 -2165 1698.5 0

-966.5 -2165 -1698.5 0
-966.5 -2165 1698.5 0

-953.5 -2165 -1698.5 0
-953.5 -2165 1698.5 0

-966.5 -2498 1698.5 0
-953.5 -2498 1698.5 0

-966.5 -2498 -1698.5 0
-953.5 -2498 -1698.5 0

-966.5 -2498 1698.5 0
-966.5 -2498 -1698.5 0

-953.5 -2498 1698.5 0
-953.5 -2498 -1698.5 0

# end of label='orange'
