# Temporary file generated by the 'geomtools::gnuplot_drawer'
# class for visualization.
# label='green'
645 -2595.25 -3039 0
180 -2595.25 -3039 0

180 -2595.25 -3039 0
-52.5 -2595.25 -3039 0
-285 -2595.25 -3039 0

-285 -2595.25 -3039 0

645 -2620.75 -3039 0
-285 -2620.75 -3039 0

645 -2595.25 -3039 0
645 -2620.75 -3039 0

-285 -2595.25 -3039 0
-285 -2620.75 -3039 0

645 -2620.75 -2499 0
-285 -2620.75 -2499 0

645 -2595.25 -2499 0
-285 -2595.25 -2499 0

645 -2620.75 -2499 0
645 -2595.25 -2499 0

-285 -2620.75 -2499 0
-285 -2595.25 -2499 0

645 -2620.75 -3039 0
-285 -2620.75 -3039 0

645 -2620.75 -2499 0
-285 -2620.75 -2499 0

645 -2620.75 -3039 0
645 -2620.75 -2499 0

-285 -2620.75 -3039 0
-285 -2620.75 -2499 0

645 -2595.25 -2499 0
-285 -2595.25 -2499 0

645 -2595.25 -3039 0
-285 -2595.25 -3039 0

645 -2595.25 -2499 0
645 -2595.25 -3039 0

-285 -2595.25 -2499 0
-285 -2595.25 -3039 0

645 -2595.25 -3039 0
645 -2620.75 -3039 0

645 -2595.25 -2499 0
645 -2620.75 -2499 0

645 -2595.25 -3039 0
645 -2595.25 -2499 0

645 -2620.75 -3039 0
645 -2620.75 -2499 0

-285 -2595.25 -2499 0
-285 -2620.75 -2499 0

-285 -2595.25 -3039 0
-285 -2620.75 -3039 0

-285 -2595.25 -2499 0
-285 -2595.25 -3039 0

-285 -2620.75 -2499 0
-285 -2620.75 -3039 0

645 -2458 -3069 0
180 -2458 -3069 0

180 -2458 -3069 0
-52.5 -2458 -3069 0
-285 -2458 -3069 0

-285 -2458 -3069 0

645 -2758 -3069 0
-285 -2758 -3069 0

645 -2458 -3069 0
645 -2758 -3069 0

-285 -2458 -3069 0
-285 -2758 -3069 0

645 -2758 -3039 0
-285 -2758 -3039 0

645 -2458 -3039 0
-285 -2458 -3039 0

645 -2758 -3039 0
645 -2458 -3039 0

-285 -2758 -3039 0
-285 -2458 -3039 0

645 -2758 -3069 0
-285 -2758 -3069 0

645 -2758 -3039 0
-285 -2758 -3039 0

645 -2758 -3069 0
645 -2758 -3039 0

-285 -2758 -3069 0
-285 -2758 -3039 0

645 -2458 -3039 0
-285 -2458 -3039 0

645 -2458 -3069 0
-285 -2458 -3069 0

645 -2458 -3039 0
645 -2458 -3069 0

-285 -2458 -3039 0
-285 -2458 -3069 0

645 -2458 -3069 0
645 -2758 -3069 0

645 -2458 -3039 0
645 -2758 -3039 0

645 -2458 -3069 0
645 -2458 -3039 0

645 -2758 -3069 0
645 -2758 -3039 0

-285 -2458 -3039 0
-285 -2758 -3039 0

-285 -2458 -3069 0
-285 -2758 -3069 0

-285 -2458 -3039 0
-285 -2458 -3069 0

-285 -2758 -3039 0
-285 -2758 -3069 0

645 -2458 -2499 0
180 -2458 -2499 0

180 -2458 -2499 0
-52.5 -2458 -2499 0
-285 -2458 -2499 0

-285 -2458 -2499 0

645 -2758 -2499 0
-285 -2758 -2499 0

645 -2458 -2499 0
645 -2758 -2499 0

-285 -2458 -2499 0
-285 -2758 -2499 0

645 -2758 -2469 0
-285 -2758 -2469 0

645 -2458 -2469 0
-285 -2458 -2469 0

645 -2758 -2469 0
645 -2458 -2469 0

-285 -2758 -2469 0
-285 -2458 -2469 0

645 -2758 -2499 0
-285 -2758 -2499 0

645 -2758 -2469 0
-285 -2758 -2469 0

645 -2758 -2499 0
645 -2758 -2469 0

-285 -2758 -2499 0
-285 -2758 -2469 0

645 -2458 -2469 0
-285 -2458 -2469 0

645 -2458 -2499 0
-285 -2458 -2499 0

645 -2458 -2469 0
645 -2458 -2499 0

-285 -2458 -2469 0
-285 -2458 -2499 0

645 -2458 -2499 0
645 -2758 -2499 0

645 -2458 -2469 0
645 -2758 -2469 0

645 -2458 -2499 0
645 -2458 -2469 0

645 -2758 -2499 0
645 -2758 -2469 0

-285 -2458 -2469 0
-285 -2758 -2469 0

-285 -2458 -2499 0
-285 -2758 -2499 0

-285 -2458 -2469 0
-285 -2458 -2499 0

-285 -2758 -2469 0
-285 -2758 -2499 0

645 12.75 -3039 0
180 12.75 -3039 0

180 12.75 -3039 0
-52.5 12.75 -3039 0
-285 12.75 -3039 0

-285 12.75 -3039 0

645 -12.75 -3039 0
-285 -12.75 -3039 0

645 12.75 -3039 0
645 -12.75 -3039 0

-285 12.75 -3039 0
-285 -12.75 -3039 0

645 -12.75 -2499 0
-285 -12.75 -2499 0

645 12.75 -2499 0
-285 12.75 -2499 0

645 -12.75 -2499 0
645 12.75 -2499 0

-285 -12.75 -2499 0
-285 12.75 -2499 0

645 -12.75 -3039 0
-285 -12.75 -3039 0

645 -12.75 -2499 0
-285 -12.75 -2499 0

645 -12.75 -3039 0
645 -12.75 -2499 0

-285 -12.75 -3039 0
-285 -12.75 -2499 0

645 12.75 -2499 0
-285 12.75 -2499 0

645 12.75 -3039 0
-285 12.75 -3039 0

645 12.75 -2499 0
645 12.75 -3039 0

-285 12.75 -2499 0
-285 12.75 -3039 0

645 12.75 -3039 0
645 -12.75 -3039 0

645 12.75 -2499 0
645 -12.75 -2499 0

645 12.75 -3039 0
645 12.75 -2499 0

645 -12.75 -3039 0
645 -12.75 -2499 0

-285 12.75 -2499 0
-285 -12.75 -2499 0

-285 12.75 -3039 0
-285 -12.75 -3039 0

-285 12.75 -2499 0
-285 12.75 -3039 0

-285 -12.75 -2499 0
-285 -12.75 -3039 0

645 150 -3069 0
180 150 -3069 0

180 150 -3069 0
-52.5 150 -3069 0
-285 150 -3069 0

-285 150 -3069 0

645 -150 -3069 0
-285 -150 -3069 0

645 150 -3069 0
645 -150 -3069 0

-285 150 -3069 0
-285 -150 -3069 0

645 -150 -3039 0
-285 -150 -3039 0

645 150 -3039 0
-285 150 -3039 0

645 -150 -3039 0
645 150 -3039 0

-285 -150 -3039 0
-285 150 -3039 0

645 -150 -3069 0
-285 -150 -3069 0

645 -150 -3039 0
-285 -150 -3039 0

645 -150 -3069 0
645 -150 -3039 0

-285 -150 -3069 0
-285 -150 -3039 0

645 150 -3039 0
-285 150 -3039 0

645 150 -3069 0
-285 150 -3069 0

645 150 -3039 0
645 150 -3069 0

-285 150 -3039 0
-285 150 -3069 0

645 150 -3069 0
645 -150 -3069 0

645 150 -3039 0
645 -150 -3039 0

645 150 -3069 0
645 150 -3039 0

645 -150 -3069 0
645 -150 -3039 0

-285 150 -3039 0
-285 -150 -3039 0

-285 150 -3069 0
-285 -150 -3069 0

-285 150 -3039 0
-285 150 -3069 0

-285 -150 -3039 0
-285 -150 -3069 0

645 150 -2499 0
180 150 -2499 0

180 150 -2499 0
-52.5 150 -2499 0
-285 150 -2499 0

-285 150 -2499 0

645 -150 -2499 0
-285 -150 -2499 0

645 150 -2499 0
645 -150 -2499 0

-285 150 -2499 0
-285 -150 -2499 0

645 -150 -2469 0
-285 -150 -2469 0

645 150 -2469 0
-285 150 -2469 0

645 -150 -2469 0
645 150 -2469 0

-285 -150 -2469 0
-285 150 -2469 0

645 -150 -2499 0
-285 -150 -2499 0

645 -150 -2469 0
-285 -150 -2469 0

645 -150 -2499 0
645 -150 -2469 0

-285 -150 -2499 0
-285 -150 -2469 0

645 150 -2469 0
-285 150 -2469 0

645 150 -2499 0
-285 150 -2499 0

645 150 -2469 0
645 150 -2499 0

-285 150 -2469 0
-285 150 -2499 0

645 150 -2499 0
645 -150 -2499 0

645 150 -2469 0
645 -150 -2469 0

645 150 -2499 0
645 150 -2469 0

645 -150 -2499 0
645 -150 -2469 0

-285 150 -2469 0
-285 -150 -2469 0

-285 150 -2499 0
-285 -150 -2499 0

-285 150 -2469 0
-285 150 -2499 0

-285 -150 -2469 0
-285 -150 -2499 0

645 2620.75 -3039 0
180 2620.75 -3039 0

180 2620.75 -3039 0
-52.5 2620.75 -3039 0
-285 2620.75 -3039 0

-285 2620.75 -3039 0

645 2595.25 -3039 0
-285 2595.25 -3039 0

645 2620.75 -3039 0
645 2595.25 -3039 0

-285 2620.75 -3039 0
-285 2595.25 -3039 0

645 2595.25 -2499 0
-285 2595.25 -2499 0

645 2620.75 -2499 0
-285 2620.75 -2499 0

645 2595.25 -2499 0
645 2620.75 -2499 0

-285 2595.25 -2499 0
-285 2620.75 -2499 0

645 2595.25 -3039 0
-285 2595.25 -3039 0

645 2595.25 -2499 0
-285 2595.25 -2499 0

645 2595.25 -3039 0
645 2595.25 -2499 0

-285 2595.25 -3039 0
-285 2595.25 -2499 0

645 2620.75 -2499 0
-285 2620.75 -2499 0

645 2620.75 -3039 0
-285 2620.75 -3039 0

645 2620.75 -2499 0
645 2620.75 -3039 0

-285 2620.75 -2499 0
-285 2620.75 -3039 0

645 2620.75 -3039 0
645 2595.25 -3039 0

645 2620.75 -2499 0
645 2595.25 -2499 0

645 2620.75 -3039 0
645 2620.75 -2499 0

645 2595.25 -3039 0
645 2595.25 -2499 0

-285 2620.75 -2499 0
-285 2595.25 -2499 0

-285 2620.75 -3039 0
-285 2595.25 -3039 0

-285 2620.75 -2499 0
-285 2620.75 -3039 0

-285 2595.25 -2499 0
-285 2595.25 -3039 0

645 2758 -3069 0
180 2758 -3069 0

180 2758 -3069 0
-52.5 2758 -3069 0
-285 2758 -3069 0

-285 2758 -3069 0

645 2458 -3069 0
-285 2458 -3069 0

645 2758 -3069 0
645 2458 -3069 0

-285 2758 -3069 0
-285 2458 -3069 0

645 2458 -3039 0
-285 2458 -3039 0

645 2758 -3039 0
-285 2758 -3039 0

645 2458 -3039 0
645 2758 -3039 0

-285 2458 -3039 0
-285 2758 -3039 0

645 2458 -3069 0
-285 2458 -3069 0

645 2458 -3039 0
-285 2458 -3039 0

645 2458 -3069 0
645 2458 -3039 0

-285 2458 -3069 0
-285 2458 -3039 0

645 2758 -3039 0
-285 2758 -3039 0

645 2758 -3069 0
-285 2758 -3069 0

645 2758 -3039 0
645 2758 -3069 0

-285 2758 -3039 0
-285 2758 -3069 0

645 2758 -3069 0
645 2458 -3069 0

645 2758 -3039 0
645 2458 -3039 0

645 2758 -3069 0
645 2758 -3039 0

645 2458 -3069 0
645 2458 -3039 0

-285 2758 -3039 0
-285 2458 -3039 0

-285 2758 -3069 0
-285 2458 -3069 0

-285 2758 -3039 0
-285 2758 -3069 0

-285 2458 -3039 0
-285 2458 -3069 0

645 2758 -2499 0
180 2758 -2499 0

180 2758 -2499 0
-52.5 2758 -2499 0
-285 2758 -2499 0

-285 2758 -2499 0

645 2458 -2499 0
-285 2458 -2499 0

645 2758 -2499 0
645 2458 -2499 0

-285 2758 -2499 0
-285 2458 -2499 0

645 2458 -2469 0
-285 2458 -2469 0

645 2758 -2469 0
-285 2758 -2469 0

645 2458 -2469 0
645 2758 -2469 0

-285 2458 -2469 0
-285 2758 -2469 0

645 2458 -2499 0
-285 2458 -2499 0

645 2458 -2469 0
-285 2458 -2469 0

645 2458 -2499 0
645 2458 -2469 0

-285 2458 -2499 0
-285 2458 -2469 0

645 2758 -2469 0
-285 2758 -2469 0

645 2758 -2499 0
-285 2758 -2499 0

645 2758 -2469 0
645 2758 -2499 0

-285 2758 -2469 0
-285 2758 -2499 0

645 2758 -2499 0
645 2458 -2499 0

645 2758 -2469 0
645 2458 -2469 0

645 2758 -2499 0
645 2758 -2469 0

645 2458 -2499 0
645 2458 -2469 0

-285 2758 -2469 0
-285 2458 -2469 0

-285 2758 -2499 0
-285 2458 -2499 0

-285 2758 -2469 0
-285 2758 -2499 0

-285 2458 -2469 0
-285 2458 -2499 0

645 -2599 2539 0
180 -2599 2539 0

180 -2599 2539 0
-52.5 -2599 2539 0
-285 -2599 2539 0

-285 -2599 2539 0

645 -2617 2539 0
-285 -2617 2539 0

645 -2599 2539 0
645 -2617 2539 0

-285 -2599 2539 0
-285 -2617 2539 0

645 -2617 2999 0
-285 -2617 2999 0

645 -2599 2999 0
-285 -2599 2999 0

645 -2617 2999 0
645 -2599 2999 0

-285 -2617 2999 0
-285 -2599 2999 0

645 -2617 2539 0
-285 -2617 2539 0

645 -2617 2999 0
-285 -2617 2999 0

645 -2617 2539 0
645 -2617 2999 0

-285 -2617 2539 0
-285 -2617 2999 0

645 -2599 2999 0
-285 -2599 2999 0

645 -2599 2539 0
-285 -2599 2539 0

645 -2599 2999 0
645 -2599 2539 0

-285 -2599 2999 0
-285 -2599 2539 0

645 -2599 2539 0
645 -2617 2539 0

645 -2599 2999 0
645 -2617 2999 0

645 -2599 2539 0
645 -2599 2999 0

645 -2617 2539 0
645 -2617 2999 0

-285 -2599 2999 0
-285 -2617 2999 0

-285 -2599 2539 0
-285 -2617 2539 0

-285 -2599 2999 0
-285 -2599 2539 0

-285 -2617 2999 0
-285 -2617 2539 0

645 -2515.5 2519 0
180 -2515.5 2519 0

180 -2515.5 2519 0
-52.5 -2515.5 2519 0
-285 -2515.5 2519 0

-285 -2515.5 2519 0

645 -2700.5 2519 0
-285 -2700.5 2519 0

645 -2515.5 2519 0
645 -2700.5 2519 0

-285 -2515.5 2519 0
-285 -2700.5 2519 0

645 -2700.5 2539 0
-285 -2700.5 2539 0

645 -2515.5 2539 0
-285 -2515.5 2539 0

645 -2700.5 2539 0
645 -2515.5 2539 0

-285 -2700.5 2539 0
-285 -2515.5 2539 0

645 -2700.5 2519 0
-285 -2700.5 2519 0

645 -2700.5 2539 0
-285 -2700.5 2539 0

645 -2700.5 2519 0
645 -2700.5 2539 0

-285 -2700.5 2519 0
-285 -2700.5 2539 0

645 -2515.5 2539 0
-285 -2515.5 2539 0

645 -2515.5 2519 0
-285 -2515.5 2519 0

645 -2515.5 2539 0
645 -2515.5 2519 0

-285 -2515.5 2539 0
-285 -2515.5 2519 0

645 -2515.5 2519 0
645 -2700.5 2519 0

645 -2515.5 2539 0
645 -2700.5 2539 0

645 -2515.5 2519 0
645 -2515.5 2539 0

645 -2700.5 2519 0
645 -2700.5 2539 0

-285 -2515.5 2539 0
-285 -2700.5 2539 0

-285 -2515.5 2519 0
-285 -2700.5 2519 0

-285 -2515.5 2539 0
-285 -2515.5 2519 0

-285 -2700.5 2539 0
-285 -2700.5 2519 0

645 -2515.5 2999 0
180 -2515.5 2999 0

180 -2515.5 2999 0
-52.5 -2515.5 2999 0
-285 -2515.5 2999 0

-285 -2515.5 2999 0

645 -2700.5 2999 0
-285 -2700.5 2999 0

645 -2515.5 2999 0
645 -2700.5 2999 0

-285 -2515.5 2999 0
-285 -2700.5 2999 0

645 -2700.5 3019 0
-285 -2700.5 3019 0

645 -2515.5 3019 0
-285 -2515.5 3019 0

645 -2700.5 3019 0
645 -2515.5 3019 0

-285 -2700.5 3019 0
-285 -2515.5 3019 0

645 -2700.5 2999 0
-285 -2700.5 2999 0

645 -2700.5 3019 0
-285 -2700.5 3019 0

645 -2700.5 2999 0
645 -2700.5 3019 0

-285 -2700.5 2999 0
-285 -2700.5 3019 0

645 -2515.5 3019 0
-285 -2515.5 3019 0

645 -2515.5 2999 0
-285 -2515.5 2999 0

645 -2515.5 3019 0
645 -2515.5 2999 0

-285 -2515.5 3019 0
-285 -2515.5 2999 0

645 -2515.5 2999 0
645 -2700.5 2999 0

645 -2515.5 3019 0
645 -2700.5 3019 0

645 -2515.5 2999 0
645 -2515.5 3019 0

645 -2700.5 2999 0
645 -2700.5 3019 0

-285 -2515.5 3019 0
-285 -2700.5 3019 0

-285 -2515.5 2999 0
-285 -2700.5 2999 0

-285 -2515.5 3019 0
-285 -2515.5 2999 0

-285 -2700.5 3019 0
-285 -2700.5 2999 0

645 9 2539 0
180 9 2539 0

180 9 2539 0
-52.5 9 2539 0
-285 9 2539 0

-285 9 2539 0

645 -9 2539 0
-285 -9 2539 0

645 9 2539 0
645 -9 2539 0

-285 9 2539 0
-285 -9 2539 0

645 -9 2999 0
-285 -9 2999 0

645 9 2999 0
-285 9 2999 0

645 -9 2999 0
645 9 2999 0

-285 -9 2999 0
-285 9 2999 0

645 -9 2539 0
-285 -9 2539 0

645 -9 2999 0
-285 -9 2999 0

645 -9 2539 0
645 -9 2999 0

-285 -9 2539 0
-285 -9 2999 0

645 9 2999 0
-285 9 2999 0

645 9 2539 0
-285 9 2539 0

645 9 2999 0
645 9 2539 0

-285 9 2999 0
-285 9 2539 0

645 9 2539 0
645 -9 2539 0

645 9 2999 0
645 -9 2999 0

645 9 2539 0
645 9 2999 0

645 -9 2539 0
645 -9 2999 0

-285 9 2999 0
-285 -9 2999 0

-285 9 2539 0
-285 -9 2539 0

-285 9 2999 0
-285 9 2539 0

-285 -9 2999 0
-285 -9 2539 0

645 92.5 2519 0
180 92.5 2519 0

180 92.5 2519 0
-52.5 92.5 2519 0
-285 92.5 2519 0

-285 92.5 2519 0

645 -92.5 2519 0
-285 -92.5 2519 0

645 92.5 2519 0
645 -92.5 2519 0

-285 92.5 2519 0
-285 -92.5 2519 0

645 -92.5 2539 0
-285 -92.5 2539 0

645 92.5 2539 0
-285 92.5 2539 0

645 -92.5 2539 0
645 92.5 2539 0

-285 -92.5 2539 0
-285 92.5 2539 0

645 -92.5 2519 0
-285 -92.5 2519 0

645 -92.5 2539 0
-285 -92.5 2539 0

645 -92.5 2519 0
645 -92.5 2539 0

-285 -92.5 2519 0
-285 -92.5 2539 0

645 92.5 2539 0
-285 92.5 2539 0

645 92.5 2519 0
-285 92.5 2519 0

645 92.5 2539 0
645 92.5 2519 0

-285 92.5 2539 0
-285 92.5 2519 0

645 92.5 2519 0
645 -92.5 2519 0

645 92.5 2539 0
645 -92.5 2539 0

645 92.5 2519 0
645 92.5 2539 0

645 -92.5 2519 0
645 -92.5 2539 0

-285 92.5 2539 0
-285 -92.5 2539 0

-285 92.5 2519 0
-285 -92.5 2519 0

-285 92.5 2539 0
-285 92.5 2519 0

-285 -92.5 2539 0
-285 -92.5 2519 0

645 92.5 2999 0
180 92.5 2999 0

180 92.5 2999 0
-52.5 92.5 2999 0
-285 92.5 2999 0

-285 92.5 2999 0

645 -92.5 2999 0
-285 -92.5 2999 0

645 92.5 2999 0
645 -92.5 2999 0

-285 92.5 2999 0
-285 -92.5 2999 0

645 -92.5 3019 0
-285 -92.5 3019 0

645 92.5 3019 0
-285 92.5 3019 0

645 -92.5 3019 0
645 92.5 3019 0

-285 -92.5 3019 0
-285 92.5 3019 0

645 -92.5 2999 0
-285 -92.5 2999 0

645 -92.5 3019 0
-285 -92.5 3019 0

645 -92.5 2999 0
645 -92.5 3019 0

-285 -92.5 2999 0
-285 -92.5 3019 0

645 92.5 3019 0
-285 92.5 3019 0

645 92.5 2999 0
-285 92.5 2999 0

645 92.5 3019 0
645 92.5 2999 0

-285 92.5 3019 0
-285 92.5 2999 0

645 92.5 2999 0
645 -92.5 2999 0

645 92.5 3019 0
645 -92.5 3019 0

645 92.5 2999 0
645 92.5 3019 0

645 -92.5 2999 0
645 -92.5 3019 0

-285 92.5 3019 0
-285 -92.5 3019 0

-285 92.5 2999 0
-285 -92.5 2999 0

-285 92.5 3019 0
-285 92.5 2999 0

-285 -92.5 3019 0
-285 -92.5 2999 0

645 2617 2539 0
180 2617 2539 0

180 2617 2539 0
-52.5 2617 2539 0
-285 2617 2539 0

-285 2617 2539 0

645 2599 2539 0
-285 2599 2539 0

645 2617 2539 0
645 2599 2539 0

-285 2617 2539 0
-285 2599 2539 0

645 2599 2999 0
-285 2599 2999 0

645 2617 2999 0
-285 2617 2999 0

645 2599 2999 0
645 2617 2999 0

-285 2599 2999 0
-285 2617 2999 0

645 2599 2539 0
-285 2599 2539 0

645 2599 2999 0
-285 2599 2999 0

645 2599 2539 0
645 2599 2999 0

-285 2599 2539 0
-285 2599 2999 0

645 2617 2999 0
-285 2617 2999 0

645 2617 2539 0
-285 2617 2539 0

645 2617 2999 0
645 2617 2539 0

-285 2617 2999 0
-285 2617 2539 0

645 2617 2539 0
645 2599 2539 0

645 2617 2999 0
645 2599 2999 0

645 2617 2539 0
645 2617 2999 0

645 2599 2539 0
645 2599 2999 0

-285 2617 2999 0
-285 2599 2999 0

-285 2617 2539 0
-285 2599 2539 0

-285 2617 2999 0
-285 2617 2539 0

-285 2599 2999 0
-285 2599 2539 0

645 2700.5 2519 0
180 2700.5 2519 0

180 2700.5 2519 0
-52.5 2700.5 2519 0
-285 2700.5 2519 0

-285 2700.5 2519 0

645 2515.5 2519 0
-285 2515.5 2519 0

645 2700.5 2519 0
645 2515.5 2519 0

-285 2700.5 2519 0
-285 2515.5 2519 0

645 2515.5 2539 0
-285 2515.5 2539 0

645 2700.5 2539 0
-285 2700.5 2539 0

645 2515.5 2539 0
645 2700.5 2539 0

-285 2515.5 2539 0
-285 2700.5 2539 0

645 2515.5 2519 0
-285 2515.5 2519 0

645 2515.5 2539 0
-285 2515.5 2539 0

645 2515.5 2519 0
645 2515.5 2539 0

-285 2515.5 2519 0
-285 2515.5 2539 0

645 2700.5 2539 0
-285 2700.5 2539 0

645 2700.5 2519 0
-285 2700.5 2519 0

645 2700.5 2539 0
645 2700.5 2519 0

-285 2700.5 2539 0
-285 2700.5 2519 0

645 2700.5 2519 0
645 2515.5 2519 0

645 2700.5 2539 0
645 2515.5 2539 0

645 2700.5 2519 0
645 2700.5 2539 0

645 2515.5 2519 0
645 2515.5 2539 0

-285 2700.5 2539 0
-285 2515.5 2539 0

-285 2700.5 2519 0
-285 2515.5 2519 0

-285 2700.5 2539 0
-285 2700.5 2519 0

-285 2515.5 2539 0
-285 2515.5 2519 0

645 2700.5 2999 0
180 2700.5 2999 0

180 2700.5 2999 0
-52.5 2700.5 2999 0
-285 2700.5 2999 0

-285 2700.5 2999 0

645 2515.5 2999 0
-285 2515.5 2999 0

645 2700.5 2999 0
645 2515.5 2999 0

-285 2700.5 2999 0
-285 2515.5 2999 0

645 2515.5 3019 0
-285 2515.5 3019 0

645 2700.5 3019 0
-285 2700.5 3019 0

645 2515.5 3019 0
645 2700.5 3019 0

-285 2515.5 3019 0
-285 2700.5 3019 0

645 2515.5 2999 0
-285 2515.5 2999 0

645 2515.5 3019 0
-285 2515.5 3019 0

645 2515.5 2999 0
645 2515.5 3019 0

-285 2515.5 2999 0
-285 2515.5 3019 0

645 2700.5 3019 0
-285 2700.5 3019 0

645 2700.5 2999 0
-285 2700.5 2999 0

645 2700.5 3019 0
645 2700.5 2999 0

-285 2700.5 3019 0
-285 2700.5 2999 0

645 2700.5 2999 0
645 2515.5 2999 0

645 2700.5 3019 0
645 2515.5 3019 0

645 2700.5 2999 0
645 2700.5 3019 0

645 2515.5 2999 0
645 2515.5 3019 0

-285 2700.5 3019 0
-285 2515.5 3019 0

-285 2700.5 2999 0
-285 2515.5 2999 0

-285 2700.5 3019 0
-285 2700.5 2999 0

-285 2515.5 3019 0
-285 2515.5 2999 0

# end of label='green'
