# Temporary file generated by the 'geomtools::gnuplot_drawer'
# class for visualization.
# label='orange'
1825 -4400 30 0
1825 0 30 0

1825 0 30 0
1825 2200 30 0
1825 4400 30 0

1825 4400 30 0

-1825 -4400 30 0
-1825 4400 30 0

1825 -4400 30 0
-1825 -4400 30 0

1825 4400 30 0
-1825 4400 30 0

-1825 -4400 210 0
-1825 4400 210 0

1825 -4400 210 0
1825 4400 210 0

-1825 -4400 210 0
1825 -4400 210 0

-1825 4400 210 0
1825 4400 210 0

-1825 -4400 30 0
-1825 4400 30 0

-1825 -4400 210 0
-1825 4400 210 0

-1825 -4400 30 0
-1825 -4400 210 0

-1825 4400 30 0
-1825 4400 210 0

1825 -4400 210 0
1825 4400 210 0

1825 -4400 30 0
1825 4400 30 0

1825 -4400 210 0
1825 -4400 30 0

1825 4400 210 0
1825 4400 30 0

1825 -4400 30 0
-1825 -4400 30 0

1825 -4400 210 0
-1825 -4400 210 0

1825 -4400 30 0
1825 -4400 210 0

-1825 -4400 30 0
-1825 -4400 210 0

1825 4400 210 0
-1825 4400 210 0

1825 4400 30 0
-1825 4400 30 0

1825 4400 210 0
1825 4400 30 0

-1825 4400 210 0
-1825 4400 30 0

# end of label='orange'
