# Temporary file generated by the 'geomtools::gnuplot_drawer'
# class for visualization.
# label='orange'
-645 -3083 -2659.5 0
-645 -2608 -2659.5 0

-645 -2608 -2659.5 0
-645 -2370.5 -2659.5 0
-645 -2133 -2659.5 0

-645 -2133 -2659.5 0

-465 -3083 -2659.5 0
-465 -2133 -2659.5 0

-645 -3083 -2659.5 0
-465 -3083 -2659.5 0

-645 -2133 -2659.5 0
-465 -2133 -2659.5 0

-465 -3083 -3059.5 0
-465 -2133 -3059.5 0

-645 -3083 -3059.5 0
-645 -2133 -3059.5 0

-465 -3083 -3059.5 0
-645 -3083 -3059.5 0

-465 -2133 -3059.5 0
-645 -2133 -3059.5 0

-465 -3083 -2659.5 0
-465 -2133 -2659.5 0

-465 -3083 -3059.5 0
-465 -2133 -3059.5 0

-465 -3083 -2659.5 0
-465 -3083 -3059.5 0

-465 -2133 -2659.5 0
-465 -2133 -3059.5 0

-645 -3083 -3059.5 0
-645 -2133 -3059.5 0

-645 -3083 -2659.5 0
-645 -2133 -2659.5 0

-645 -3083 -3059.5 0
-645 -3083 -2659.5 0

-645 -2133 -3059.5 0
-645 -2133 -2659.5 0

-645 -3083 -2659.5 0
-465 -3083 -2659.5 0

-645 -3083 -3059.5 0
-465 -3083 -3059.5 0

-645 -3083 -2659.5 0
-645 -3083 -3059.5 0

-465 -3083 -2659.5 0
-465 -3083 -3059.5 0

-645 -2133 -3059.5 0
-465 -2133 -3059.5 0

-645 -2133 -2659.5 0
-465 -2133 -2659.5 0

-645 -2133 -3059.5 0
-645 -2133 -2659.5 0

-465 -2133 -3059.5 0
-465 -2133 -2659.5 0

-645 -475 -2659.5 0
-645 0 -2659.5 0

-645 0 -2659.5 0
-645 237.5 -2659.5 0
-645 475 -2659.5 0

-645 475 -2659.5 0

-465 -475 -2659.5 0
-465 475 -2659.5 0

-645 -475 -2659.5 0
-465 -475 -2659.5 0

-645 475 -2659.5 0
-465 475 -2659.5 0

-465 -475 -3059.5 0
-465 475 -3059.5 0

-645 -475 -3059.5 0
-645 475 -3059.5 0

-465 -475 -3059.5 0
-645 -475 -3059.5 0

-465 475 -3059.5 0
-645 475 -3059.5 0

-465 -475 -2659.5 0
-465 475 -2659.5 0

-465 -475 -3059.5 0
-465 475 -3059.5 0

-465 -475 -2659.5 0
-465 -475 -3059.5 0

-465 475 -2659.5 0
-465 475 -3059.5 0

-645 -475 -3059.5 0
-645 475 -3059.5 0

-645 -475 -2659.5 0
-645 475 -2659.5 0

-645 -475 -3059.5 0
-645 -475 -2659.5 0

-645 475 -3059.5 0
-645 475 -2659.5 0

-645 -475 -2659.5 0
-465 -475 -2659.5 0

-645 -475 -3059.5 0
-465 -475 -3059.5 0

-645 -475 -2659.5 0
-645 -475 -3059.5 0

-465 -475 -2659.5 0
-465 -475 -3059.5 0

-645 475 -3059.5 0
-465 475 -3059.5 0

-645 475 -2659.5 0
-465 475 -2659.5 0

-645 475 -3059.5 0
-645 475 -2659.5 0

-465 475 -3059.5 0
-465 475 -2659.5 0

-645 2133 -2659.5 0
-645 2608 -2659.5 0

-645 2608 -2659.5 0
-645 2845.5 -2659.5 0
-645 3083 -2659.5 0

-645 3083 -2659.5 0

-465 2133 -2659.5 0
-465 3083 -2659.5 0

-645 2133 -2659.5 0
-465 2133 -2659.5 0

-645 3083 -2659.5 0
-465 3083 -2659.5 0

-465 2133 -3059.5 0
-465 3083 -3059.5 0

-645 2133 -3059.5 0
-645 3083 -3059.5 0

-465 2133 -3059.5 0
-645 2133 -3059.5 0

-465 3083 -3059.5 0
-645 3083 -3059.5 0

-465 2133 -2659.5 0
-465 3083 -2659.5 0

-465 2133 -3059.5 0
-465 3083 -3059.5 0

-465 2133 -2659.5 0
-465 2133 -3059.5 0

-465 3083 -2659.5 0
-465 3083 -3059.5 0

-645 2133 -3059.5 0
-645 3083 -3059.5 0

-645 2133 -2659.5 0
-645 3083 -2659.5 0

-645 2133 -3059.5 0
-645 2133 -2659.5 0

-645 3083 -3059.5 0
-645 3083 -2659.5 0

-645 2133 -2659.5 0
-465 2133 -2659.5 0

-645 2133 -3059.5 0
-465 2133 -3059.5 0

-645 2133 -2659.5 0
-645 2133 -3059.5 0

-465 2133 -2659.5 0
-465 2133 -3059.5 0

-645 3083 -3059.5 0
-465 3083 -3059.5 0

-645 3083 -2659.5 0
-465 3083 -2659.5 0

-645 3083 -3059.5 0
-645 3083 -2659.5 0

-465 3083 -3059.5 0
-465 3083 -2659.5 0

-645 -2138 3069 0
-645 -1304 3069 0

-645 -1304 3069 0
-645 -887 3069 0
-645 -470 3069 0

-645 -470 3069 0

-465 -2138 3069 0
-465 -470 3069 0

-645 -2138 3069 0
-465 -2138 3069 0

-645 -470 3069 0
-465 -470 3069 0

-465 -2138 -3069 0
-465 -470 -3069 0

-645 -2138 -3069 0
-645 -470 -3069 0

-465 -2138 -3069 0
-645 -2138 -3069 0

-465 -470 -3069 0
-645 -470 -3069 0

-465 -2138 3069 0
-465 -470 3069 0

-465 -2138 -3069 0
-465 -470 -3069 0

-465 -2138 3069 0
-465 -2138 -3069 0

-465 -470 3069 0
-465 -470 -3069 0

-645 -2138 -3069 0
-645 -470 -3069 0

-645 -2138 3069 0
-645 -470 3069 0

-645 -2138 -3069 0
-645 -2138 3069 0

-645 -470 -3069 0
-645 -470 3069 0

-645 -2138 3069 0
-465 -2138 3069 0

-645 -2138 -3069 0
-465 -2138 -3069 0

-645 -2138 3069 0
-645 -2138 -3069 0

-465 -2138 3069 0
-465 -2138 -3069 0

-645 -470 -3069 0
-465 -470 -3069 0

-645 -470 3069 0
-465 -470 3069 0

-645 -470 -3069 0
-645 -470 3069 0

-465 -470 -3069 0
-465 -470 3069 0

-645 470 3069 0
-645 1304 3069 0

-645 1304 3069 0
-645 1721 3069 0
-645 2138 3069 0

-645 2138 3069 0

-465 470 3069 0
-465 2138 3069 0

-645 470 3069 0
-465 470 3069 0

-645 2138 3069 0
-465 2138 3069 0

-465 470 -3069 0
-465 2138 -3069 0

-645 470 -3069 0
-645 2138 -3069 0

-465 470 -3069 0
-645 470 -3069 0

-465 2138 -3069 0
-645 2138 -3069 0

-465 470 3069 0
-465 2138 3069 0

-465 470 -3069 0
-465 2138 -3069 0

-465 470 3069 0
-465 470 -3069 0

-465 2138 3069 0
-465 2138 -3069 0

-645 470 -3069 0
-645 2138 -3069 0

-645 470 3069 0
-645 2138 3069 0

-645 470 -3069 0
-645 470 3069 0

-645 2138 -3069 0
-645 2138 3069 0

-645 470 3069 0
-465 470 3069 0

-645 470 -3069 0
-465 470 -3069 0

-645 470 3069 0
-645 470 -3069 0

-465 470 3069 0
-465 470 -3069 0

-645 2138 -3069 0
-465 2138 -3069 0

-645 2138 3069 0
-465 2138 3069 0

-645 2138 -3069 0
-645 2138 3069 0

-465 2138 -3069 0
-465 2138 3069 0

-465 -3108 3069 0
-465 -2608 3069 0

-465 -2608 3069 0
-465 -2358 3069 0
-465 -2108 3069 0

-465 -2108 3069 0

-285 -3108 3069 0
-285 -2108 3069 0

-465 -3108 3069 0
-285 -3108 3069 0

-465 -2108 3069 0
-285 -2108 3069 0

-285 -3108 -3069 0
-285 -2108 -3069 0

-465 -3108 -3069 0
-465 -2108 -3069 0

-285 -3108 -3069 0
-465 -3108 -3069 0

-285 -2108 -3069 0
-465 -2108 -3069 0

-285 -3108 3069 0
-285 -2108 3069 0

-285 -3108 -3069 0
-285 -2108 -3069 0

-285 -3108 3069 0
-285 -3108 -3069 0

-285 -2108 3069 0
-285 -2108 -3069 0

-465 -3108 -3069 0
-465 -2108 -3069 0

-465 -3108 3069 0
-465 -2108 3069 0

-465 -3108 -3069 0
-465 -3108 3069 0

-465 -2108 -3069 0
-465 -2108 3069 0

-465 -3108 3069 0
-285 -3108 3069 0

-465 -3108 -3069 0
-285 -3108 -3069 0

-465 -3108 3069 0
-465 -3108 -3069 0

-285 -3108 3069 0
-285 -3108 -3069 0

-465 -2108 -3069 0
-285 -2108 -3069 0

-465 -2108 3069 0
-285 -2108 3069 0

-465 -2108 -3069 0
-465 -2108 3069 0

-285 -2108 -3069 0
-285 -2108 3069 0

-465 -500 3069 0
-465 0 3069 0

-465 0 3069 0
-465 250 3069 0
-465 500 3069 0

-465 500 3069 0

-285 -500 3069 0
-285 500 3069 0

-465 -500 3069 0
-285 -500 3069 0

-465 500 3069 0
-285 500 3069 0

-285 -500 -3069 0
-285 500 -3069 0

-465 -500 -3069 0
-465 500 -3069 0

-285 -500 -3069 0
-465 -500 -3069 0

-285 500 -3069 0
-465 500 -3069 0

-285 -500 3069 0
-285 500 3069 0

-285 -500 -3069 0
-285 500 -3069 0

-285 -500 3069 0
-285 -500 -3069 0

-285 500 3069 0
-285 500 -3069 0

-465 -500 -3069 0
-465 500 -3069 0

-465 -500 3069 0
-465 500 3069 0

-465 -500 -3069 0
-465 -500 3069 0

-465 500 -3069 0
-465 500 3069 0

-465 -500 3069 0
-285 -500 3069 0

-465 -500 -3069 0
-285 -500 -3069 0

-465 -500 3069 0
-465 -500 -3069 0

-285 -500 3069 0
-285 -500 -3069 0

-465 500 -3069 0
-285 500 -3069 0

-465 500 3069 0
-285 500 3069 0

-465 500 -3069 0
-465 500 3069 0

-285 500 -3069 0
-285 500 3069 0

-465 2108 3069 0
-465 2608 3069 0

-465 2608 3069 0
-465 2858 3069 0
-465 3108 3069 0

-465 3108 3069 0

-285 2108 3069 0
-285 3108 3069 0

-465 2108 3069 0
-285 2108 3069 0

-465 3108 3069 0
-285 3108 3069 0

-285 2108 -3069 0
-285 3108 -3069 0

-465 2108 -3069 0
-465 3108 -3069 0

-285 2108 -3069 0
-465 2108 -3069 0

-285 3108 -3069 0
-465 3108 -3069 0

-285 2108 3069 0
-285 3108 3069 0

-285 2108 -3069 0
-285 3108 -3069 0

-285 2108 3069 0
-285 2108 -3069 0

-285 3108 3069 0
-285 3108 -3069 0

-465 2108 -3069 0
-465 3108 -3069 0

-465 2108 3069 0
-465 3108 3069 0

-465 2108 -3069 0
-465 2108 3069 0

-465 3108 -3069 0
-465 3108 3069 0

-465 2108 3069 0
-285 2108 3069 0

-465 2108 -3069 0
-285 2108 -3069 0

-465 2108 3069 0
-465 2108 -3069 0

-285 2108 3069 0
-285 2108 -3069 0

-465 3108 -3069 0
-285 3108 -3069 0

-465 3108 3069 0
-285 3108 3069 0

-465 3108 -3069 0
-465 3108 3069 0

-285 3108 -3069 0
-285 3108 3069 0

-645 -4275 3069 0
-645 -3676.5 3069 0

-645 -3676.5 3069 0
-645 -3377.25 3069 0
-645 -3078 3069 0

-645 -3078 3069 0

-465 -4275 3069 0
-465 -3078 3069 0

-645 -4275 3069 0
-465 -4275 3069 0

-645 -3078 3069 0
-465 -3078 3069 0

-465 -4275 -3069 0
-465 -3078 -3069 0

-645 -4275 -3069 0
-645 -3078 -3069 0

-465 -4275 -3069 0
-645 -4275 -3069 0

-465 -3078 -3069 0
-645 -3078 -3069 0

-465 -4275 3069 0
-465 -3078 3069 0

-465 -4275 -3069 0
-465 -3078 -3069 0

-465 -4275 3069 0
-465 -4275 -3069 0

-465 -3078 3069 0
-465 -3078 -3069 0

-645 -4275 -3069 0
-645 -3078 -3069 0

-645 -4275 3069 0
-645 -3078 3069 0

-645 -4275 -3069 0
-645 -4275 3069 0

-645 -3078 -3069 0
-645 -3078 3069 0

-645 -4275 3069 0
-465 -4275 3069 0

-645 -4275 -3069 0
-465 -4275 -3069 0

-645 -4275 3069 0
-645 -4275 -3069 0

-465 -4275 3069 0
-465 -4275 -3069 0

-645 -3078 -3069 0
-465 -3078 -3069 0

-645 -3078 3069 0
-465 -3078 3069 0

-645 -3078 -3069 0
-645 -3078 3069 0

-465 -3078 -3069 0
-465 -3078 3069 0

-645 3078 3069 0
-645 3676.5 3069 0

-645 3676.5 3069 0
-645 3975.75 3069 0
-645 4275 3069 0

-645 4275 3069 0

-465 3078 3069 0
-465 4275 3069 0

-645 3078 3069 0
-465 3078 3069 0

-645 4275 3069 0
-465 4275 3069 0

-465 3078 -3069 0
-465 4275 -3069 0

-645 3078 -3069 0
-645 4275 -3069 0

-465 3078 -3069 0
-645 3078 -3069 0

-465 4275 -3069 0
-645 4275 -3069 0

-465 3078 3069 0
-465 4275 3069 0

-465 3078 -3069 0
-465 4275 -3069 0

-465 3078 3069 0
-465 3078 -3069 0

-465 4275 3069 0
-465 4275 -3069 0

-645 3078 -3069 0
-645 4275 -3069 0

-645 3078 3069 0
-645 4275 3069 0

-645 3078 -3069 0
-645 3078 3069 0

-645 4275 -3069 0
-645 4275 3069 0

-645 3078 3069 0
-465 3078 3069 0

-645 3078 -3069 0
-465 3078 -3069 0

-645 3078 3069 0
-645 3078 -3069 0

-465 3078 3069 0
-465 3078 -3069 0

-645 4275 -3069 0
-465 4275 -3069 0

-645 4275 3069 0
-465 4275 3069 0

-645 4275 -3069 0
-645 4275 3069 0

-465 4275 -3069 0
-465 4275 3069 0

# end of label='orange'
