# Temporary file generated by the 'geomtools::gnuplot_drawer'
# class for visualization.
# label='blue'
2280 -4500 3618 0
2280 0 3618 0

2280 0 3618 0
2280 2250 3618 0
2280 4500 3618 0

2280 4500 3618 0

-2940 -4500 3618 0
-2940 4500 3618 0

2280 -4500 3618 0
-2940 -4500 3618 0

2280 4500 3618 0
-2940 4500 3618 0

-2940 -4500 3878 0
-2940 4500 3878 0

2280 -4500 3878 0
2280 4500 3878 0

-2940 -4500 3878 0
2280 -4500 3878 0

-2940 4500 3878 0
2280 4500 3878 0

-2940 -4500 3618 0
-2940 4500 3618 0

-2940 -4500 3878 0
-2940 4500 3878 0

-2940 -4500 3618 0
-2940 -4500 3878 0

-2940 4500 3618 0
-2940 4500 3878 0

2280 -4500 3878 0
2280 4500 3878 0

2280 -4500 3618 0
2280 4500 3618 0

2280 -4500 3878 0
2280 -4500 3618 0

2280 4500 3878 0
2280 4500 3618 0

2280 -4500 3618 0
-2940 -4500 3618 0

2280 -4500 3878 0
-2940 -4500 3878 0

2280 -4500 3618 0
2280 -4500 3878 0

-2940 -4500 3618 0
-2940 -4500 3878 0

2280 4500 3878 0
-2940 4500 3878 0

2280 4500 3618 0
-2940 4500 3618 0

2280 4500 3878 0
2280 4500 3618 0

-2940 4500 3878 0
-2940 4500 3618 0

1550 15 -2700 0
1550 1306.5 -2700 0

1550 1306.5 -2700 0
1550 1952.25 -2700 0
1550 2598 -2700 0

1550 2598 -2700 0

-1550 15 -2700 0
-1550 2598 -2700 0

1550 15 -2700 0
-1550 15 -2700 0

1550 2598 -2700 0
-1550 2598 -2700 0

-1550 15 -2440 0
-1550 2598 -2440 0

1550 15 -2440 0
1550 2598 -2440 0

-1550 15 -2440 0
1550 15 -2440 0

-1550 2598 -2440 0
1550 2598 -2440 0

-1550 15 -2700 0
-1550 2598 -2700 0

-1550 15 -2440 0
-1550 2598 -2440 0

-1550 15 -2700 0
-1550 15 -2440 0

-1550 2598 -2700 0
-1550 2598 -2440 0

1550 15 -2440 0
1550 2598 -2440 0

1550 15 -2700 0
1550 2598 -2700 0

1550 15 -2440 0
1550 15 -2700 0

1550 2598 -2440 0
1550 2598 -2700 0

1550 15 -2700 0
-1550 15 -2700 0

1550 15 -2440 0
-1550 15 -2440 0

1550 15 -2700 0
1550 15 -2440 0

-1550 15 -2700 0
-1550 15 -2440 0

1550 2598 -2440 0
-1550 2598 -2440 0

1550 2598 -2700 0
-1550 2598 -2700 0

1550 2598 -2440 0
1550 2598 -2700 0

-1550 2598 -2440 0
-1550 2598 -2700 0

1550 -2598 -2700 0
1550 -1306.5 -2700 0

1550 -1306.5 -2700 0
1550 -660.75 -2700 0
1550 -15 -2700 0

1550 -15 -2700 0

-1550 -2598 -2700 0
-1550 -15 -2700 0

1550 -2598 -2700 0
-1550 -2598 -2700 0

1550 -15 -2700 0
-1550 -15 -2700 0

-1550 -2598 -2440 0
-1550 -15 -2440 0

1550 -2598 -2440 0
1550 -15 -2440 0

-1550 -2598 -2440 0
1550 -2598 -2440 0

-1550 -15 -2440 0
1550 -15 -2440 0

-1550 -2598 -2700 0
-1550 -15 -2700 0

-1550 -2598 -2440 0
-1550 -15 -2440 0

-1550 -2598 -2700 0
-1550 -2598 -2440 0

-1550 -15 -2700 0
-1550 -15 -2440 0

1550 -2598 -2440 0
1550 -15 -2440 0

1550 -2598 -2700 0
1550 -15 -2700 0

1550 -2598 -2440 0
1550 -2598 -2700 0

1550 -15 -2440 0
1550 -15 -2700 0

1550 -2598 -2700 0
-1550 -2598 -2700 0

1550 -2598 -2440 0
-1550 -2598 -2440 0

1550 -2598 -2700 0
1550 -2598 -2440 0

-1550 -2598 -2700 0
-1550 -2598 -2440 0

1550 -15 -2440 0
-1550 -15 -2440 0

1550 -15 -2700 0
-1550 -15 -2700 0

1550 -15 -2440 0
1550 -15 -2700 0

-1550 -15 -2440 0
-1550 -15 -2700 0

1550 2628 -2700 0
1550 3202.5 -2700 0

1550 3202.5 -2700 0
1550 3489.75 -2700 0
1550 3777 -2700 0

1550 3777 -2700 0

-1550 2628 -2700 0
-1550 3777 -2700 0

1550 2628 -2700 0
-1550 2628 -2700 0

1550 3777 -2700 0
-1550 3777 -2700 0

-1550 2628 -2440 0
-1550 3777 -2440 0

1550 2628 -2440 0
1550 3777 -2440 0

-1550 2628 -2440 0
1550 2628 -2440 0

-1550 3777 -2440 0
1550 3777 -2440 0

-1550 2628 -2700 0
-1550 3777 -2700 0

-1550 2628 -2440 0
-1550 3777 -2440 0

-1550 2628 -2700 0
-1550 2628 -2440 0

-1550 3777 -2700 0
-1550 3777 -2440 0

1550 2628 -2440 0
1550 3777 -2440 0

1550 2628 -2700 0
1550 3777 -2700 0

1550 2628 -2440 0
1550 2628 -2700 0

1550 3777 -2440 0
1550 3777 -2700 0

1550 2628 -2700 0
-1550 2628 -2700 0

1550 2628 -2440 0
-1550 2628 -2440 0

1550 2628 -2700 0
1550 2628 -2440 0

-1550 2628 -2700 0
-1550 2628 -2440 0

1550 3777 -2440 0
-1550 3777 -2440 0

1550 3777 -2700 0
-1550 3777 -2700 0

1550 3777 -2440 0
1550 3777 -2700 0

-1550 3777 -2440 0
-1550 3777 -2700 0

1550 -3777 -2700 0
1550 -3202.5 -2700 0

1550 -3202.5 -2700 0
1550 -2915.25 -2700 0
1550 -2628 -2700 0

1550 -2628 -2700 0

-1550 -3777 -2700 0
-1550 -2628 -2700 0

1550 -3777 -2700 0
-1550 -3777 -2700 0

1550 -2628 -2700 0
-1550 -2628 -2700 0

-1550 -3777 -2440 0
-1550 -2628 -2440 0

1550 -3777 -2440 0
1550 -2628 -2440 0

-1550 -3777 -2440 0
1550 -3777 -2440 0

-1550 -2628 -2440 0
1550 -2628 -2440 0

-1550 -3777 -2700 0
-1550 -2628 -2700 0

-1550 -3777 -2440 0
-1550 -2628 -2440 0

-1550 -3777 -2700 0
-1550 -3777 -2440 0

-1550 -2628 -2700 0
-1550 -2628 -2440 0

1550 -3777 -2440 0
1550 -2628 -2440 0

1550 -3777 -2700 0
1550 -2628 -2700 0

1550 -3777 -2440 0
1550 -3777 -2700 0

1550 -2628 -2440 0
1550 -2628 -2700 0

1550 -3777 -2700 0
-1550 -3777 -2700 0

1550 -3777 -2440 0
-1550 -3777 -2440 0

1550 -3777 -2700 0
1550 -3777 -2440 0

-1550 -3777 -2700 0
-1550 -3777 -2440 0

1550 -2628 -2440 0
-1550 -2628 -2440 0

1550 -2628 -2700 0
-1550 -2628 -2700 0

1550 -2628 -2440 0
1550 -2628 -2700 0

-1550 -2628 -2440 0
-1550 -2628 -2700 0

2280 4500 -2700 0
2280 4620 -2700 0

2280 4620 -2700 0
2280 4680 -2700 0
2280 4740 -2700 0

2280 4740 -2700 0

-2940 4500 -2700 0
-2940 4740 -2700 0

2280 4500 -2700 0
-2940 4500 -2700 0

2280 4740 -2700 0
-2940 4740 -2700 0

-2940 4500 3900 0
-2940 4740 3900 0

2280 4500 3900 0
2280 4740 3900 0

-2940 4500 3900 0
2280 4500 3900 0

-2940 4740 3900 0
2280 4740 3900 0

-2940 4500 -2700 0
-2940 4740 -2700 0

-2940 4500 3900 0
-2940 4740 3900 0

-2940 4500 -2700 0
-2940 4500 3900 0

-2940 4740 -2700 0
-2940 4740 3900 0

2280 4500 3900 0
2280 4740 3900 0

2280 4500 -2700 0
2280 4740 -2700 0

2280 4500 3900 0
2280 4500 -2700 0

2280 4740 3900 0
2280 4740 -2700 0

2280 4500 -2700 0
-2940 4500 -2700 0

2280 4500 3900 0
-2940 4500 3900 0

2280 4500 -2700 0
2280 4500 3900 0

-2940 4500 -2700 0
-2940 4500 3900 0

2280 4740 3900 0
-2940 4740 3900 0

2280 4740 -2700 0
-2940 4740 -2700 0

2280 4740 3900 0
2280 4740 -2700 0

-2940 4740 3900 0
-2940 4740 -2700 0

2280 -4740 -2700 0
2280 -4620 -2700 0

2280 -4620 -2700 0
2280 -4560 -2700 0
2280 -4500 -2700 0

2280 -4500 -2700 0

-2940 -4740 -2700 0
-2940 -4500 -2700 0

2280 -4740 -2700 0
-2940 -4740 -2700 0

2280 -4500 -2700 0
-2940 -4500 -2700 0

-2940 -4740 3900 0
-2940 -4500 3900 0

2280 -4740 3900 0
2280 -4500 3900 0

-2940 -4740 3900 0
2280 -4740 3900 0

-2940 -4500 3900 0
2280 -4500 3900 0

-2940 -4740 -2700 0
-2940 -4500 -2700 0

-2940 -4740 3900 0
-2940 -4500 3900 0

-2940 -4740 -2700 0
-2940 -4740 3900 0

-2940 -4500 -2700 0
-2940 -4500 3900 0

2280 -4740 3900 0
2280 -4500 3900 0

2280 -4740 -2700 0
2280 -4500 -2700 0

2280 -4740 3900 0
2280 -4740 -2700 0

2280 -4500 3900 0
2280 -4500 -2700 0

2280 -4740 -2700 0
-2940 -4740 -2700 0

2280 -4740 3900 0
-2940 -4740 3900 0

2280 -4740 -2700 0
2280 -4740 3900 0

-2940 -4740 -2700 0
-2940 -4740 3900 0

2280 -4500 3900 0
-2940 -4500 3900 0

2280 -4500 -2700 0
-2940 -4500 -2700 0

2280 -4500 3900 0
2280 -4500 -2700 0

-2940 -4500 3900 0
-2940 -4500 -2700 0

# end of label='blue'
