# Temporary file generated by the 'geomtools::gnuplot_drawer'
# class for visualization.
# label='orange'
-430 -3083 -2659.5 0
-430 -2608 -2659.5 0

-430 -2608 -2659.5 0
-430 -2370.5 -2659.5 0
-430 -2133 -2659.5 0

-430 -2133 -2659.5 0

-250 -3083 -2659.5 0
-250 -2133 -2659.5 0

-430 -3083 -2659.5 0
-250 -3083 -2659.5 0

-430 -2133 -2659.5 0
-250 -2133 -2659.5 0

-250 -3083 -3059.5 0
-250 -2133 -3059.5 0

-430 -3083 -3059.5 0
-430 -2133 -3059.5 0

-250 -3083 -3059.5 0
-430 -3083 -3059.5 0

-250 -2133 -3059.5 0
-430 -2133 -3059.5 0

-250 -3083 -2659.5 0
-250 -2133 -2659.5 0

-250 -3083 -3059.5 0
-250 -2133 -3059.5 0

-250 -3083 -2659.5 0
-250 -3083 -3059.5 0

-250 -2133 -2659.5 0
-250 -2133 -3059.5 0

-430 -3083 -3059.5 0
-430 -2133 -3059.5 0

-430 -3083 -2659.5 0
-430 -2133 -2659.5 0

-430 -3083 -3059.5 0
-430 -3083 -2659.5 0

-430 -2133 -3059.5 0
-430 -2133 -2659.5 0

-430 -3083 -2659.5 0
-250 -3083 -2659.5 0

-430 -3083 -3059.5 0
-250 -3083 -3059.5 0

-430 -3083 -2659.5 0
-430 -3083 -3059.5 0

-250 -3083 -2659.5 0
-250 -3083 -3059.5 0

-430 -2133 -3059.5 0
-250 -2133 -3059.5 0

-430 -2133 -2659.5 0
-250 -2133 -2659.5 0

-430 -2133 -3059.5 0
-430 -2133 -2659.5 0

-250 -2133 -3059.5 0
-250 -2133 -2659.5 0

-430 -475 -2659.5 0
-430 0 -2659.5 0

-430 0 -2659.5 0
-430 237.5 -2659.5 0
-430 475 -2659.5 0

-430 475 -2659.5 0

-250 -475 -2659.5 0
-250 475 -2659.5 0

-430 -475 -2659.5 0
-250 -475 -2659.5 0

-430 475 -2659.5 0
-250 475 -2659.5 0

-250 -475 -3059.5 0
-250 475 -3059.5 0

-430 -475 -3059.5 0
-430 475 -3059.5 0

-250 -475 -3059.5 0
-430 -475 -3059.5 0

-250 475 -3059.5 0
-430 475 -3059.5 0

-250 -475 -2659.5 0
-250 475 -2659.5 0

-250 -475 -3059.5 0
-250 475 -3059.5 0

-250 -475 -2659.5 0
-250 -475 -3059.5 0

-250 475 -2659.5 0
-250 475 -3059.5 0

-430 -475 -3059.5 0
-430 475 -3059.5 0

-430 -475 -2659.5 0
-430 475 -2659.5 0

-430 -475 -3059.5 0
-430 -475 -2659.5 0

-430 475 -3059.5 0
-430 475 -2659.5 0

-430 -475 -2659.5 0
-250 -475 -2659.5 0

-430 -475 -3059.5 0
-250 -475 -3059.5 0

-430 -475 -2659.5 0
-430 -475 -3059.5 0

-250 -475 -2659.5 0
-250 -475 -3059.5 0

-430 475 -3059.5 0
-250 475 -3059.5 0

-430 475 -2659.5 0
-250 475 -2659.5 0

-430 475 -3059.5 0
-430 475 -2659.5 0

-250 475 -3059.5 0
-250 475 -2659.5 0

-430 2133 -2659.5 0
-430 2608 -2659.5 0

-430 2608 -2659.5 0
-430 2845.5 -2659.5 0
-430 3083 -2659.5 0

-430 3083 -2659.5 0

-250 2133 -2659.5 0
-250 3083 -2659.5 0

-430 2133 -2659.5 0
-250 2133 -2659.5 0

-430 3083 -2659.5 0
-250 3083 -2659.5 0

-250 2133 -3059.5 0
-250 3083 -3059.5 0

-430 2133 -3059.5 0
-430 3083 -3059.5 0

-250 2133 -3059.5 0
-430 2133 -3059.5 0

-250 3083 -3059.5 0
-430 3083 -3059.5 0

-250 2133 -2659.5 0
-250 3083 -2659.5 0

-250 2133 -3059.5 0
-250 3083 -3059.5 0

-250 2133 -2659.5 0
-250 2133 -3059.5 0

-250 3083 -2659.5 0
-250 3083 -3059.5 0

-430 2133 -3059.5 0
-430 3083 -3059.5 0

-430 2133 -2659.5 0
-430 3083 -2659.5 0

-430 2133 -3059.5 0
-430 2133 -2659.5 0

-430 3083 -3059.5 0
-430 3083 -2659.5 0

-430 2133 -2659.5 0
-250 2133 -2659.5 0

-430 2133 -3059.5 0
-250 2133 -3059.5 0

-430 2133 -2659.5 0
-430 2133 -3059.5 0

-250 2133 -2659.5 0
-250 2133 -3059.5 0

-430 3083 -3059.5 0
-250 3083 -3059.5 0

-430 3083 -2659.5 0
-250 3083 -2659.5 0

-430 3083 -3059.5 0
-430 3083 -2659.5 0

-250 3083 -3059.5 0
-250 3083 -2659.5 0

-430 -2138 3069 0
-430 -1304 3069 0

-430 -1304 3069 0
-430 -887 3069 0
-430 -470 3069 0

-430 -470 3069 0

-250 -2138 3069 0
-250 -470 3069 0

-430 -2138 3069 0
-250 -2138 3069 0

-430 -470 3069 0
-250 -470 3069 0

-250 -2138 -3069 0
-250 -470 -3069 0

-430 -2138 -3069 0
-430 -470 -3069 0

-250 -2138 -3069 0
-430 -2138 -3069 0

-250 -470 -3069 0
-430 -470 -3069 0

-250 -2138 3069 0
-250 -470 3069 0

-250 -2138 -3069 0
-250 -470 -3069 0

-250 -2138 3069 0
-250 -2138 -3069 0

-250 -470 3069 0
-250 -470 -3069 0

-430 -2138 -3069 0
-430 -470 -3069 0

-430 -2138 3069 0
-430 -470 3069 0

-430 -2138 -3069 0
-430 -2138 3069 0

-430 -470 -3069 0
-430 -470 3069 0

-430 -2138 3069 0
-250 -2138 3069 0

-430 -2138 -3069 0
-250 -2138 -3069 0

-430 -2138 3069 0
-430 -2138 -3069 0

-250 -2138 3069 0
-250 -2138 -3069 0

-430 -470 -3069 0
-250 -470 -3069 0

-430 -470 3069 0
-250 -470 3069 0

-430 -470 -3069 0
-430 -470 3069 0

-250 -470 -3069 0
-250 -470 3069 0

-430 470 3069 0
-430 1304 3069 0

-430 1304 3069 0
-430 1721 3069 0
-430 2138 3069 0

-430 2138 3069 0

-250 470 3069 0
-250 2138 3069 0

-430 470 3069 0
-250 470 3069 0

-430 2138 3069 0
-250 2138 3069 0

-250 470 -3069 0
-250 2138 -3069 0

-430 470 -3069 0
-430 2138 -3069 0

-250 470 -3069 0
-430 470 -3069 0

-250 2138 -3069 0
-430 2138 -3069 0

-250 470 3069 0
-250 2138 3069 0

-250 470 -3069 0
-250 2138 -3069 0

-250 470 3069 0
-250 470 -3069 0

-250 2138 3069 0
-250 2138 -3069 0

-430 470 -3069 0
-430 2138 -3069 0

-430 470 3069 0
-430 2138 3069 0

-430 470 -3069 0
-430 470 3069 0

-430 2138 -3069 0
-430 2138 3069 0

-430 470 3069 0
-250 470 3069 0

-430 470 -3069 0
-250 470 -3069 0

-430 470 3069 0
-430 470 -3069 0

-250 470 3069 0
-250 470 -3069 0

-430 2138 -3069 0
-250 2138 -3069 0

-430 2138 3069 0
-250 2138 3069 0

-430 2138 -3069 0
-430 2138 3069 0

-250 2138 -3069 0
-250 2138 3069 0

-250 -3108 3069 0
-250 -2608 3069 0

-250 -2608 3069 0
-250 -2358 3069 0
-250 -2108 3069 0

-250 -2108 3069 0

-70 -3108 3069 0
-70 -2108 3069 0

-250 -3108 3069 0
-70 -3108 3069 0

-250 -2108 3069 0
-70 -2108 3069 0

-70 -3108 -3069 0
-70 -2108 -3069 0

-250 -3108 -3069 0
-250 -2108 -3069 0

-70 -3108 -3069 0
-250 -3108 -3069 0

-70 -2108 -3069 0
-250 -2108 -3069 0

-70 -3108 3069 0
-70 -2108 3069 0

-70 -3108 -3069 0
-70 -2108 -3069 0

-70 -3108 3069 0
-70 -3108 -3069 0

-70 -2108 3069 0
-70 -2108 -3069 0

-250 -3108 -3069 0
-250 -2108 -3069 0

-250 -3108 3069 0
-250 -2108 3069 0

-250 -3108 -3069 0
-250 -3108 3069 0

-250 -2108 -3069 0
-250 -2108 3069 0

-250 -3108 3069 0
-70 -3108 3069 0

-250 -3108 -3069 0
-70 -3108 -3069 0

-250 -3108 3069 0
-250 -3108 -3069 0

-70 -3108 3069 0
-70 -3108 -3069 0

-250 -2108 -3069 0
-70 -2108 -3069 0

-250 -2108 3069 0
-70 -2108 3069 0

-250 -2108 -3069 0
-250 -2108 3069 0

-70 -2108 -3069 0
-70 -2108 3069 0

-250 -500 3069 0
-250 0 3069 0

-250 0 3069 0
-250 250 3069 0
-250 500 3069 0

-250 500 3069 0

-70 -500 3069 0
-70 500 3069 0

-250 -500 3069 0
-70 -500 3069 0

-250 500 3069 0
-70 500 3069 0

-70 -500 -3069 0
-70 500 -3069 0

-250 -500 -3069 0
-250 500 -3069 0

-70 -500 -3069 0
-250 -500 -3069 0

-70 500 -3069 0
-250 500 -3069 0

-70 -500 3069 0
-70 500 3069 0

-70 -500 -3069 0
-70 500 -3069 0

-70 -500 3069 0
-70 -500 -3069 0

-70 500 3069 0
-70 500 -3069 0

-250 -500 -3069 0
-250 500 -3069 0

-250 -500 3069 0
-250 500 3069 0

-250 -500 -3069 0
-250 -500 3069 0

-250 500 -3069 0
-250 500 3069 0

-250 -500 3069 0
-70 -500 3069 0

-250 -500 -3069 0
-70 -500 -3069 0

-250 -500 3069 0
-250 -500 -3069 0

-70 -500 3069 0
-70 -500 -3069 0

-250 500 -3069 0
-70 500 -3069 0

-250 500 3069 0
-70 500 3069 0

-250 500 -3069 0
-250 500 3069 0

-70 500 -3069 0
-70 500 3069 0

-250 2108 3069 0
-250 2608 3069 0

-250 2608 3069 0
-250 2858 3069 0
-250 3108 3069 0

-250 3108 3069 0

-70 2108 3069 0
-70 3108 3069 0

-250 2108 3069 0
-70 2108 3069 0

-250 3108 3069 0
-70 3108 3069 0

-70 2108 -3069 0
-70 3108 -3069 0

-250 2108 -3069 0
-250 3108 -3069 0

-70 2108 -3069 0
-250 2108 -3069 0

-70 3108 -3069 0
-250 3108 -3069 0

-70 2108 3069 0
-70 3108 3069 0

-70 2108 -3069 0
-70 3108 -3069 0

-70 2108 3069 0
-70 2108 -3069 0

-70 3108 3069 0
-70 3108 -3069 0

-250 2108 -3069 0
-250 3108 -3069 0

-250 2108 3069 0
-250 3108 3069 0

-250 2108 -3069 0
-250 2108 3069 0

-250 3108 -3069 0
-250 3108 3069 0

-250 2108 3069 0
-70 2108 3069 0

-250 2108 -3069 0
-70 2108 -3069 0

-250 2108 3069 0
-250 2108 -3069 0

-70 2108 3069 0
-70 2108 -3069 0

-250 3108 -3069 0
-70 3108 -3069 0

-250 3108 3069 0
-70 3108 3069 0

-250 3108 -3069 0
-250 3108 3069 0

-70 3108 -3069 0
-70 3108 3069 0

-430 -4275 3069 0
-430 -3676.5 3069 0

-430 -3676.5 3069 0
-430 -3377.25 3069 0
-430 -3078 3069 0

-430 -3078 3069 0

-250 -4275 3069 0
-250 -3078 3069 0

-430 -4275 3069 0
-250 -4275 3069 0

-430 -3078 3069 0
-250 -3078 3069 0

-250 -4275 -3069 0
-250 -3078 -3069 0

-430 -4275 -3069 0
-430 -3078 -3069 0

-250 -4275 -3069 0
-430 -4275 -3069 0

-250 -3078 -3069 0
-430 -3078 -3069 0

-250 -4275 3069 0
-250 -3078 3069 0

-250 -4275 -3069 0
-250 -3078 -3069 0

-250 -4275 3069 0
-250 -4275 -3069 0

-250 -3078 3069 0
-250 -3078 -3069 0

-430 -4275 -3069 0
-430 -3078 -3069 0

-430 -4275 3069 0
-430 -3078 3069 0

-430 -4275 -3069 0
-430 -4275 3069 0

-430 -3078 -3069 0
-430 -3078 3069 0

-430 -4275 3069 0
-250 -4275 3069 0

-430 -4275 -3069 0
-250 -4275 -3069 0

-430 -4275 3069 0
-430 -4275 -3069 0

-250 -4275 3069 0
-250 -4275 -3069 0

-430 -3078 -3069 0
-250 -3078 -3069 0

-430 -3078 3069 0
-250 -3078 3069 0

-430 -3078 -3069 0
-430 -3078 3069 0

-250 -3078 -3069 0
-250 -3078 3069 0

-430 3078 3069 0
-430 3676.5 3069 0

-430 3676.5 3069 0
-430 3975.75 3069 0
-430 4275 3069 0

-430 4275 3069 0

-250 3078 3069 0
-250 4275 3069 0

-430 3078 3069 0
-250 3078 3069 0

-430 4275 3069 0
-250 4275 3069 0

-250 3078 -3069 0
-250 4275 -3069 0

-430 3078 -3069 0
-430 4275 -3069 0

-250 3078 -3069 0
-430 3078 -3069 0

-250 4275 -3069 0
-430 4275 -3069 0

-250 3078 3069 0
-250 4275 3069 0

-250 3078 -3069 0
-250 4275 -3069 0

-250 3078 3069 0
-250 3078 -3069 0

-250 4275 3069 0
-250 4275 -3069 0

-430 3078 -3069 0
-430 4275 -3069 0

-430 3078 3069 0
-430 4275 3069 0

-430 3078 -3069 0
-430 3078 3069 0

-430 4275 -3069 0
-430 4275 3069 0

-430 3078 3069 0
-250 3078 3069 0

-430 3078 -3069 0
-250 3078 -3069 0

-430 3078 3069 0
-430 3078 -3069 0

-250 3078 3069 0
-250 3078 -3069 0

-430 4275 -3069 0
-250 4275 -3069 0

-430 4275 3069 0
-250 4275 3069 0

-430 4275 -3069 0
-430 4275 3069 0

-250 4275 -3069 0
-250 4275 3069 0

# end of label='orange'
