# Temporary file generated by the 'geomtools::gnuplot_drawer'
# class for visualization.
# label='green'
-465 -7199 2539 0
-555 -7199 2539 0

-555 -7199 2539 0
-600 -7199 2539 0
-645 -7199 2539 0

-645 -7199 2539 0

-465 -7217 2539 0
-645 -7217 2539 0

-465 -7199 2539 0
-465 -7217 2539 0

-645 -7199 2539 0
-645 -7217 2539 0

-465 -7217 2999 0
-645 -7217 2999 0

-465 -7199 2999 0
-645 -7199 2999 0

-465 -7217 2999 0
-465 -7199 2999 0

-645 -7217 2999 0
-645 -7199 2999 0

-465 -7217 2539 0
-645 -7217 2539 0

-465 -7217 2999 0
-645 -7217 2999 0

-465 -7217 2539 0
-465 -7217 2999 0

-645 -7217 2539 0
-645 -7217 2999 0

-465 -7199 2999 0
-645 -7199 2999 0

-465 -7199 2539 0
-645 -7199 2539 0

-465 -7199 2999 0
-465 -7199 2539 0

-645 -7199 2999 0
-645 -7199 2539 0

-465 -7199 2539 0
-465 -7217 2539 0

-465 -7199 2999 0
-465 -7217 2999 0

-465 -7199 2539 0
-465 -7199 2999 0

-465 -7217 2539 0
-465 -7217 2999 0

-645 -7199 2999 0
-645 -7217 2999 0

-645 -7199 2539 0
-645 -7217 2539 0

-645 -7199 2999 0
-645 -7199 2539 0

-645 -7217 2999 0
-645 -7217 2539 0

-465 -7115.5 2519 0
-555 -7115.5 2519 0

-555 -7115.5 2519 0
-600 -7115.5 2519 0
-645 -7115.5 2519 0

-645 -7115.5 2519 0

-465 -7300.5 2519 0
-645 -7300.5 2519 0

-465 -7115.5 2519 0
-465 -7300.5 2519 0

-645 -7115.5 2519 0
-645 -7300.5 2519 0

-465 -7300.5 2539 0
-645 -7300.5 2539 0

-465 -7115.5 2539 0
-645 -7115.5 2539 0

-465 -7300.5 2539 0
-465 -7115.5 2539 0

-645 -7300.5 2539 0
-645 -7115.5 2539 0

-465 -7300.5 2519 0
-645 -7300.5 2519 0

-465 -7300.5 2539 0
-645 -7300.5 2539 0

-465 -7300.5 2519 0
-465 -7300.5 2539 0

-645 -7300.5 2519 0
-645 -7300.5 2539 0

-465 -7115.5 2539 0
-645 -7115.5 2539 0

-465 -7115.5 2519 0
-645 -7115.5 2519 0

-465 -7115.5 2539 0
-465 -7115.5 2519 0

-645 -7115.5 2539 0
-645 -7115.5 2519 0

-465 -7115.5 2519 0
-465 -7300.5 2519 0

-465 -7115.5 2539 0
-465 -7300.5 2539 0

-465 -7115.5 2519 0
-465 -7115.5 2539 0

-465 -7300.5 2519 0
-465 -7300.5 2539 0

-645 -7115.5 2539 0
-645 -7300.5 2539 0

-645 -7115.5 2519 0
-645 -7300.5 2519 0

-645 -7115.5 2539 0
-645 -7115.5 2519 0

-645 -7300.5 2539 0
-645 -7300.5 2519 0

-465 -7115.5 2999 0
-555 -7115.5 2999 0

-555 -7115.5 2999 0
-600 -7115.5 2999 0
-645 -7115.5 2999 0

-645 -7115.5 2999 0

-465 -7300.5 2999 0
-645 -7300.5 2999 0

-465 -7115.5 2999 0
-465 -7300.5 2999 0

-645 -7115.5 2999 0
-645 -7300.5 2999 0

-465 -7300.5 3019 0
-645 -7300.5 3019 0

-465 -7115.5 3019 0
-645 -7115.5 3019 0

-465 -7300.5 3019 0
-465 -7115.5 3019 0

-645 -7300.5 3019 0
-645 -7115.5 3019 0

-465 -7300.5 2999 0
-645 -7300.5 2999 0

-465 -7300.5 3019 0
-645 -7300.5 3019 0

-465 -7300.5 2999 0
-465 -7300.5 3019 0

-645 -7300.5 2999 0
-645 -7300.5 3019 0

-465 -7115.5 3019 0
-645 -7115.5 3019 0

-465 -7115.5 2999 0
-645 -7115.5 2999 0

-465 -7115.5 3019 0
-465 -7115.5 2999 0

-645 -7115.5 3019 0
-645 -7115.5 2999 0

-465 -7115.5 2999 0
-465 -7300.5 2999 0

-465 -7115.5 3019 0
-465 -7300.5 3019 0

-465 -7115.5 2999 0
-465 -7115.5 3019 0

-465 -7300.5 2999 0
-465 -7300.5 3019 0

-645 -7115.5 3019 0
-645 -7300.5 3019 0

-645 -7115.5 2999 0
-645 -7300.5 2999 0

-645 -7115.5 3019 0
-645 -7115.5 2999 0

-645 -7300.5 3019 0
-645 -7300.5 2999 0

-465 -4591 2539 0
-555 -4591 2539 0

-555 -4591 2539 0
-600 -4591 2539 0
-645 -4591 2539 0

-645 -4591 2539 0

-465 -4609 2539 0
-645 -4609 2539 0

-465 -4591 2539 0
-465 -4609 2539 0

-645 -4591 2539 0
-645 -4609 2539 0

-465 -4609 2999 0
-645 -4609 2999 0

-465 -4591 2999 0
-645 -4591 2999 0

-465 -4609 2999 0
-465 -4591 2999 0

-645 -4609 2999 0
-645 -4591 2999 0

-465 -4609 2539 0
-645 -4609 2539 0

-465 -4609 2999 0
-645 -4609 2999 0

-465 -4609 2539 0
-465 -4609 2999 0

-645 -4609 2539 0
-645 -4609 2999 0

-465 -4591 2999 0
-645 -4591 2999 0

-465 -4591 2539 0
-645 -4591 2539 0

-465 -4591 2999 0
-465 -4591 2539 0

-645 -4591 2999 0
-645 -4591 2539 0

-465 -4591 2539 0
-465 -4609 2539 0

-465 -4591 2999 0
-465 -4609 2999 0

-465 -4591 2539 0
-465 -4591 2999 0

-465 -4609 2539 0
-465 -4609 2999 0

-645 -4591 2999 0
-645 -4609 2999 0

-645 -4591 2539 0
-645 -4609 2539 0

-645 -4591 2999 0
-645 -4591 2539 0

-645 -4609 2999 0
-645 -4609 2539 0

-465 -4507.5 2519 0
-555 -4507.5 2519 0

-555 -4507.5 2519 0
-600 -4507.5 2519 0
-645 -4507.5 2519 0

-645 -4507.5 2519 0

-465 -4692.5 2519 0
-645 -4692.5 2519 0

-465 -4507.5 2519 0
-465 -4692.5 2519 0

-645 -4507.5 2519 0
-645 -4692.5 2519 0

-465 -4692.5 2539 0
-645 -4692.5 2539 0

-465 -4507.5 2539 0
-645 -4507.5 2539 0

-465 -4692.5 2539 0
-465 -4507.5 2539 0

-645 -4692.5 2539 0
-645 -4507.5 2539 0

-465 -4692.5 2519 0
-645 -4692.5 2519 0

-465 -4692.5 2539 0
-645 -4692.5 2539 0

-465 -4692.5 2519 0
-465 -4692.5 2539 0

-645 -4692.5 2519 0
-645 -4692.5 2539 0

-465 -4507.5 2539 0
-645 -4507.5 2539 0

-465 -4507.5 2519 0
-645 -4507.5 2519 0

-465 -4507.5 2539 0
-465 -4507.5 2519 0

-645 -4507.5 2539 0
-645 -4507.5 2519 0

-465 -4507.5 2519 0
-465 -4692.5 2519 0

-465 -4507.5 2539 0
-465 -4692.5 2539 0

-465 -4507.5 2519 0
-465 -4507.5 2539 0

-465 -4692.5 2519 0
-465 -4692.5 2539 0

-645 -4507.5 2539 0
-645 -4692.5 2539 0

-645 -4507.5 2519 0
-645 -4692.5 2519 0

-645 -4507.5 2539 0
-645 -4507.5 2519 0

-645 -4692.5 2539 0
-645 -4692.5 2519 0

-465 -4507.5 2999 0
-555 -4507.5 2999 0

-555 -4507.5 2999 0
-600 -4507.5 2999 0
-645 -4507.5 2999 0

-645 -4507.5 2999 0

-465 -4692.5 2999 0
-645 -4692.5 2999 0

-465 -4507.5 2999 0
-465 -4692.5 2999 0

-645 -4507.5 2999 0
-645 -4692.5 2999 0

-465 -4692.5 3019 0
-645 -4692.5 3019 0

-465 -4507.5 3019 0
-645 -4507.5 3019 0

-465 -4692.5 3019 0
-465 -4507.5 3019 0

-645 -4692.5 3019 0
-645 -4507.5 3019 0

-465 -4692.5 2999 0
-645 -4692.5 2999 0

-465 -4692.5 3019 0
-645 -4692.5 3019 0

-465 -4692.5 2999 0
-465 -4692.5 3019 0

-645 -4692.5 2999 0
-645 -4692.5 3019 0

-465 -4507.5 3019 0
-645 -4507.5 3019 0

-465 -4507.5 2999 0
-645 -4507.5 2999 0

-465 -4507.5 3019 0
-465 -4507.5 2999 0

-645 -4507.5 3019 0
-645 -4507.5 2999 0

-465 -4507.5 2999 0
-465 -4692.5 2999 0

-465 -4507.5 3019 0
-465 -4692.5 3019 0

-465 -4507.5 2999 0
-465 -4507.5 3019 0

-465 -4692.5 2999 0
-465 -4692.5 3019 0

-645 -4507.5 3019 0
-645 -4692.5 3019 0

-645 -4507.5 2999 0
-645 -4692.5 2999 0

-645 -4507.5 3019 0
-645 -4507.5 2999 0

-645 -4692.5 3019 0
-645 -4692.5 2999 0

-465 -1983 2539 0
-555 -1983 2539 0

-555 -1983 2539 0
-600 -1983 2539 0
-645 -1983 2539 0

-645 -1983 2539 0

-465 -2001 2539 0
-645 -2001 2539 0

-465 -1983 2539 0
-465 -2001 2539 0

-645 -1983 2539 0
-645 -2001 2539 0

-465 -2001 2999 0
-645 -2001 2999 0

-465 -1983 2999 0
-645 -1983 2999 0

-465 -2001 2999 0
-465 -1983 2999 0

-645 -2001 2999 0
-645 -1983 2999 0

-465 -2001 2539 0
-645 -2001 2539 0

-465 -2001 2999 0
-645 -2001 2999 0

-465 -2001 2539 0
-465 -2001 2999 0

-645 -2001 2539 0
-645 -2001 2999 0

-465 -1983 2999 0
-645 -1983 2999 0

-465 -1983 2539 0
-645 -1983 2539 0

-465 -1983 2999 0
-465 -1983 2539 0

-645 -1983 2999 0
-645 -1983 2539 0

-465 -1983 2539 0
-465 -2001 2539 0

-465 -1983 2999 0
-465 -2001 2999 0

-465 -1983 2539 0
-465 -1983 2999 0

-465 -2001 2539 0
-465 -2001 2999 0

-645 -1983 2999 0
-645 -2001 2999 0

-645 -1983 2539 0
-645 -2001 2539 0

-645 -1983 2999 0
-645 -1983 2539 0

-645 -2001 2999 0
-645 -2001 2539 0

-465 -1899.5 2519 0
-555 -1899.5 2519 0

-555 -1899.5 2519 0
-600 -1899.5 2519 0
-645 -1899.5 2519 0

-645 -1899.5 2519 0

-465 -2084.5 2519 0
-645 -2084.5 2519 0

-465 -1899.5 2519 0
-465 -2084.5 2519 0

-645 -1899.5 2519 0
-645 -2084.5 2519 0

-465 -2084.5 2539 0
-645 -2084.5 2539 0

-465 -1899.5 2539 0
-645 -1899.5 2539 0

-465 -2084.5 2539 0
-465 -1899.5 2539 0

-645 -2084.5 2539 0
-645 -1899.5 2539 0

-465 -2084.5 2519 0
-645 -2084.5 2519 0

-465 -2084.5 2539 0
-645 -2084.5 2539 0

-465 -2084.5 2519 0
-465 -2084.5 2539 0

-645 -2084.5 2519 0
-645 -2084.5 2539 0

-465 -1899.5 2539 0
-645 -1899.5 2539 0

-465 -1899.5 2519 0
-645 -1899.5 2519 0

-465 -1899.5 2539 0
-465 -1899.5 2519 0

-645 -1899.5 2539 0
-645 -1899.5 2519 0

-465 -1899.5 2519 0
-465 -2084.5 2519 0

-465 -1899.5 2539 0
-465 -2084.5 2539 0

-465 -1899.5 2519 0
-465 -1899.5 2539 0

-465 -2084.5 2519 0
-465 -2084.5 2539 0

-645 -1899.5 2539 0
-645 -2084.5 2539 0

-645 -1899.5 2519 0
-645 -2084.5 2519 0

-645 -1899.5 2539 0
-645 -1899.5 2519 0

-645 -2084.5 2539 0
-645 -2084.5 2519 0

-465 -1899.5 2999 0
-555 -1899.5 2999 0

-555 -1899.5 2999 0
-600 -1899.5 2999 0
-645 -1899.5 2999 0

-645 -1899.5 2999 0

-465 -2084.5 2999 0
-645 -2084.5 2999 0

-465 -1899.5 2999 0
-465 -2084.5 2999 0

-645 -1899.5 2999 0
-645 -2084.5 2999 0

-465 -2084.5 3019 0
-645 -2084.5 3019 0

-465 -1899.5 3019 0
-645 -1899.5 3019 0

-465 -2084.5 3019 0
-465 -1899.5 3019 0

-645 -2084.5 3019 0
-645 -1899.5 3019 0

-465 -2084.5 2999 0
-645 -2084.5 2999 0

-465 -2084.5 3019 0
-645 -2084.5 3019 0

-465 -2084.5 2999 0
-465 -2084.5 3019 0

-645 -2084.5 2999 0
-645 -2084.5 3019 0

-465 -1899.5 3019 0
-645 -1899.5 3019 0

-465 -1899.5 2999 0
-645 -1899.5 2999 0

-465 -1899.5 3019 0
-465 -1899.5 2999 0

-645 -1899.5 3019 0
-645 -1899.5 2999 0

-465 -1899.5 2999 0
-465 -2084.5 2999 0

-465 -1899.5 3019 0
-465 -2084.5 3019 0

-465 -1899.5 2999 0
-465 -1899.5 3019 0

-465 -2084.5 2999 0
-465 -2084.5 3019 0

-645 -1899.5 3019 0
-645 -2084.5 3019 0

-645 -1899.5 2999 0
-645 -2084.5 2999 0

-645 -1899.5 3019 0
-645 -1899.5 2999 0

-645 -2084.5 3019 0
-645 -2084.5 2999 0

645 -7195.25 -3039 0
180 -7195.25 -3039 0

180 -7195.25 -3039 0
-52.5 -7195.25 -3039 0
-285 -7195.25 -3039 0

-285 -7195.25 -3039 0

645 -7220.75 -3039 0
-285 -7220.75 -3039 0

645 -7195.25 -3039 0
645 -7220.75 -3039 0

-285 -7195.25 -3039 0
-285 -7220.75 -3039 0

645 -7220.75 -2499 0
-285 -7220.75 -2499 0

645 -7195.25 -2499 0
-285 -7195.25 -2499 0

645 -7220.75 -2499 0
645 -7195.25 -2499 0

-285 -7220.75 -2499 0
-285 -7195.25 -2499 0

645 -7220.75 -3039 0
-285 -7220.75 -3039 0

645 -7220.75 -2499 0
-285 -7220.75 -2499 0

645 -7220.75 -3039 0
645 -7220.75 -2499 0

-285 -7220.75 -3039 0
-285 -7220.75 -2499 0

645 -7195.25 -2499 0
-285 -7195.25 -2499 0

645 -7195.25 -3039 0
-285 -7195.25 -3039 0

645 -7195.25 -2499 0
645 -7195.25 -3039 0

-285 -7195.25 -2499 0
-285 -7195.25 -3039 0

645 -7195.25 -3039 0
645 -7220.75 -3039 0

645 -7195.25 -2499 0
645 -7220.75 -2499 0

645 -7195.25 -3039 0
645 -7195.25 -2499 0

645 -7220.75 -3039 0
645 -7220.75 -2499 0

-285 -7195.25 -2499 0
-285 -7220.75 -2499 0

-285 -7195.25 -3039 0
-285 -7220.75 -3039 0

-285 -7195.25 -2499 0
-285 -7195.25 -3039 0

-285 -7220.75 -2499 0
-285 -7220.75 -3039 0

645 -7058 -3069 0
180 -7058 -3069 0

180 -7058 -3069 0
-52.5 -7058 -3069 0
-285 -7058 -3069 0

-285 -7058 -3069 0

645 -7358 -3069 0
-285 -7358 -3069 0

645 -7058 -3069 0
645 -7358 -3069 0

-285 -7058 -3069 0
-285 -7358 -3069 0

645 -7358 -3039 0
-285 -7358 -3039 0

645 -7058 -3039 0
-285 -7058 -3039 0

645 -7358 -3039 0
645 -7058 -3039 0

-285 -7358 -3039 0
-285 -7058 -3039 0

645 -7358 -3069 0
-285 -7358 -3069 0

645 -7358 -3039 0
-285 -7358 -3039 0

645 -7358 -3069 0
645 -7358 -3039 0

-285 -7358 -3069 0
-285 -7358 -3039 0

645 -7058 -3039 0
-285 -7058 -3039 0

645 -7058 -3069 0
-285 -7058 -3069 0

645 -7058 -3039 0
645 -7058 -3069 0

-285 -7058 -3039 0
-285 -7058 -3069 0

645 -7058 -3069 0
645 -7358 -3069 0

645 -7058 -3039 0
645 -7358 -3039 0

645 -7058 -3069 0
645 -7058 -3039 0

645 -7358 -3069 0
645 -7358 -3039 0

-285 -7058 -3039 0
-285 -7358 -3039 0

-285 -7058 -3069 0
-285 -7358 -3069 0

-285 -7058 -3039 0
-285 -7058 -3069 0

-285 -7358 -3039 0
-285 -7358 -3069 0

645 -7058 -2499 0
180 -7058 -2499 0

180 -7058 -2499 0
-52.5 -7058 -2499 0
-285 -7058 -2499 0

-285 -7058 -2499 0

645 -7358 -2499 0
-285 -7358 -2499 0

645 -7058 -2499 0
645 -7358 -2499 0

-285 -7058 -2499 0
-285 -7358 -2499 0

645 -7358 -2469 0
-285 -7358 -2469 0

645 -7058 -2469 0
-285 -7058 -2469 0

645 -7358 -2469 0
645 -7058 -2469 0

-285 -7358 -2469 0
-285 -7058 -2469 0

645 -7358 -2499 0
-285 -7358 -2499 0

645 -7358 -2469 0
-285 -7358 -2469 0

645 -7358 -2499 0
645 -7358 -2469 0

-285 -7358 -2499 0
-285 -7358 -2469 0

645 -7058 -2469 0
-285 -7058 -2469 0

645 -7058 -2499 0
-285 -7058 -2499 0

645 -7058 -2469 0
645 -7058 -2499 0

-285 -7058 -2469 0
-285 -7058 -2499 0

645 -7058 -2499 0
645 -7358 -2499 0

645 -7058 -2469 0
645 -7358 -2469 0

645 -7058 -2499 0
645 -7058 -2469 0

645 -7358 -2499 0
645 -7358 -2469 0

-285 -7058 -2469 0
-285 -7358 -2469 0

-285 -7058 -2499 0
-285 -7358 -2499 0

-285 -7058 -2469 0
-285 -7058 -2499 0

-285 -7358 -2469 0
-285 -7358 -2499 0

645 -4587.25 -3039 0
180 -4587.25 -3039 0

180 -4587.25 -3039 0
-52.5 -4587.25 -3039 0
-285 -4587.25 -3039 0

-285 -4587.25 -3039 0

645 -4612.75 -3039 0
-285 -4612.75 -3039 0

645 -4587.25 -3039 0
645 -4612.75 -3039 0

-285 -4587.25 -3039 0
-285 -4612.75 -3039 0

645 -4612.75 -2499 0
-285 -4612.75 -2499 0

645 -4587.25 -2499 0
-285 -4587.25 -2499 0

645 -4612.75 -2499 0
645 -4587.25 -2499 0

-285 -4612.75 -2499 0
-285 -4587.25 -2499 0

645 -4612.75 -3039 0
-285 -4612.75 -3039 0

645 -4612.75 -2499 0
-285 -4612.75 -2499 0

645 -4612.75 -3039 0
645 -4612.75 -2499 0

-285 -4612.75 -3039 0
-285 -4612.75 -2499 0

645 -4587.25 -2499 0
-285 -4587.25 -2499 0

645 -4587.25 -3039 0
-285 -4587.25 -3039 0

645 -4587.25 -2499 0
645 -4587.25 -3039 0

-285 -4587.25 -2499 0
-285 -4587.25 -3039 0

645 -4587.25 -3039 0
645 -4612.75 -3039 0

645 -4587.25 -2499 0
645 -4612.75 -2499 0

645 -4587.25 -3039 0
645 -4587.25 -2499 0

645 -4612.75 -3039 0
645 -4612.75 -2499 0

-285 -4587.25 -2499 0
-285 -4612.75 -2499 0

-285 -4587.25 -3039 0
-285 -4612.75 -3039 0

-285 -4587.25 -2499 0
-285 -4587.25 -3039 0

-285 -4612.75 -2499 0
-285 -4612.75 -3039 0

645 -4450 -3069 0
180 -4450 -3069 0

180 -4450 -3069 0
-52.5 -4450 -3069 0
-285 -4450 -3069 0

-285 -4450 -3069 0

645 -4750 -3069 0
-285 -4750 -3069 0

645 -4450 -3069 0
645 -4750 -3069 0

-285 -4450 -3069 0
-285 -4750 -3069 0

645 -4750 -3039 0
-285 -4750 -3039 0

645 -4450 -3039 0
-285 -4450 -3039 0

645 -4750 -3039 0
645 -4450 -3039 0

-285 -4750 -3039 0
-285 -4450 -3039 0

645 -4750 -3069 0
-285 -4750 -3069 0

645 -4750 -3039 0
-285 -4750 -3039 0

645 -4750 -3069 0
645 -4750 -3039 0

-285 -4750 -3069 0
-285 -4750 -3039 0

645 -4450 -3039 0
-285 -4450 -3039 0

645 -4450 -3069 0
-285 -4450 -3069 0

645 -4450 -3039 0
645 -4450 -3069 0

-285 -4450 -3039 0
-285 -4450 -3069 0

645 -4450 -3069 0
645 -4750 -3069 0

645 -4450 -3039 0
645 -4750 -3039 0

645 -4450 -3069 0
645 -4450 -3039 0

645 -4750 -3069 0
645 -4750 -3039 0

-285 -4450 -3039 0
-285 -4750 -3039 0

-285 -4450 -3069 0
-285 -4750 -3069 0

-285 -4450 -3039 0
-285 -4450 -3069 0

-285 -4750 -3039 0
-285 -4750 -3069 0

645 -4450 -2499 0
180 -4450 -2499 0

180 -4450 -2499 0
-52.5 -4450 -2499 0
-285 -4450 -2499 0

-285 -4450 -2499 0

645 -4750 -2499 0
-285 -4750 -2499 0

645 -4450 -2499 0
645 -4750 -2499 0

-285 -4450 -2499 0
-285 -4750 -2499 0

645 -4750 -2469 0
-285 -4750 -2469 0

645 -4450 -2469 0
-285 -4450 -2469 0

645 -4750 -2469 0
645 -4450 -2469 0

-285 -4750 -2469 0
-285 -4450 -2469 0

645 -4750 -2499 0
-285 -4750 -2499 0

645 -4750 -2469 0
-285 -4750 -2469 0

645 -4750 -2499 0
645 -4750 -2469 0

-285 -4750 -2499 0
-285 -4750 -2469 0

645 -4450 -2469 0
-285 -4450 -2469 0

645 -4450 -2499 0
-285 -4450 -2499 0

645 -4450 -2469 0
645 -4450 -2499 0

-285 -4450 -2469 0
-285 -4450 -2499 0

645 -4450 -2499 0
645 -4750 -2499 0

645 -4450 -2469 0
645 -4750 -2469 0

645 -4450 -2499 0
645 -4450 -2469 0

645 -4750 -2499 0
645 -4750 -2469 0

-285 -4450 -2469 0
-285 -4750 -2469 0

-285 -4450 -2499 0
-285 -4750 -2499 0

-285 -4450 -2469 0
-285 -4450 -2499 0

-285 -4750 -2469 0
-285 -4750 -2499 0

645 -1979.25 -3039 0
180 -1979.25 -3039 0

180 -1979.25 -3039 0
-52.5 -1979.25 -3039 0
-285 -1979.25 -3039 0

-285 -1979.25 -3039 0

645 -2004.75 -3039 0
-285 -2004.75 -3039 0

645 -1979.25 -3039 0
645 -2004.75 -3039 0

-285 -1979.25 -3039 0
-285 -2004.75 -3039 0

645 -2004.75 -2499 0
-285 -2004.75 -2499 0

645 -1979.25 -2499 0
-285 -1979.25 -2499 0

645 -2004.75 -2499 0
645 -1979.25 -2499 0

-285 -2004.75 -2499 0
-285 -1979.25 -2499 0

645 -2004.75 -3039 0
-285 -2004.75 -3039 0

645 -2004.75 -2499 0
-285 -2004.75 -2499 0

645 -2004.75 -3039 0
645 -2004.75 -2499 0

-285 -2004.75 -3039 0
-285 -2004.75 -2499 0

645 -1979.25 -2499 0
-285 -1979.25 -2499 0

645 -1979.25 -3039 0
-285 -1979.25 -3039 0

645 -1979.25 -2499 0
645 -1979.25 -3039 0

-285 -1979.25 -2499 0
-285 -1979.25 -3039 0

645 -1979.25 -3039 0
645 -2004.75 -3039 0

645 -1979.25 -2499 0
645 -2004.75 -2499 0

645 -1979.25 -3039 0
645 -1979.25 -2499 0

645 -2004.75 -3039 0
645 -2004.75 -2499 0

-285 -1979.25 -2499 0
-285 -2004.75 -2499 0

-285 -1979.25 -3039 0
-285 -2004.75 -3039 0

-285 -1979.25 -2499 0
-285 -1979.25 -3039 0

-285 -2004.75 -2499 0
-285 -2004.75 -3039 0

645 -1842 -3069 0
180 -1842 -3069 0

180 -1842 -3069 0
-52.5 -1842 -3069 0
-285 -1842 -3069 0

-285 -1842 -3069 0

645 -2142 -3069 0
-285 -2142 -3069 0

645 -1842 -3069 0
645 -2142 -3069 0

-285 -1842 -3069 0
-285 -2142 -3069 0

645 -2142 -3039 0
-285 -2142 -3039 0

645 -1842 -3039 0
-285 -1842 -3039 0

645 -2142 -3039 0
645 -1842 -3039 0

-285 -2142 -3039 0
-285 -1842 -3039 0

645 -2142 -3069 0
-285 -2142 -3069 0

645 -2142 -3039 0
-285 -2142 -3039 0

645 -2142 -3069 0
645 -2142 -3039 0

-285 -2142 -3069 0
-285 -2142 -3039 0

645 -1842 -3039 0
-285 -1842 -3039 0

645 -1842 -3069 0
-285 -1842 -3069 0

645 -1842 -3039 0
645 -1842 -3069 0

-285 -1842 -3039 0
-285 -1842 -3069 0

645 -1842 -3069 0
645 -2142 -3069 0

645 -1842 -3039 0
645 -2142 -3039 0

645 -1842 -3069 0
645 -1842 -3039 0

645 -2142 -3069 0
645 -2142 -3039 0

-285 -1842 -3039 0
-285 -2142 -3039 0

-285 -1842 -3069 0
-285 -2142 -3069 0

-285 -1842 -3039 0
-285 -1842 -3069 0

-285 -2142 -3039 0
-285 -2142 -3069 0

645 -1842 -2499 0
180 -1842 -2499 0

180 -1842 -2499 0
-52.5 -1842 -2499 0
-285 -1842 -2499 0

-285 -1842 -2499 0

645 -2142 -2499 0
-285 -2142 -2499 0

645 -1842 -2499 0
645 -2142 -2499 0

-285 -1842 -2499 0
-285 -2142 -2499 0

645 -2142 -2469 0
-285 -2142 -2469 0

645 -1842 -2469 0
-285 -1842 -2469 0

645 -2142 -2469 0
645 -1842 -2469 0

-285 -2142 -2469 0
-285 -1842 -2469 0

645 -2142 -2499 0
-285 -2142 -2499 0

645 -2142 -2469 0
-285 -2142 -2469 0

645 -2142 -2499 0
645 -2142 -2469 0

-285 -2142 -2499 0
-285 -2142 -2469 0

645 -1842 -2469 0
-285 -1842 -2469 0

645 -1842 -2499 0
-285 -1842 -2499 0

645 -1842 -2469 0
645 -1842 -2499 0

-285 -1842 -2469 0
-285 -1842 -2499 0

645 -1842 -2499 0
645 -2142 -2499 0

645 -1842 -2469 0
645 -2142 -2469 0

645 -1842 -2499 0
645 -1842 -2469 0

645 -2142 -2499 0
645 -2142 -2469 0

-285 -1842 -2469 0
-285 -2142 -2469 0

-285 -1842 -2499 0
-285 -2142 -2499 0

-285 -1842 -2469 0
-285 -1842 -2499 0

-285 -2142 -2469 0
-285 -2142 -2499 0

645 -7199 2539 0
180 -7199 2539 0

180 -7199 2539 0
-52.5 -7199 2539 0
-285 -7199 2539 0

-285 -7199 2539 0

645 -7217 2539 0
-285 -7217 2539 0

645 -7199 2539 0
645 -7217 2539 0

-285 -7199 2539 0
-285 -7217 2539 0

645 -7217 2999 0
-285 -7217 2999 0

645 -7199 2999 0
-285 -7199 2999 0

645 -7217 2999 0
645 -7199 2999 0

-285 -7217 2999 0
-285 -7199 2999 0

645 -7217 2539 0
-285 -7217 2539 0

645 -7217 2999 0
-285 -7217 2999 0

645 -7217 2539 0
645 -7217 2999 0

-285 -7217 2539 0
-285 -7217 2999 0

645 -7199 2999 0
-285 -7199 2999 0

645 -7199 2539 0
-285 -7199 2539 0

645 -7199 2999 0
645 -7199 2539 0

-285 -7199 2999 0
-285 -7199 2539 0

645 -7199 2539 0
645 -7217 2539 0

645 -7199 2999 0
645 -7217 2999 0

645 -7199 2539 0
645 -7199 2999 0

645 -7217 2539 0
645 -7217 2999 0

-285 -7199 2999 0
-285 -7217 2999 0

-285 -7199 2539 0
-285 -7217 2539 0

-285 -7199 2999 0
-285 -7199 2539 0

-285 -7217 2999 0
-285 -7217 2539 0

645 -7115.5 2519 0
180 -7115.5 2519 0

180 -7115.5 2519 0
-52.5 -7115.5 2519 0
-285 -7115.5 2519 0

-285 -7115.5 2519 0

645 -7300.5 2519 0
-285 -7300.5 2519 0

645 -7115.5 2519 0
645 -7300.5 2519 0

-285 -7115.5 2519 0
-285 -7300.5 2519 0

645 -7300.5 2539 0
-285 -7300.5 2539 0

645 -7115.5 2539 0
-285 -7115.5 2539 0

645 -7300.5 2539 0
645 -7115.5 2539 0

-285 -7300.5 2539 0
-285 -7115.5 2539 0

645 -7300.5 2519 0
-285 -7300.5 2519 0

645 -7300.5 2539 0
-285 -7300.5 2539 0

645 -7300.5 2519 0
645 -7300.5 2539 0

-285 -7300.5 2519 0
-285 -7300.5 2539 0

645 -7115.5 2539 0
-285 -7115.5 2539 0

645 -7115.5 2519 0
-285 -7115.5 2519 0

645 -7115.5 2539 0
645 -7115.5 2519 0

-285 -7115.5 2539 0
-285 -7115.5 2519 0

645 -7115.5 2519 0
645 -7300.5 2519 0

645 -7115.5 2539 0
645 -7300.5 2539 0

645 -7115.5 2519 0
645 -7115.5 2539 0

645 -7300.5 2519 0
645 -7300.5 2539 0

-285 -7115.5 2539 0
-285 -7300.5 2539 0

-285 -7115.5 2519 0
-285 -7300.5 2519 0

-285 -7115.5 2539 0
-285 -7115.5 2519 0

-285 -7300.5 2539 0
-285 -7300.5 2519 0

645 -7115.5 2999 0
180 -7115.5 2999 0

180 -7115.5 2999 0
-52.5 -7115.5 2999 0
-285 -7115.5 2999 0

-285 -7115.5 2999 0

645 -7300.5 2999 0
-285 -7300.5 2999 0

645 -7115.5 2999 0
645 -7300.5 2999 0

-285 -7115.5 2999 0
-285 -7300.5 2999 0

645 -7300.5 3019 0
-285 -7300.5 3019 0

645 -7115.5 3019 0
-285 -7115.5 3019 0

645 -7300.5 3019 0
645 -7115.5 3019 0

-285 -7300.5 3019 0
-285 -7115.5 3019 0

645 -7300.5 2999 0
-285 -7300.5 2999 0

645 -7300.5 3019 0
-285 -7300.5 3019 0

645 -7300.5 2999 0
645 -7300.5 3019 0

-285 -7300.5 2999 0
-285 -7300.5 3019 0

645 -7115.5 3019 0
-285 -7115.5 3019 0

645 -7115.5 2999 0
-285 -7115.5 2999 0

645 -7115.5 3019 0
645 -7115.5 2999 0

-285 -7115.5 3019 0
-285 -7115.5 2999 0

645 -7115.5 2999 0
645 -7300.5 2999 0

645 -7115.5 3019 0
645 -7300.5 3019 0

645 -7115.5 2999 0
645 -7115.5 3019 0

645 -7300.5 2999 0
645 -7300.5 3019 0

-285 -7115.5 3019 0
-285 -7300.5 3019 0

-285 -7115.5 2999 0
-285 -7300.5 2999 0

-285 -7115.5 3019 0
-285 -7115.5 2999 0

-285 -7300.5 3019 0
-285 -7300.5 2999 0

645 -4591 2539 0
180 -4591 2539 0

180 -4591 2539 0
-52.5 -4591 2539 0
-285 -4591 2539 0

-285 -4591 2539 0

645 -4609 2539 0
-285 -4609 2539 0

645 -4591 2539 0
645 -4609 2539 0

-285 -4591 2539 0
-285 -4609 2539 0

645 -4609 2999 0
-285 -4609 2999 0

645 -4591 2999 0
-285 -4591 2999 0

645 -4609 2999 0
645 -4591 2999 0

-285 -4609 2999 0
-285 -4591 2999 0

645 -4609 2539 0
-285 -4609 2539 0

645 -4609 2999 0
-285 -4609 2999 0

645 -4609 2539 0
645 -4609 2999 0

-285 -4609 2539 0
-285 -4609 2999 0

645 -4591 2999 0
-285 -4591 2999 0

645 -4591 2539 0
-285 -4591 2539 0

645 -4591 2999 0
645 -4591 2539 0

-285 -4591 2999 0
-285 -4591 2539 0

645 -4591 2539 0
645 -4609 2539 0

645 -4591 2999 0
645 -4609 2999 0

645 -4591 2539 0
645 -4591 2999 0

645 -4609 2539 0
645 -4609 2999 0

-285 -4591 2999 0
-285 -4609 2999 0

-285 -4591 2539 0
-285 -4609 2539 0

-285 -4591 2999 0
-285 -4591 2539 0

-285 -4609 2999 0
-285 -4609 2539 0

645 -4507.5 2519 0
180 -4507.5 2519 0

180 -4507.5 2519 0
-52.5 -4507.5 2519 0
-285 -4507.5 2519 0

-285 -4507.5 2519 0

645 -4692.5 2519 0
-285 -4692.5 2519 0

645 -4507.5 2519 0
645 -4692.5 2519 0

-285 -4507.5 2519 0
-285 -4692.5 2519 0

645 -4692.5 2539 0
-285 -4692.5 2539 0

645 -4507.5 2539 0
-285 -4507.5 2539 0

645 -4692.5 2539 0
645 -4507.5 2539 0

-285 -4692.5 2539 0
-285 -4507.5 2539 0

645 -4692.5 2519 0
-285 -4692.5 2519 0

645 -4692.5 2539 0
-285 -4692.5 2539 0

645 -4692.5 2519 0
645 -4692.5 2539 0

-285 -4692.5 2519 0
-285 -4692.5 2539 0

645 -4507.5 2539 0
-285 -4507.5 2539 0

645 -4507.5 2519 0
-285 -4507.5 2519 0

645 -4507.5 2539 0
645 -4507.5 2519 0

-285 -4507.5 2539 0
-285 -4507.5 2519 0

645 -4507.5 2519 0
645 -4692.5 2519 0

645 -4507.5 2539 0
645 -4692.5 2539 0

645 -4507.5 2519 0
645 -4507.5 2539 0

645 -4692.5 2519 0
645 -4692.5 2539 0

-285 -4507.5 2539 0
-285 -4692.5 2539 0

-285 -4507.5 2519 0
-285 -4692.5 2519 0

-285 -4507.5 2539 0
-285 -4507.5 2519 0

-285 -4692.5 2539 0
-285 -4692.5 2519 0

645 -4507.5 2999 0
180 -4507.5 2999 0

180 -4507.5 2999 0
-52.5 -4507.5 2999 0
-285 -4507.5 2999 0

-285 -4507.5 2999 0

645 -4692.5 2999 0
-285 -4692.5 2999 0

645 -4507.5 2999 0
645 -4692.5 2999 0

-285 -4507.5 2999 0
-285 -4692.5 2999 0

645 -4692.5 3019 0
-285 -4692.5 3019 0

645 -4507.5 3019 0
-285 -4507.5 3019 0

645 -4692.5 3019 0
645 -4507.5 3019 0

-285 -4692.5 3019 0
-285 -4507.5 3019 0

645 -4692.5 2999 0
-285 -4692.5 2999 0

645 -4692.5 3019 0
-285 -4692.5 3019 0

645 -4692.5 2999 0
645 -4692.5 3019 0

-285 -4692.5 2999 0
-285 -4692.5 3019 0

645 -4507.5 3019 0
-285 -4507.5 3019 0

645 -4507.5 2999 0
-285 -4507.5 2999 0

645 -4507.5 3019 0
645 -4507.5 2999 0

-285 -4507.5 3019 0
-285 -4507.5 2999 0

645 -4507.5 2999 0
645 -4692.5 2999 0

645 -4507.5 3019 0
645 -4692.5 3019 0

645 -4507.5 2999 0
645 -4507.5 3019 0

645 -4692.5 2999 0
645 -4692.5 3019 0

-285 -4507.5 3019 0
-285 -4692.5 3019 0

-285 -4507.5 2999 0
-285 -4692.5 2999 0

-285 -4507.5 3019 0
-285 -4507.5 2999 0

-285 -4692.5 3019 0
-285 -4692.5 2999 0

645 -1983 2539 0
180 -1983 2539 0

180 -1983 2539 0
-52.5 -1983 2539 0
-285 -1983 2539 0

-285 -1983 2539 0

645 -2001 2539 0
-285 -2001 2539 0

645 -1983 2539 0
645 -2001 2539 0

-285 -1983 2539 0
-285 -2001 2539 0

645 -2001 2999 0
-285 -2001 2999 0

645 -1983 2999 0
-285 -1983 2999 0

645 -2001 2999 0
645 -1983 2999 0

-285 -2001 2999 0
-285 -1983 2999 0

645 -2001 2539 0
-285 -2001 2539 0

645 -2001 2999 0
-285 -2001 2999 0

645 -2001 2539 0
645 -2001 2999 0

-285 -2001 2539 0
-285 -2001 2999 0

645 -1983 2999 0
-285 -1983 2999 0

645 -1983 2539 0
-285 -1983 2539 0

645 -1983 2999 0
645 -1983 2539 0

-285 -1983 2999 0
-285 -1983 2539 0

645 -1983 2539 0
645 -2001 2539 0

645 -1983 2999 0
645 -2001 2999 0

645 -1983 2539 0
645 -1983 2999 0

645 -2001 2539 0
645 -2001 2999 0

-285 -1983 2999 0
-285 -2001 2999 0

-285 -1983 2539 0
-285 -2001 2539 0

-285 -1983 2999 0
-285 -1983 2539 0

-285 -2001 2999 0
-285 -2001 2539 0

645 -1899.5 2519 0
180 -1899.5 2519 0

180 -1899.5 2519 0
-52.5 -1899.5 2519 0
-285 -1899.5 2519 0

-285 -1899.5 2519 0

645 -2084.5 2519 0
-285 -2084.5 2519 0

645 -1899.5 2519 0
645 -2084.5 2519 0

-285 -1899.5 2519 0
-285 -2084.5 2519 0

645 -2084.5 2539 0
-285 -2084.5 2539 0

645 -1899.5 2539 0
-285 -1899.5 2539 0

645 -2084.5 2539 0
645 -1899.5 2539 0

-285 -2084.5 2539 0
-285 -1899.5 2539 0

645 -2084.5 2519 0
-285 -2084.5 2519 0

645 -2084.5 2539 0
-285 -2084.5 2539 0

645 -2084.5 2519 0
645 -2084.5 2539 0

-285 -2084.5 2519 0
-285 -2084.5 2539 0

645 -1899.5 2539 0
-285 -1899.5 2539 0

645 -1899.5 2519 0
-285 -1899.5 2519 0

645 -1899.5 2539 0
645 -1899.5 2519 0

-285 -1899.5 2539 0
-285 -1899.5 2519 0

645 -1899.5 2519 0
645 -2084.5 2519 0

645 -1899.5 2539 0
645 -2084.5 2539 0

645 -1899.5 2519 0
645 -1899.5 2539 0

645 -2084.5 2519 0
645 -2084.5 2539 0

-285 -1899.5 2539 0
-285 -2084.5 2539 0

-285 -1899.5 2519 0
-285 -2084.5 2519 0

-285 -1899.5 2539 0
-285 -1899.5 2519 0

-285 -2084.5 2539 0
-285 -2084.5 2519 0

645 -1899.5 2999 0
180 -1899.5 2999 0

180 -1899.5 2999 0
-52.5 -1899.5 2999 0
-285 -1899.5 2999 0

-285 -1899.5 2999 0

645 -2084.5 2999 0
-285 -2084.5 2999 0

645 -1899.5 2999 0
645 -2084.5 2999 0

-285 -1899.5 2999 0
-285 -2084.5 2999 0

645 -2084.5 3019 0
-285 -2084.5 3019 0

645 -1899.5 3019 0
-285 -1899.5 3019 0

645 -2084.5 3019 0
645 -1899.5 3019 0

-285 -2084.5 3019 0
-285 -1899.5 3019 0

645 -2084.5 2999 0
-285 -2084.5 2999 0

645 -2084.5 3019 0
-285 -2084.5 3019 0

645 -2084.5 2999 0
645 -2084.5 3019 0

-285 -2084.5 2999 0
-285 -2084.5 3019 0

645 -1899.5 3019 0
-285 -1899.5 3019 0

645 -1899.5 2999 0
-285 -1899.5 2999 0

645 -1899.5 3019 0
645 -1899.5 2999 0

-285 -1899.5 3019 0
-285 -1899.5 2999 0

645 -1899.5 2999 0
645 -2084.5 2999 0

645 -1899.5 3019 0
645 -2084.5 3019 0

645 -1899.5 2999 0
645 -1899.5 3019 0

645 -2084.5 2999 0
645 -2084.5 3019 0

-285 -1899.5 3019 0
-285 -2084.5 3019 0

-285 -1899.5 2999 0
-285 -2084.5 2999 0

-285 -1899.5 3019 0
-285 -1899.5 2999 0

-285 -2084.5 3019 0
-285 -2084.5 2999 0

-148.5 4367.5 2598.5 0
-148.5 5576 2598.5 0

-148.5 5576 2598.5 0
-148.5 6180.25 2598.5 0
-148.5 6784.5 2598.5 0

-148.5 6784.5 2598.5 0

-166.5 4367.5 2598.5 0
-166.5 6784.5 2598.5 0

-148.5 4367.5 2598.5 0
-166.5 4367.5 2598.5 0

-148.5 6784.5 2598.5 0
-166.5 6784.5 2598.5 0

-166.5 4367.5 3058.5 0
-166.5 6784.5 3058.5 0

-148.5 4367.5 3058.5 0
-148.5 6784.5 3058.5 0

-166.5 4367.5 3058.5 0
-148.5 4367.5 3058.5 0

-166.5 6784.5 3058.5 0
-148.5 6784.5 3058.5 0

-166.5 4367.5 2598.5 0
-166.5 6784.5 2598.5 0

-166.5 4367.5 3058.5 0
-166.5 6784.5 3058.5 0

-166.5 4367.5 2598.5 0
-166.5 4367.5 3058.5 0

-166.5 6784.5 2598.5 0
-166.5 6784.5 3058.5 0

-148.5 4367.5 3058.5 0
-148.5 6784.5 3058.5 0

-148.5 4367.5 2598.5 0
-148.5 6784.5 2598.5 0

-148.5 4367.5 3058.5 0
-148.5 4367.5 2598.5 0

-148.5 6784.5 3058.5 0
-148.5 6784.5 2598.5 0

-148.5 4367.5 2598.5 0
-166.5 4367.5 2598.5 0

-148.5 4367.5 3058.5 0
-166.5 4367.5 3058.5 0

-148.5 4367.5 2598.5 0
-148.5 4367.5 3058.5 0

-166.5 4367.5 2598.5 0
-166.5 4367.5 3058.5 0

-148.5 6784.5 3058.5 0
-166.5 6784.5 3058.5 0

-148.5 6784.5 2598.5 0
-166.5 6784.5 2598.5 0

-148.5 6784.5 3058.5 0
-148.5 6784.5 2598.5 0

-166.5 6784.5 3058.5 0
-166.5 6784.5 2598.5 0

-65 4367.5 2578.5 0
-65 5576 2578.5 0

-65 5576 2578.5 0
-65 6180.25 2578.5 0
-65 6784.5 2578.5 0

-65 6784.5 2578.5 0

-250 4367.5 2578.5 0
-250 6784.5 2578.5 0

-65 4367.5 2578.5 0
-250 4367.5 2578.5 0

-65 6784.5 2578.5 0
-250 6784.5 2578.5 0

-250 4367.5 2598.5 0
-250 6784.5 2598.5 0

-65 4367.5 2598.5 0
-65 6784.5 2598.5 0

-250 4367.5 2598.5 0
-65 4367.5 2598.5 0

-250 6784.5 2598.5 0
-65 6784.5 2598.5 0

-250 4367.5 2578.5 0
-250 6784.5 2578.5 0

-250 4367.5 2598.5 0
-250 6784.5 2598.5 0

-250 4367.5 2578.5 0
-250 4367.5 2598.5 0

-250 6784.5 2578.5 0
-250 6784.5 2598.5 0

-65 4367.5 2598.5 0
-65 6784.5 2598.5 0

-65 4367.5 2578.5 0
-65 6784.5 2578.5 0

-65 4367.5 2598.5 0
-65 4367.5 2578.5 0

-65 6784.5 2598.5 0
-65 6784.5 2578.5 0

-65 4367.5 2578.5 0
-250 4367.5 2578.5 0

-65 4367.5 2598.5 0
-250 4367.5 2598.5 0

-65 4367.5 2578.5 0
-65 4367.5 2598.5 0

-250 4367.5 2578.5 0
-250 4367.5 2598.5 0

-65 6784.5 2598.5 0
-250 6784.5 2598.5 0

-65 6784.5 2578.5 0
-250 6784.5 2578.5 0

-65 6784.5 2598.5 0
-65 6784.5 2578.5 0

-250 6784.5 2598.5 0
-250 6784.5 2578.5 0

-65 4367.5 3058.5 0
-65 5576 3058.5 0

-65 5576 3058.5 0
-65 6180.25 3058.5 0
-65 6784.5 3058.5 0

-65 6784.5 3058.5 0

-250 4367.5 3058.5 0
-250 6784.5 3058.5 0

-65 4367.5 3058.5 0
-250 4367.5 3058.5 0

-65 6784.5 3058.5 0
-250 6784.5 3058.5 0

-250 4367.5 3078.5 0
-250 6784.5 3078.5 0

-65 4367.5 3078.5 0
-65 6784.5 3078.5 0

-250 4367.5 3078.5 0
-65 4367.5 3078.5 0

-250 6784.5 3078.5 0
-65 6784.5 3078.5 0

-250 4367.5 3058.5 0
-250 6784.5 3058.5 0

-250 4367.5 3078.5 0
-250 6784.5 3078.5 0

-250 4367.5 3058.5 0
-250 4367.5 3078.5 0

-250 6784.5 3058.5 0
-250 6784.5 3078.5 0

-65 4367.5 3078.5 0
-65 6784.5 3078.5 0

-65 4367.5 3058.5 0
-65 6784.5 3058.5 0

-65 4367.5 3078.5 0
-65 4367.5 3058.5 0

-65 6784.5 3078.5 0
-65 6784.5 3058.5 0

-65 4367.5 3058.5 0
-250 4367.5 3058.5 0

-65 4367.5 3078.5 0
-250 4367.5 3078.5 0

-65 4367.5 3058.5 0
-65 4367.5 3078.5 0

-250 4367.5 3058.5 0
-250 4367.5 3078.5 0

-65 6784.5 3078.5 0
-250 6784.5 3078.5 0

-65 6784.5 3058.5 0
-250 6784.5 3058.5 0

-65 6784.5 3078.5 0
-65 6784.5 3058.5 0

-250 6784.5 3078.5 0
-250 6784.5 3058.5 0

-148.5 1765.5 2598.5 0
-148.5 2974 2598.5 0

-148.5 2974 2598.5 0
-148.5 3578.25 2598.5 0
-148.5 4182.5 2598.5 0

-148.5 4182.5 2598.5 0

-166.5 1765.5 2598.5 0
-166.5 4182.5 2598.5 0

-148.5 1765.5 2598.5 0
-166.5 1765.5 2598.5 0

-148.5 4182.5 2598.5 0
-166.5 4182.5 2598.5 0

-166.5 1765.5 3058.5 0
-166.5 4182.5 3058.5 0

-148.5 1765.5 3058.5 0
-148.5 4182.5 3058.5 0

-166.5 1765.5 3058.5 0
-148.5 1765.5 3058.5 0

-166.5 4182.5 3058.5 0
-148.5 4182.5 3058.5 0

-166.5 1765.5 2598.5 0
-166.5 4182.5 2598.5 0

-166.5 1765.5 3058.5 0
-166.5 4182.5 3058.5 0

-166.5 1765.5 2598.5 0
-166.5 1765.5 3058.5 0

-166.5 4182.5 2598.5 0
-166.5 4182.5 3058.5 0

-148.5 1765.5 3058.5 0
-148.5 4182.5 3058.5 0

-148.5 1765.5 2598.5 0
-148.5 4182.5 2598.5 0

-148.5 1765.5 3058.5 0
-148.5 1765.5 2598.5 0

-148.5 4182.5 3058.5 0
-148.5 4182.5 2598.5 0

-148.5 1765.5 2598.5 0
-166.5 1765.5 2598.5 0

-148.5 1765.5 3058.5 0
-166.5 1765.5 3058.5 0

-148.5 1765.5 2598.5 0
-148.5 1765.5 3058.5 0

-166.5 1765.5 2598.5 0
-166.5 1765.5 3058.5 0

-148.5 4182.5 3058.5 0
-166.5 4182.5 3058.5 0

-148.5 4182.5 2598.5 0
-166.5 4182.5 2598.5 0

-148.5 4182.5 3058.5 0
-148.5 4182.5 2598.5 0

-166.5 4182.5 3058.5 0
-166.5 4182.5 2598.5 0

-65 1765.5 2578.5 0
-65 2974 2578.5 0

-65 2974 2578.5 0
-65 3578.25 2578.5 0
-65 4182.5 2578.5 0

-65 4182.5 2578.5 0

-250 1765.5 2578.5 0
-250 4182.5 2578.5 0

-65 1765.5 2578.5 0
-250 1765.5 2578.5 0

-65 4182.5 2578.5 0
-250 4182.5 2578.5 0

-250 1765.5 2598.5 0
-250 4182.5 2598.5 0

-65 1765.5 2598.5 0
-65 4182.5 2598.5 0

-250 1765.5 2598.5 0
-65 1765.5 2598.5 0

-250 4182.5 2598.5 0
-65 4182.5 2598.5 0

-250 1765.5 2578.5 0
-250 4182.5 2578.5 0

-250 1765.5 2598.5 0
-250 4182.5 2598.5 0

-250 1765.5 2578.5 0
-250 1765.5 2598.5 0

-250 4182.5 2578.5 0
-250 4182.5 2598.5 0

-65 1765.5 2598.5 0
-65 4182.5 2598.5 0

-65 1765.5 2578.5 0
-65 4182.5 2578.5 0

-65 1765.5 2598.5 0
-65 1765.5 2578.5 0

-65 4182.5 2598.5 0
-65 4182.5 2578.5 0

-65 1765.5 2578.5 0
-250 1765.5 2578.5 0

-65 1765.5 2598.5 0
-250 1765.5 2598.5 0

-65 1765.5 2578.5 0
-65 1765.5 2598.5 0

-250 1765.5 2578.5 0
-250 1765.5 2598.5 0

-65 4182.5 2598.5 0
-250 4182.5 2598.5 0

-65 4182.5 2578.5 0
-250 4182.5 2578.5 0

-65 4182.5 2598.5 0
-65 4182.5 2578.5 0

-250 4182.5 2598.5 0
-250 4182.5 2578.5 0

-65 1765.5 3058.5 0
-65 2974 3058.5 0

-65 2974 3058.5 0
-65 3578.25 3058.5 0
-65 4182.5 3058.5 0

-65 4182.5 3058.5 0

-250 1765.5 3058.5 0
-250 4182.5 3058.5 0

-65 1765.5 3058.5 0
-250 1765.5 3058.5 0

-65 4182.5 3058.5 0
-250 4182.5 3058.5 0

-250 1765.5 3078.5 0
-250 4182.5 3078.5 0

-65 1765.5 3078.5 0
-65 4182.5 3078.5 0

-250 1765.5 3078.5 0
-65 1765.5 3078.5 0

-250 4182.5 3078.5 0
-65 4182.5 3078.5 0

-250 1765.5 3058.5 0
-250 4182.5 3058.5 0

-250 1765.5 3078.5 0
-250 4182.5 3078.5 0

-250 1765.5 3058.5 0
-250 1765.5 3078.5 0

-250 4182.5 3058.5 0
-250 4182.5 3078.5 0

-65 1765.5 3078.5 0
-65 4182.5 3078.5 0

-65 1765.5 3058.5 0
-65 4182.5 3058.5 0

-65 1765.5 3078.5 0
-65 1765.5 3058.5 0

-65 4182.5 3078.5 0
-65 4182.5 3058.5 0

-65 1765.5 3058.5 0
-250 1765.5 3058.5 0

-65 1765.5 3078.5 0
-250 1765.5 3078.5 0

-65 1765.5 3058.5 0
-65 1765.5 3078.5 0

-250 1765.5 3058.5 0
-250 1765.5 3078.5 0

-65 4182.5 3078.5 0
-250 4182.5 3078.5 0

-65 4182.5 3058.5 0
-250 4182.5 3058.5 0

-65 4182.5 3078.5 0
-65 4182.5 3058.5 0

-250 4182.5 3078.5 0
-250 4182.5 3058.5 0

125 7215.50776702965 383.722871352797 0
125 7093.15621577971 326.669406017802 0

125 7093.15621577971 326.669406017802 0
125 7031.98044015473 298.142673350305 0
125 6970.80466452976 269.615940682808 0

125 6970.80466452976 269.615940682808 0

-125 7215.50776702965 383.722871352797 0
-125 6970.80466452976 269.615940682808 0

125 7215.50776702965 383.722871352797 0
-125 7215.50776702965 383.722871352797 0

125 6970.80466452976 269.615940682808 0
-125 6970.80466452976 269.615940682808 0

-125 8779.19533547024 -2969.61594068281 0
-125 8534.49223297035 -3083.7228713528 0

125 8779.19533547024 -2969.61594068281 0
125 8534.49223297035 -3083.7228713528 0

-125 8779.19533547024 -2969.61594068281 0
125 8779.19533547024 -2969.61594068281 0

-125 8534.49223297035 -3083.7228713528 0
125 8534.49223297035 -3083.7228713528 0

-125 7215.50776702965 383.722871352797 0
-125 6970.80466452976 269.615940682808 0

-125 8779.19533547024 -2969.61594068281 0
-125 8534.49223297035 -3083.7228713528 0

-125 7215.50776702965 383.722871352797 0
-125 8779.19533547024 -2969.61594068281 0

-125 6970.80466452976 269.615940682808 0
-125 8534.49223297035 -3083.7228713528 0

125 8779.19533547024 -2969.61594068281 0
125 8534.49223297035 -3083.7228713528 0

125 7215.50776702965 383.722871352797 0
125 6970.80466452976 269.615940682808 0

125 8779.19533547024 -2969.61594068281 0
125 7215.50776702965 383.722871352797 0

125 8534.49223297035 -3083.7228713528 0
125 6970.80466452976 269.615940682808 0

125 7215.50776702965 383.722871352797 0
-125 7215.50776702965 383.722871352797 0

125 8779.19533547024 -2969.61594068281 0
-125 8779.19533547024 -2969.61594068281 0

125 7215.50776702965 383.722871352797 0
125 8779.19533547024 -2969.61594068281 0

-125 7215.50776702965 383.722871352797 0
-125 8779.19533547024 -2969.61594068281 0

125 8534.49223297035 -3083.7228713528 0
-125 8534.49223297035 -3083.7228713528 0

125 6970.80466452976 269.615940682808 0
-125 6970.80466452976 269.615940682808 0

125 8534.49223297035 -3083.7228713528 0
125 6970.80466452976 269.615940682808 0

-125 8534.49223297035 -3083.7228713528 0
-125 6970.80466452976 269.615940682808 0

125 1579.19533547024 269.615940682808 0
125 1456.84378422029 326.669406017802 0

125 1456.84378422029 326.669406017802 0
125 1395.66800859532 355.1961386853 0
125 1334.49223297035 383.722871352797 0

125 1334.49223297035 383.722871352797 0

-125 1579.19533547024 269.615940682808 0
-125 1334.49223297035 383.722871352797 0

125 1579.19533547024 269.615940682808 0
-125 1579.19533547024 269.615940682808 0

125 1334.49223297035 383.722871352797 0
-125 1334.49223297035 383.722871352797 0

-125 15.5077670296537 -3083.7228713528 0
-125 -229.195335470242 -2969.61594068281 0

125 15.5077670296537 -3083.7228713528 0
125 -229.195335470242 -2969.61594068281 0

-125 15.5077670296537 -3083.7228713528 0
125 15.5077670296537 -3083.7228713528 0

-125 -229.195335470242 -2969.61594068281 0
125 -229.195335470242 -2969.61594068281 0

-125 1579.19533547024 269.615940682808 0
-125 1334.49223297035 383.722871352797 0

-125 15.5077670296537 -3083.7228713528 0
-125 -229.195335470242 -2969.61594068281 0

-125 1579.19533547024 269.615940682808 0
-125 15.5077670296537 -3083.7228713528 0

-125 1334.49223297035 383.722871352797 0
-125 -229.195335470242 -2969.61594068281 0

125 15.5077670296537 -3083.7228713528 0
125 -229.195335470242 -2969.61594068281 0

125 1579.19533547024 269.615940682808 0
125 1334.49223297035 383.722871352797 0

125 15.5077670296537 -3083.7228713528 0
125 1579.19533547024 269.615940682808 0

125 -229.195335470242 -2969.61594068281 0
125 1334.49223297035 383.722871352797 0

125 1579.19533547024 269.615940682808 0
-125 1579.19533547024 269.615940682808 0

125 15.5077670296537 -3083.7228713528 0
-125 15.5077670296537 -3083.7228713528 0

125 1579.19533547024 269.615940682808 0
125 15.5077670296537 -3083.7228713528 0

-125 1579.19533547024 269.615940682808 0
-125 15.5077670296537 -3083.7228713528 0

125 -229.195335470242 -2969.61594068281 0
-125 -229.195335470242 -2969.61594068281 0

125 1334.49223297035 383.722871352797 0
-125 1334.49223297035 383.722871352797 0

125 -229.195335470242 -2969.61594068281 0
125 1334.49223297035 383.722871352797 0

-125 -229.195335470242 -2969.61594068281 0
-125 1334.49223297035 383.722871352797 0

-230 1664 3078.5 0
-230 1673 3078.5 0

-230 1673 3078.5 0
-230 1677.5 3078.5 0
-230 1682 3078.5 0

-230 1682 3078.5 0

230 1664 3078.5 0
230 1682 3078.5 0

-230 1664 3078.5 0
230 1664 3078.5 0

-230 1682 3078.5 0
230 1682 3078.5 0

230 1664 -3078.5 0
230 1682 -3078.5 0

-230 1664 -3078.5 0
-230 1682 -3078.5 0

230 1664 -3078.5 0
-230 1664 -3078.5 0

230 1682 -3078.5 0
-230 1682 -3078.5 0

230 1664 3078.5 0
230 1682 3078.5 0

230 1664 -3078.5 0
230 1682 -3078.5 0

230 1664 3078.5 0
230 1664 -3078.5 0

230 1682 3078.5 0
230 1682 -3078.5 0

-230 1664 -3078.5 0
-230 1682 -3078.5 0

-230 1664 3078.5 0
-230 1682 3078.5 0

-230 1664 -3078.5 0
-230 1664 3078.5 0

-230 1682 -3078.5 0
-230 1682 3078.5 0

-230 1664 3078.5 0
230 1664 3078.5 0

-230 1664 -3078.5 0
230 1664 -3078.5 0

-230 1664 3078.5 0
-230 1664 -3078.5 0

230 1664 3078.5 0
230 1664 -3078.5 0

-230 1682 -3078.5 0
230 1682 -3078.5 0

-230 1682 3078.5 0
230 1682 3078.5 0

-230 1682 -3078.5 0
-230 1682 3078.5 0

230 1682 -3078.5 0
230 1682 3078.5 0

230 1580.5 3078.5 0
230 1673 3078.5 0

230 1673 3078.5 0
230 1719.25 3078.5 0
230 1765.5 3078.5 0

230 1765.5 3078.5 0

250 1580.5 3078.5 0
250 1765.5 3078.5 0

230 1580.5 3078.5 0
250 1580.5 3078.5 0

230 1765.5 3078.5 0
250 1765.5 3078.5 0

250 1580.5 -3078.5 0
250 1765.5 -3078.5 0

230 1580.5 -3078.5 0
230 1765.5 -3078.5 0

250 1580.5 -3078.5 0
230 1580.5 -3078.5 0

250 1765.5 -3078.5 0
230 1765.5 -3078.5 0

250 1580.5 3078.5 0
250 1765.5 3078.5 0

250 1580.5 -3078.5 0
250 1765.5 -3078.5 0

250 1580.5 3078.5 0
250 1580.5 -3078.5 0

250 1765.5 3078.5 0
250 1765.5 -3078.5 0

230 1580.5 -3078.5 0
230 1765.5 -3078.5 0

230 1580.5 3078.5 0
230 1765.5 3078.5 0

230 1580.5 -3078.5 0
230 1580.5 3078.5 0

230 1765.5 -3078.5 0
230 1765.5 3078.5 0

230 1580.5 3078.5 0
250 1580.5 3078.5 0

230 1580.5 -3078.5 0
250 1580.5 -3078.5 0

230 1580.5 3078.5 0
230 1580.5 -3078.5 0

250 1580.5 3078.5 0
250 1580.5 -3078.5 0

230 1765.5 -3078.5 0
250 1765.5 -3078.5 0

230 1765.5 3078.5 0
250 1765.5 3078.5 0

230 1765.5 -3078.5 0
230 1765.5 3078.5 0

250 1765.5 -3078.5 0
250 1765.5 3078.5 0

-250 1580.5 3078.5 0
-250 1673 3078.5 0

-250 1673 3078.5 0
-250 1719.25 3078.5 0
-250 1765.5 3078.5 0

-250 1765.5 3078.5 0

-230 1580.5 3078.5 0
-230 1765.5 3078.5 0

-250 1580.5 3078.5 0
-230 1580.5 3078.5 0

-250 1765.5 3078.5 0
-230 1765.5 3078.5 0

-230 1580.5 -3078.5 0
-230 1765.5 -3078.5 0

-250 1580.5 -3078.5 0
-250 1765.5 -3078.5 0

-230 1580.5 -3078.5 0
-250 1580.5 -3078.5 0

-230 1765.5 -3078.5 0
-250 1765.5 -3078.5 0

-230 1580.5 3078.5 0
-230 1765.5 3078.5 0

-230 1580.5 -3078.5 0
-230 1765.5 -3078.5 0

-230 1580.5 3078.5 0
-230 1580.5 -3078.5 0

-230 1765.5 3078.5 0
-230 1765.5 -3078.5 0

-250 1580.5 -3078.5 0
-250 1765.5 -3078.5 0

-250 1580.5 3078.5 0
-250 1765.5 3078.5 0

-250 1580.5 -3078.5 0
-250 1580.5 3078.5 0

-250 1765.5 -3078.5 0
-250 1765.5 3078.5 0

-250 1580.5 3078.5 0
-230 1580.5 3078.5 0

-250 1580.5 -3078.5 0
-230 1580.5 -3078.5 0

-250 1580.5 3078.5 0
-250 1580.5 -3078.5 0

-230 1580.5 3078.5 0
-230 1580.5 -3078.5 0

-250 1765.5 -3078.5 0
-230 1765.5 -3078.5 0

-250 1765.5 3078.5 0
-230 1765.5 3078.5 0

-250 1765.5 -3078.5 0
-250 1765.5 3078.5 0

-230 1765.5 -3078.5 0
-230 1765.5 3078.5 0

-230 4266 3078.5 0
-230 4275 3078.5 0

-230 4275 3078.5 0
-230 4279.5 3078.5 0
-230 4284 3078.5 0

-230 4284 3078.5 0

230 4266 3078.5 0
230 4284 3078.5 0

-230 4266 3078.5 0
230 4266 3078.5 0

-230 4284 3078.5 0
230 4284 3078.5 0

230 4266 -3078.5 0
230 4284 -3078.5 0

-230 4266 -3078.5 0
-230 4284 -3078.5 0

230 4266 -3078.5 0
-230 4266 -3078.5 0

230 4284 -3078.5 0
-230 4284 -3078.5 0

230 4266 3078.5 0
230 4284 3078.5 0

230 4266 -3078.5 0
230 4284 -3078.5 0

230 4266 3078.5 0
230 4266 -3078.5 0

230 4284 3078.5 0
230 4284 -3078.5 0

-230 4266 -3078.5 0
-230 4284 -3078.5 0

-230 4266 3078.5 0
-230 4284 3078.5 0

-230 4266 -3078.5 0
-230 4266 3078.5 0

-230 4284 -3078.5 0
-230 4284 3078.5 0

-230 4266 3078.5 0
230 4266 3078.5 0

-230 4266 -3078.5 0
230 4266 -3078.5 0

-230 4266 3078.5 0
-230 4266 -3078.5 0

230 4266 3078.5 0
230 4266 -3078.5 0

-230 4284 -3078.5 0
230 4284 -3078.5 0

-230 4284 3078.5 0
230 4284 3078.5 0

-230 4284 -3078.5 0
-230 4284 3078.5 0

230 4284 -3078.5 0
230 4284 3078.5 0

230 4182.5 3078.5 0
230 4275 3078.5 0

230 4275 3078.5 0
230 4321.25 3078.5 0
230 4367.5 3078.5 0

230 4367.5 3078.5 0

250 4182.5 3078.5 0
250 4367.5 3078.5 0

230 4182.5 3078.5 0
250 4182.5 3078.5 0

230 4367.5 3078.5 0
250 4367.5 3078.5 0

250 4182.5 -3078.5 0
250 4367.5 -3078.5 0

230 4182.5 -3078.5 0
230 4367.5 -3078.5 0

250 4182.5 -3078.5 0
230 4182.5 -3078.5 0

250 4367.5 -3078.5 0
230 4367.5 -3078.5 0

250 4182.5 3078.5 0
250 4367.5 3078.5 0

250 4182.5 -3078.5 0
250 4367.5 -3078.5 0

250 4182.5 3078.5 0
250 4182.5 -3078.5 0

250 4367.5 3078.5 0
250 4367.5 -3078.5 0

230 4182.5 -3078.5 0
230 4367.5 -3078.5 0

230 4182.5 3078.5 0
230 4367.5 3078.5 0

230 4182.5 -3078.5 0
230 4182.5 3078.5 0

230 4367.5 -3078.5 0
230 4367.5 3078.5 0

230 4182.5 3078.5 0
250 4182.5 3078.5 0

230 4182.5 -3078.5 0
250 4182.5 -3078.5 0

230 4182.5 3078.5 0
230 4182.5 -3078.5 0

250 4182.5 3078.5 0
250 4182.5 -3078.5 0

230 4367.5 -3078.5 0
250 4367.5 -3078.5 0

230 4367.5 3078.5 0
250 4367.5 3078.5 0

230 4367.5 -3078.5 0
230 4367.5 3078.5 0

250 4367.5 -3078.5 0
250 4367.5 3078.5 0

-250 4182.5 3078.5 0
-250 4275 3078.5 0

-250 4275 3078.5 0
-250 4321.25 3078.5 0
-250 4367.5 3078.5 0

-250 4367.5 3078.5 0

-230 4182.5 3078.5 0
-230 4367.5 3078.5 0

-250 4182.5 3078.5 0
-230 4182.5 3078.5 0

-250 4367.5 3078.5 0
-230 4367.5 3078.5 0

-230 4182.5 -3078.5 0
-230 4367.5 -3078.5 0

-250 4182.5 -3078.5 0
-250 4367.5 -3078.5 0

-230 4182.5 -3078.5 0
-250 4182.5 -3078.5 0

-230 4367.5 -3078.5 0
-250 4367.5 -3078.5 0

-230 4182.5 3078.5 0
-230 4367.5 3078.5 0

-230 4182.5 -3078.5 0
-230 4367.5 -3078.5 0

-230 4182.5 3078.5 0
-230 4182.5 -3078.5 0

-230 4367.5 3078.5 0
-230 4367.5 -3078.5 0

-250 4182.5 -3078.5 0
-250 4367.5 -3078.5 0

-250 4182.5 3078.5 0
-250 4367.5 3078.5 0

-250 4182.5 -3078.5 0
-250 4182.5 3078.5 0

-250 4367.5 -3078.5 0
-250 4367.5 3078.5 0

-250 4182.5 3078.5 0
-230 4182.5 3078.5 0

-250 4182.5 -3078.5 0
-230 4182.5 -3078.5 0

-250 4182.5 3078.5 0
-250 4182.5 -3078.5 0

-230 4182.5 3078.5 0
-230 4182.5 -3078.5 0

-250 4367.5 -3078.5 0
-230 4367.5 -3078.5 0

-250 4367.5 3078.5 0
-230 4367.5 3078.5 0

-250 4367.5 -3078.5 0
-250 4367.5 3078.5 0

-230 4367.5 -3078.5 0
-230 4367.5 3078.5 0

-230 6868 3078.5 0
-230 6877 3078.5 0

-230 6877 3078.5 0
-230 6881.5 3078.5 0
-230 6886 3078.5 0

-230 6886 3078.5 0

230 6868 3078.5 0
230 6886 3078.5 0

-230 6868 3078.5 0
230 6868 3078.5 0

-230 6886 3078.5 0
230 6886 3078.5 0

230 6868 -3078.5 0
230 6886 -3078.5 0

-230 6868 -3078.5 0
-230 6886 -3078.5 0

230 6868 -3078.5 0
-230 6868 -3078.5 0

230 6886 -3078.5 0
-230 6886 -3078.5 0

230 6868 3078.5 0
230 6886 3078.5 0

230 6868 -3078.5 0
230 6886 -3078.5 0

230 6868 3078.5 0
230 6868 -3078.5 0

230 6886 3078.5 0
230 6886 -3078.5 0

-230 6868 -3078.5 0
-230 6886 -3078.5 0

-230 6868 3078.5 0
-230 6886 3078.5 0

-230 6868 -3078.5 0
-230 6868 3078.5 0

-230 6886 -3078.5 0
-230 6886 3078.5 0

-230 6868 3078.5 0
230 6868 3078.5 0

-230 6868 -3078.5 0
230 6868 -3078.5 0

-230 6868 3078.5 0
-230 6868 -3078.5 0

230 6868 3078.5 0
230 6868 -3078.5 0

-230 6886 -3078.5 0
230 6886 -3078.5 0

-230 6886 3078.5 0
230 6886 3078.5 0

-230 6886 -3078.5 0
-230 6886 3078.5 0

230 6886 -3078.5 0
230 6886 3078.5 0

230 6784.5 3078.5 0
230 6877 3078.5 0

230 6877 3078.5 0
230 6923.25 3078.5 0
230 6969.5 3078.5 0

230 6969.5 3078.5 0

250 6784.5 3078.5 0
250 6969.5 3078.5 0

230 6784.5 3078.5 0
250 6784.5 3078.5 0

230 6969.5 3078.5 0
250 6969.5 3078.5 0

250 6784.5 -3078.5 0
250 6969.5 -3078.5 0

230 6784.5 -3078.5 0
230 6969.5 -3078.5 0

250 6784.5 -3078.5 0
230 6784.5 -3078.5 0

250 6969.5 -3078.5 0
230 6969.5 -3078.5 0

250 6784.5 3078.5 0
250 6969.5 3078.5 0

250 6784.5 -3078.5 0
250 6969.5 -3078.5 0

250 6784.5 3078.5 0
250 6784.5 -3078.5 0

250 6969.5 3078.5 0
250 6969.5 -3078.5 0

230 6784.5 -3078.5 0
230 6969.5 -3078.5 0

230 6784.5 3078.5 0
230 6969.5 3078.5 0

230 6784.5 -3078.5 0
230 6784.5 3078.5 0

230 6969.5 -3078.5 0
230 6969.5 3078.5 0

230 6784.5 3078.5 0
250 6784.5 3078.5 0

230 6784.5 -3078.5 0
250 6784.5 -3078.5 0

230 6784.5 3078.5 0
230 6784.5 -3078.5 0

250 6784.5 3078.5 0
250 6784.5 -3078.5 0

230 6969.5 -3078.5 0
250 6969.5 -3078.5 0

230 6969.5 3078.5 0
250 6969.5 3078.5 0

230 6969.5 -3078.5 0
230 6969.5 3078.5 0

250 6969.5 -3078.5 0
250 6969.5 3078.5 0

-250 6784.5 3078.5 0
-250 6877 3078.5 0

-250 6877 3078.5 0
-250 6923.25 3078.5 0
-250 6969.5 3078.5 0

-250 6969.5 3078.5 0

-230 6784.5 3078.5 0
-230 6969.5 3078.5 0

-250 6784.5 3078.5 0
-230 6784.5 3078.5 0

-250 6969.5 3078.5 0
-230 6969.5 3078.5 0

-230 6784.5 -3078.5 0
-230 6969.5 -3078.5 0

-250 6784.5 -3078.5 0
-250 6969.5 -3078.5 0

-230 6784.5 -3078.5 0
-250 6784.5 -3078.5 0

-230 6969.5 -3078.5 0
-250 6969.5 -3078.5 0

-230 6784.5 3078.5 0
-230 6969.5 3078.5 0

-230 6784.5 -3078.5 0
-230 6969.5 -3078.5 0

-230 6784.5 3078.5 0
-230 6784.5 -3078.5 0

-230 6969.5 3078.5 0
-230 6969.5 -3078.5 0

-250 6784.5 -3078.5 0
-250 6969.5 -3078.5 0

-250 6784.5 3078.5 0
-250 6969.5 3078.5 0

-250 6784.5 -3078.5 0
-250 6784.5 3078.5 0

-250 6969.5 -3078.5 0
-250 6969.5 3078.5 0

-250 6784.5 3078.5 0
-230 6784.5 3078.5 0

-250 6784.5 -3078.5 0
-230 6784.5 -3078.5 0

-250 6784.5 3078.5 0
-250 6784.5 -3078.5 0

-230 6784.5 3078.5 0
-230 6784.5 -3078.5 0

-250 6969.5 -3078.5 0
-230 6969.5 -3078.5 0

-250 6969.5 3078.5 0
-230 6969.5 3078.5 0

-250 6969.5 -3078.5 0
-250 6969.5 3078.5 0

-230 6969.5 -3078.5 0
-230 6969.5 3078.5 0

# end of label='green'
