# Temporary file generated by the 'geomtools::gnuplot_drawer'
# class for visualization.
# label='black'
-1735 -4435 -2700 0
-1735 0 -2700 0

-1735 0 -2700 0
-1735 2217.5 -2700 0
-1735 4435 -2700 0

-1735 4435 -2700 0

-1735 -4435 3760 0
-1735 4435 3760 0

-1735 -4435 -2700 0
-1735 -4435 3760 0

-1735 4435 -2700 0
-1735 4435 3760 0

-1535 -4435 3760 0
-1535 4435 3760 0

-1535 -4435 -2700 0
-1535 4435 -2700 0

-1535 -4435 3760 0
-1535 -4435 -2700 0

-1535 4435 3760 0
-1535 4435 -2700 0

-1735 -4435 3760 0
-1735 4435 3760 0

-1535 -4435 3760 0
-1535 4435 3760 0

-1735 -4435 3760 0
-1535 -4435 3760 0

-1735 4435 3760 0
-1535 4435 3760 0

-1535 -4435 -2700 0
-1535 4435 -2700 0

-1735 -4435 -2700 0
-1735 4435 -2700 0

-1535 -4435 -2700 0
-1735 -4435 -2700 0

-1535 4435 -2700 0
-1735 4435 -2700 0

-1735 -4435 -2700 0
-1735 -4435 3760 0

-1535 -4435 -2700 0
-1535 -4435 3760 0

-1735 -4435 -2700 0
-1535 -4435 -2700 0

-1735 -4435 3760 0
-1535 -4435 3760 0

-1535 4435 -2700 0
-1535 4435 3760 0

-1735 4435 -2700 0
-1735 4435 3760 0

-1535 4435 -2700 0
-1735 4435 -2700 0

-1535 4435 3760 0
-1735 4435 3760 0

-1535 -4235 -2100 0
-1535 0 -2100 0

-1535 0 -2100 0
-1535 2117.5 -2100 0
-1535 4235 -2100 0

-1535 4235 -2100 0

1535 -4235 -2100 0
1535 4235 -2100 0

-1535 -4235 -2100 0
1535 -4235 -2100 0

-1535 4235 -2100 0
1535 4235 -2100 0

1535 -4235 -2300 0
1535 4235 -2300 0

-1535 -4235 -2300 0
-1535 4235 -2300 0

1535 -4235 -2300 0
-1535 -4235 -2300 0

1535 4235 -2300 0
-1535 4235 -2300 0

1535 -4235 -2100 0
1535 4235 -2100 0

1535 -4235 -2300 0
1535 4235 -2300 0

1535 -4235 -2100 0
1535 -4235 -2300 0

1535 4235 -2100 0
1535 4235 -2300 0

-1535 -4235 -2300 0
-1535 4235 -2300 0

-1535 -4235 -2100 0
-1535 4235 -2100 0

-1535 -4235 -2300 0
-1535 -4235 -2100 0

-1535 4235 -2300 0
-1535 4235 -2100 0

-1535 -4235 -2100 0
1535 -4235 -2100 0

-1535 -4235 -2300 0
1535 -4235 -2300 0

-1535 -4235 -2100 0
-1535 -4235 -2300 0

1535 -4235 -2100 0
1535 -4235 -2300 0

-1535 4235 -2300 0
1535 4235 -2300 0

-1535 4235 -2100 0
1535 4235 -2100 0

-1535 4235 -2300 0
-1535 4235 -2100 0

1535 4235 -2300 0
1535 4235 -2100 0

1735 -4435 3760 0
1735 0 3760 0

1735 0 3760 0
1735 2217.5 3760 0
1735 4435 3760 0

1735 4435 3760 0

1735 -4435 -2700 0
1735 4435 -2700 0

1735 -4435 3760 0
1735 -4435 -2700 0

1735 4435 3760 0
1735 4435 -2700 0

1535 -4435 -2700 0
1535 4435 -2700 0

1535 -4435 3760 0
1535 4435 3760 0

1535 -4435 -2700 0
1535 -4435 3760 0

1535 4435 -2700 0
1535 4435 3760 0

1735 -4435 -2700 0
1735 4435 -2700 0

1535 -4435 -2700 0
1535 4435 -2700 0

1735 -4435 -2700 0
1535 -4435 -2700 0

1735 4435 -2700 0
1535 4435 -2700 0

1535 -4435 3760 0
1535 4435 3760 0

1735 -4435 3760 0
1735 4435 3760 0

1535 -4435 3760 0
1735 -4435 3760 0

1535 4435 3760 0
1735 4435 3760 0

1735 -4435 3760 0
1735 -4435 -2700 0

1535 -4435 3760 0
1535 -4435 -2700 0

1735 -4435 3760 0
1535 -4435 3760 0

1735 -4435 -2700 0
1535 -4435 -2700 0

1535 4435 3760 0
1535 4435 -2700 0

1735 4435 3760 0
1735 4435 -2700 0

1535 4435 3760 0
1735 4435 3760 0

1535 4435 -2700 0
1735 4435 -2700 0

1535 -4235 -2700 0
1535 -4235 530 0

1535 -4235 530 0
1535 -4235 2145 0
1535 -4235 3760 0

1535 -4235 3760 0

-1535 -4235 -2700 0
-1535 -4235 3760 0

1535 -4235 -2700 0
-1535 -4235 -2700 0

1535 -4235 3760 0
-1535 -4235 3760 0

-1535 -4435 -2700 0
-1535 -4435 3760 0

1535 -4435 -2700 0
1535 -4435 3760 0

-1535 -4435 -2700 0
1535 -4435 -2700 0

-1535 -4435 3760 0
1535 -4435 3760 0

-1535 -4235 -2700 0
-1535 -4235 3760 0

-1535 -4435 -2700 0
-1535 -4435 3760 0

-1535 -4235 -2700 0
-1535 -4435 -2700 0

-1535 -4235 3760 0
-1535 -4435 3760 0

1535 -4435 -2700 0
1535 -4435 3760 0

1535 -4235 -2700 0
1535 -4235 3760 0

1535 -4435 -2700 0
1535 -4235 -2700 0

1535 -4435 3760 0
1535 -4235 3760 0

1535 -4235 -2700 0
-1535 -4235 -2700 0

1535 -4435 -2700 0
-1535 -4435 -2700 0

1535 -4235 -2700 0
1535 -4435 -2700 0

-1535 -4235 -2700 0
-1535 -4435 -2700 0

1535 -4435 3760 0
-1535 -4435 3760 0

1535 -4235 3760 0
-1535 -4235 3760 0

1535 -4435 3760 0
1535 -4235 3760 0

-1535 -4435 3760 0
-1535 -4235 3760 0

1292.5 -3000 2000 0
1292.5 0 2000 0

1292.5 0 2000 0
1292.5 1500 2000 0
1292.5 3000 2000 0

1292.5 3000 2000 0

1297.5 -3000 2000 0
1297.5 3000 2000 0

1292.5 -3000 2000 0
1297.5 -3000 2000 0

1292.5 3000 2000 0
1297.5 3000 2000 0

1297.5 -3000 -2000 0
1297.5 3000 -2000 0

1292.5 -3000 -2000 0
1292.5 3000 -2000 0

1297.5 -3000 -2000 0
1292.5 -3000 -2000 0

1297.5 3000 -2000 0
1292.5 3000 -2000 0

1297.5 -3000 2000 0
1297.5 3000 2000 0

1297.5 -3000 -2000 0
1297.5 3000 -2000 0

1297.5 -3000 2000 0
1297.5 -3000 -2000 0

1297.5 3000 2000 0
1297.5 3000 -2000 0

1292.5 -3000 -2000 0
1292.5 3000 -2000 0

1292.5 -3000 2000 0
1292.5 3000 2000 0

1292.5 -3000 -2000 0
1292.5 -3000 2000 0

1292.5 3000 -2000 0
1292.5 3000 2000 0

1292.5 -3000 2000 0
1297.5 -3000 2000 0

1292.5 -3000 -2000 0
1297.5 -3000 -2000 0

1292.5 -3000 2000 0
1292.5 -3000 -2000 0

1297.5 -3000 2000 0
1297.5 -3000 -2000 0

1292.5 3000 -2000 0
1297.5 3000 -2000 0

1292.5 3000 2000 0
1297.5 3000 2000 0

1292.5 3000 -2000 0
1292.5 3000 2000 0

1297.5 3000 -2000 0
1297.5 3000 2000 0

1300 -3000 2000 0
1300 0 2000 0

1300 0 2000 0
1300 1500 2000 0
1300 3000 2000 0

1300 3000 2000 0

1310 -3000 2000 0
1310 3000 2000 0

1300 -3000 2000 0
1310 -3000 2000 0

1300 3000 2000 0
1310 3000 2000 0

1310 -3000 -2000 0
1310 3000 -2000 0

1300 -3000 -2000 0
1300 3000 -2000 0

1310 -3000 -2000 0
1300 -3000 -2000 0

1310 3000 -2000 0
1300 3000 -2000 0

1310 -3000 2000 0
1310 3000 2000 0

1310 -3000 -2000 0
1310 3000 -2000 0

1310 -3000 2000 0
1310 -3000 -2000 0

1310 3000 2000 0
1310 3000 -2000 0

1300 -3000 -2000 0
1300 3000 -2000 0

1300 -3000 2000 0
1300 3000 2000 0

1300 -3000 -2000 0
1300 -3000 2000 0

1300 3000 -2000 0
1300 3000 2000 0

1300 -3000 2000 0
1310 -3000 2000 0

1300 -3000 -2000 0
1310 -3000 -2000 0

1300 -3000 2000 0
1300 -3000 -2000 0

1310 -3000 2000 0
1310 -3000 -2000 0

1300 3000 -2000 0
1310 3000 -2000 0

1300 3000 2000 0
1310 3000 2000 0

1300 3000 -2000 0
1300 3000 2000 0

1310 3000 -2000 0
1310 3000 2000 0

-1292.5 -3000 -2000 0
-1292.5 0 -2000 0

-1292.5 0 -2000 0
-1292.5 1500 -2000 0
-1292.5 3000 -2000 0

-1292.5 3000 -2000 0

-1297.5 -3000 -2000 0
-1297.5 3000 -2000 0

-1292.5 -3000 -2000 0
-1297.5 -3000 -2000 0

-1292.5 3000 -2000 0
-1297.5 3000 -2000 0

-1297.5 -3000 2000 0
-1297.5 3000 2000 0

-1292.5 -3000 2000 0
-1292.5 3000 2000 0

-1297.5 -3000 2000 0
-1292.5 -3000 2000 0

-1297.5 3000 2000 0
-1292.5 3000 2000 0

-1297.5 -3000 -2000 0
-1297.5 3000 -2000 0

-1297.5 -3000 2000 0
-1297.5 3000 2000 0

-1297.5 -3000 -2000 0
-1297.5 -3000 2000 0

-1297.5 3000 -2000 0
-1297.5 3000 2000 0

-1292.5 -3000 2000 0
-1292.5 3000 2000 0

-1292.5 -3000 -2000 0
-1292.5 3000 -2000 0

-1292.5 -3000 2000 0
-1292.5 -3000 -2000 0

-1292.5 3000 2000 0
-1292.5 3000 -2000 0

-1292.5 -3000 -2000 0
-1297.5 -3000 -2000 0

-1292.5 -3000 2000 0
-1297.5 -3000 2000 0

-1292.5 -3000 -2000 0
-1292.5 -3000 2000 0

-1297.5 -3000 -2000 0
-1297.5 -3000 2000 0

-1292.5 3000 2000 0
-1297.5 3000 2000 0

-1292.5 3000 -2000 0
-1297.5 3000 -2000 0

-1292.5 3000 2000 0
-1292.5 3000 -2000 0

-1297.5 3000 2000 0
-1297.5 3000 -2000 0

-1300 -3000 -2000 0
-1300 0 -2000 0

-1300 0 -2000 0
-1300 1500 -2000 0
-1300 3000 -2000 0

-1300 3000 -2000 0

-1310 -3000 -2000 0
-1310 3000 -2000 0

-1300 -3000 -2000 0
-1310 -3000 -2000 0

-1300 3000 -2000 0
-1310 3000 -2000 0

-1310 -3000 2000 0
-1310 3000 2000 0

-1300 -3000 2000 0
-1300 3000 2000 0

-1310 -3000 2000 0
-1300 -3000 2000 0

-1310 3000 2000 0
-1300 3000 2000 0

-1310 -3000 -2000 0
-1310 3000 -2000 0

-1310 -3000 2000 0
-1310 3000 2000 0

-1310 -3000 -2000 0
-1310 -3000 2000 0

-1310 3000 -2000 0
-1310 3000 2000 0

-1300 -3000 2000 0
-1300 3000 2000 0

-1300 -3000 -2000 0
-1300 3000 -2000 0

-1300 -3000 2000 0
-1300 -3000 -2000 0

-1300 3000 2000 0
-1300 3000 -2000 0

-1300 -3000 -2000 0
-1310 -3000 -2000 0

-1300 -3000 2000 0
-1310 -3000 2000 0

-1300 -3000 -2000 0
-1300 -3000 2000 0

-1310 -3000 -2000 0
-1310 -3000 2000 0

-1300 3000 2000 0
-1310 3000 2000 0

-1300 3000 -2000 0
-1310 3000 -2000 0

-1300 3000 2000 0
-1300 3000 -2000 0

-1310 3000 2000 0
-1310 3000 -2000 0

-1005 3097.5 2000 0
-1005 3100 2000 0

-1005 3100 2000 0
-1005 3101.25 2000 0
-1005 3102.5 2000 0

-1005 3102.5 2000 0

995 3097.5 2000 0
995 3102.5 2000 0

-1005 3097.5 2000 0
995 3097.5 2000 0

-1005 3102.5 2000 0
995 3102.5 2000 0

995 3097.5 -2000 0
995 3102.5 -2000 0

-1005 3097.5 -2000 0
-1005 3102.5 -2000 0

995 3097.5 -2000 0
-1005 3097.5 -2000 0

995 3102.5 -2000 0
-1005 3102.5 -2000 0

995 3097.5 2000 0
995 3102.5 2000 0

995 3097.5 -2000 0
995 3102.5 -2000 0

995 3097.5 2000 0
995 3097.5 -2000 0

995 3102.5 2000 0
995 3102.5 -2000 0

-1005 3097.5 -2000 0
-1005 3102.5 -2000 0

-1005 3097.5 2000 0
-1005 3102.5 2000 0

-1005 3097.5 -2000 0
-1005 3097.5 2000 0

-1005 3102.5 -2000 0
-1005 3102.5 2000 0

-1005 3097.5 2000 0
995 3097.5 2000 0

-1005 3097.5 -2000 0
995 3097.5 -2000 0

-1005 3097.5 2000 0
-1005 3097.5 -2000 0

995 3097.5 2000 0
995 3097.5 -2000 0

-1005 3102.5 -2000 0
995 3102.5 -2000 0

-1005 3102.5 2000 0
995 3102.5 2000 0

-1005 3102.5 -2000 0
-1005 3102.5 2000 0

995 3102.5 -2000 0
995 3102.5 2000 0

-995 3095 2000 0
-995 3100 2000 0

-995 3100 2000 0
-995 3102.5 2000 0
-995 3105 2000 0

-995 3105 2000 0

1005 3095 2000 0
1005 3105 2000 0

-995 3095 2000 0
1005 3095 2000 0

-995 3105 2000 0
1005 3105 2000 0

1005 3095 -2000 0
1005 3105 -2000 0

-995 3095 -2000 0
-995 3105 -2000 0

1005 3095 -2000 0
-995 3095 -2000 0

1005 3105 -2000 0
-995 3105 -2000 0

1005 3095 2000 0
1005 3105 2000 0

1005 3095 -2000 0
1005 3105 -2000 0

1005 3095 2000 0
1005 3095 -2000 0

1005 3105 2000 0
1005 3105 -2000 0

-995 3095 -2000 0
-995 3105 -2000 0

-995 3095 2000 0
-995 3105 2000 0

-995 3095 -2000 0
-995 3095 2000 0

-995 3105 -2000 0
-995 3105 2000 0

-995 3095 2000 0
1005 3095 2000 0

-995 3095 -2000 0
1005 3095 -2000 0

-995 3095 2000 0
-995 3095 -2000 0

1005 3095 2000 0
1005 3095 -2000 0

-995 3105 -2000 0
1005 3105 -2000 0

-995 3105 2000 0
1005 3105 2000 0

-995 3105 -2000 0
-995 3105 2000 0

1005 3105 -2000 0
1005 3105 2000 0

-1005 -3097.5 -2000 0
-1005 -3100 -2000 0

-1005 -3100 -2000 0
-1005 -3101.25 -2000 0
-1005 -3102.5 -2000 0

-1005 -3102.5 -2000 0

995 -3097.5 -2000 0
995 -3102.5 -2000 0

-1005 -3097.5 -2000 0
995 -3097.5 -2000 0

-1005 -3102.5 -2000 0
995 -3102.5 -2000 0

995 -3097.5 2000 0
995 -3102.5 2000 0

-1005 -3097.5 2000 0
-1005 -3102.5 2000 0

995 -3097.5 2000 0
-1005 -3097.5 2000 0

995 -3102.5 2000 0
-1005 -3102.5 2000 0

995 -3097.5 -2000 0
995 -3102.5 -2000 0

995 -3097.5 2000 0
995 -3102.5 2000 0

995 -3097.5 -2000 0
995 -3097.5 2000 0

995 -3102.5 -2000 0
995 -3102.5 2000 0

-1005 -3097.5 2000 0
-1005 -3102.5 2000 0

-1005 -3097.5 -2000 0
-1005 -3102.5 -2000 0

-1005 -3097.5 2000 0
-1005 -3097.5 -2000 0

-1005 -3102.5 2000 0
-1005 -3102.5 -2000 0

-1005 -3097.5 -2000 0
995 -3097.5 -2000 0

-1005 -3097.5 2000 0
995 -3097.5 2000 0

-1005 -3097.5 -2000 0
-1005 -3097.5 2000 0

995 -3097.5 -2000 0
995 -3097.5 2000 0

-1005 -3102.5 2000 0
995 -3102.5 2000 0

-1005 -3102.5 -2000 0
995 -3102.5 -2000 0

-1005 -3102.5 2000 0
-1005 -3102.5 -2000 0

995 -3102.5 2000 0
995 -3102.5 -2000 0

-995 -3095 -2000 0
-995 -3100 -2000 0

-995 -3100 -2000 0
-995 -3102.5 -2000 0
-995 -3105 -2000 0

-995 -3105 -2000 0

1005 -3095 -2000 0
1005 -3105 -2000 0

-995 -3095 -2000 0
1005 -3095 -2000 0

-995 -3105 -2000 0
1005 -3105 -2000 0

1005 -3095 2000 0
1005 -3105 2000 0

-995 -3095 2000 0
-995 -3105 2000 0

1005 -3095 2000 0
-995 -3095 2000 0

1005 -3105 2000 0
-995 -3105 2000 0

1005 -3095 -2000 0
1005 -3105 -2000 0

1005 -3095 2000 0
1005 -3105 2000 0

1005 -3095 -2000 0
1005 -3095 2000 0

1005 -3105 -2000 0
1005 -3105 2000 0

-995 -3095 2000 0
-995 -3105 2000 0

-995 -3095 -2000 0
-995 -3105 -2000 0

-995 -3095 2000 0
-995 -3095 -2000 0

-995 -3105 2000 0
-995 -3105 -2000 0

-995 -3095 -2000 0
1005 -3095 -2000 0

-995 -3095 2000 0
1005 -3095 2000 0

-995 -3095 -2000 0
-995 -3095 2000 0

1005 -3095 -2000 0
1005 -3095 2000 0

-995 -3105 2000 0
1005 -3105 2000 0

-995 -3105 -2000 0
1005 -3105 -2000 0

-995 -3105 2000 0
-995 -3105 -2000 0

1005 -3105 2000 0
1005 -3105 -2000 0

1535 4235 3760 0
1535 4235 530 0

1535 4235 530 0
1535 4235 -1085 0
1535 4235 -2700 0

1535 4235 -2700 0

-1535 4235 3760 0
-1535 4235 -2700 0

1535 4235 3760 0
-1535 4235 3760 0

1535 4235 -2700 0
-1535 4235 -2700 0

-1535 4435 3760 0
-1535 4435 -2700 0

1535 4435 3760 0
1535 4435 -2700 0

-1535 4435 3760 0
1535 4435 3760 0

-1535 4435 -2700 0
1535 4435 -2700 0

-1535 4235 3760 0
-1535 4235 -2700 0

-1535 4435 3760 0
-1535 4435 -2700 0

-1535 4235 3760 0
-1535 4435 3760 0

-1535 4235 -2700 0
-1535 4435 -2700 0

1535 4435 3760 0
1535 4435 -2700 0

1535 4235 3760 0
1535 4235 -2700 0

1535 4435 3760 0
1535 4235 3760 0

1535 4435 -2700 0
1535 4235 -2700 0

1535 4235 3760 0
-1535 4235 3760 0

1535 4435 3760 0
-1535 4435 3760 0

1535 4235 3760 0
1535 4435 3760 0

-1535 4235 3760 0
-1535 4435 3760 0

1535 4435 -2700 0
-1535 4435 -2700 0

1535 4235 -2700 0
-1535 4235 -2700 0

1535 4435 -2700 0
1535 4235 -2700 0

-1535 4435 -2700 0
-1535 4235 -2700 0

1735 -4435 3760 0
1735 0 3760 0

1735 0 3760 0
1735 2217.5 3760 0
1735 4435 3760 0

1735 4435 3760 0

-1735 -4435 3760 0
-1735 4435 3760 0

1735 -4435 3760 0
-1735 -4435 3760 0

1735 4435 3760 0
-1735 4435 3760 0

-1735 -4435 3960 0
-1735 4435 3960 0

1735 -4435 3960 0
1735 4435 3960 0

-1735 -4435 3960 0
1735 -4435 3960 0

-1735 4435 3960 0
1735 4435 3960 0

-1735 -4435 3760 0
-1735 4435 3760 0

-1735 -4435 3960 0
-1735 4435 3960 0

-1735 -4435 3760 0
-1735 -4435 3960 0

-1735 4435 3760 0
-1735 4435 3960 0

1735 -4435 3960 0
1735 4435 3960 0

1735 -4435 3760 0
1735 4435 3760 0

1735 -4435 3960 0
1735 -4435 3760 0

1735 4435 3960 0
1735 4435 3760 0

1735 -4435 3760 0
-1735 -4435 3760 0

1735 -4435 3960 0
-1735 -4435 3960 0

1735 -4435 3760 0
1735 -4435 3960 0

-1735 -4435 3760 0
-1735 -4435 3960 0

1735 4435 3960 0
-1735 4435 3960 0

1735 4435 3760 0
-1735 4435 3760 0

1735 4435 3960 0
1735 4435 3760 0

-1735 4435 3960 0
-1735 4435 3760 0

# end of label='black'
