# Temporary file generated by the 'geomtools::gnuplot_drawer'
# class for visualization.
# label='grey'
1910 -4455 -2700 0
1910 -4365 -2700 0

1910 -4365 -2700 0
1910 -4320 -2700 0
1910 -4275 -2700 0

1910 -4275 -2700 0

-1910 -4455 -2700 0
-1910 -4275 -2700 0

1910 -4455 -2700 0
-1910 -4455 -2700 0

1910 -4275 -2700 0
-1910 -4275 -2700 0

-1910 -4455 3438 0
-1910 -4275 3438 0

1910 -4455 3438 0
1910 -4275 3438 0

-1910 -4455 3438 0
1910 -4455 3438 0

-1910 -4275 3438 0
1910 -4275 3438 0

-1910 -4455 -2700 0
-1910 -4275 -2700 0

-1910 -4455 3438 0
-1910 -4275 3438 0

-1910 -4455 -2700 0
-1910 -4455 3438 0

-1910 -4275 -2700 0
-1910 -4275 3438 0

1910 -4455 3438 0
1910 -4275 3438 0

1910 -4455 -2700 0
1910 -4275 -2700 0

1910 -4455 3438 0
1910 -4455 -2700 0

1910 -4275 3438 0
1910 -4275 -2700 0

1910 -4455 -2700 0
-1910 -4455 -2700 0

1910 -4455 3438 0
-1910 -4455 3438 0

1910 -4455 -2700 0
1910 -4455 3438 0

-1910 -4455 -2700 0
-1910 -4455 3438 0

1910 -4275 3438 0
-1910 -4275 3438 0

1910 -4275 -2700 0
-1910 -4275 -2700 0

1910 -4275 3438 0
1910 -4275 -2700 0

-1910 -4275 3438 0
-1910 -4275 -2700 0

# end of label='grey'
