# Temporary file generated by the 'geomtools::gnuplot_drawer'
# class for visualization.
# label='black'
1750 -4445 3069 0
1750 0 3069 0

1750 0 3069 0
1750 2222.5 3069 0
1750 4445 3069 0

1750 4445 3069 0

-1750 -4445 3069 0
-1750 4445 3069 0

1750 -4445 3069 0
-1750 -4445 3069 0

1750 4445 3069 0
-1750 4445 3069 0

-1750 -4445 3369 0
-1750 4445 3369 0

1750 -4445 3369 0
1750 4445 3369 0

-1750 -4445 3369 0
1750 -4445 3369 0

-1750 4445 3369 0
1750 4445 3369 0

-1750 -4445 3069 0
-1750 4445 3069 0

-1750 -4445 3369 0
-1750 4445 3369 0

-1750 -4445 3069 0
-1750 -4445 3369 0

-1750 4445 3069 0
-1750 4445 3369 0

1750 -4445 3369 0
1750 4445 3369 0

1750 -4445 3069 0
1750 4445 3069 0

1750 -4445 3369 0
1750 -4445 3069 0

1750 4445 3369 0
1750 4445 3069 0

1750 -4445 3069 0
-1750 -4445 3069 0

1750 -4445 3369 0
-1750 -4445 3369 0

1750 -4445 3069 0
1750 -4445 3369 0

-1750 -4445 3069 0
-1750 -4445 3369 0

1750 4445 3369 0
-1750 4445 3369 0

1750 4445 3069 0
-1750 4445 3069 0

1750 4445 3369 0
1750 4445 3069 0

-1750 4445 3369 0
-1750 4445 3069 0

1750 -4445 3369 0
1750 0 3369 0

1750 0 3369 0
1750 2222.5 3369 0
1750 4445 3369 0

1750 4445 3369 0

-1750 -4445 3369 0
-1750 4445 3369 0

1750 -4445 3369 0
-1750 -4445 3369 0

1750 4445 3369 0
-1750 4445 3369 0

-1750 -4445 3669 0
-1750 4445 3669 0

1750 -4445 3669 0
1750 4445 3669 0

-1750 -4445 3669 0
1750 -4445 3669 0

-1750 4445 3669 0
1750 4445 3669 0

-1750 -4445 3369 0
-1750 4445 3369 0

-1750 -4445 3669 0
-1750 4445 3669 0

-1750 -4445 3369 0
-1750 -4445 3669 0

-1750 4445 3369 0
-1750 4445 3669 0

1750 -4445 3669 0
1750 4445 3669 0

1750 -4445 3369 0
1750 4445 3369 0

1750 -4445 3669 0
1750 -4445 3369 0

1750 4445 3669 0
1750 4445 3369 0

1750 -4445 3369 0
-1750 -4445 3369 0

1750 -4445 3669 0
-1750 -4445 3669 0

1750 -4445 3369 0
1750 -4445 3669 0

-1750 -4445 3369 0
-1750 -4445 3669 0

1750 4445 3669 0
-1750 4445 3669 0

1750 4445 3369 0
-1750 4445 3369 0

1750 4445 3669 0
1750 4445 3369 0

-1750 4445 3669 0
-1750 4445 3369 0

1360 -3614 -3004 0
1360 0 -3004 0

1360 0 -3004 0
1360 1807 -3004 0
1360 3614 -3004 0

1360 3614 -3004 0

-1360 -3614 -3004 0
-1360 3614 -3004 0

1360 -3614 -3004 0
-1360 -3614 -3004 0

1360 3614 -3004 0
-1360 3614 -3004 0

-1360 -3614 -2815 0
-1360 3614 -2815 0

1360 -3614 -2815 0
1360 3614 -2815 0

-1360 -3614 -2815 0
1360 -3614 -2815 0

-1360 3614 -2815 0
1360 3614 -2815 0

-1360 -3614 -3004 0
-1360 3614 -3004 0

-1360 -3614 -2815 0
-1360 3614 -2815 0

-1360 -3614 -3004 0
-1360 -3614 -2815 0

-1360 3614 -3004 0
-1360 3614 -2815 0

1360 -3614 -2815 0
1360 3614 -2815 0

1360 -3614 -3004 0
1360 3614 -3004 0

1360 -3614 -2815 0
1360 -3614 -3004 0

1360 3614 -2815 0
1360 3614 -3004 0

1360 -3614 -3004 0
-1360 -3614 -3004 0

1360 -3614 -2815 0
-1360 -3614 -2815 0

1360 -3614 -3004 0
1360 -3614 -2815 0

-1360 -3614 -3004 0
-1360 -3614 -2815 0

1360 3614 -2815 0
-1360 3614 -2815 0

1360 3614 -3004 0
-1360 3614 -3004 0

1360 3614 -2815 0
1360 3614 -3004 0

-1360 3614 -2815 0
-1360 3614 -3004 0

1360 -3614 -3382 0
1360 0 -3382 0

1360 0 -3382 0
1360 1807 -3382 0
1360 3614 -3382 0

1360 3614 -3382 0

-1360 -3614 -3382 0
-1360 3614 -3382 0

1360 -3614 -3382 0
-1360 -3614 -3382 0

1360 3614 -3382 0
-1360 3614 -3382 0

-1360 -3614 -3004 0
-1360 3614 -3004 0

1360 -3614 -3004 0
1360 3614 -3004 0

-1360 -3614 -3004 0
1360 -3614 -3004 0

-1360 3614 -3004 0
1360 3614 -3004 0

-1360 -3614 -3382 0
-1360 3614 -3382 0

-1360 -3614 -3004 0
-1360 3614 -3004 0

-1360 -3614 -3382 0
-1360 -3614 -3004 0

-1360 3614 -3382 0
-1360 3614 -3004 0

1360 -3614 -3004 0
1360 3614 -3004 0

1360 -3614 -3382 0
1360 3614 -3382 0

1360 -3614 -3004 0
1360 -3614 -3382 0

1360 3614 -3004 0
1360 3614 -3382 0

1360 -3614 -3382 0
-1360 -3614 -3382 0

1360 -3614 -3004 0
-1360 -3614 -3004 0

1360 -3614 -3382 0
1360 -3614 -3004 0

-1360 -3614 -3382 0
-1360 -3614 -3004 0

1360 3614 -3004 0
-1360 3614 -3004 0

1360 3614 -3382 0
-1360 3614 -3382 0

1360 3614 -3004 0
1360 3614 -3382 0

-1360 3614 -3004 0
-1360 3614 -3382 0

-1925 -2138 3069 0
-1925 -1304 3069 0

-1925 -1304 3069 0
-1925 -887 3069 0
-1925 -470 3069 0

-1925 -470 3069 0

-1745 -2138 3069 0
-1745 -470 3069 0

-1925 -2138 3069 0
-1745 -2138 3069 0

-1925 -470 3069 0
-1745 -470 3069 0

-1745 -2138 -3069 0
-1745 -470 -3069 0

-1925 -2138 -3069 0
-1925 -470 -3069 0

-1745 -2138 -3069 0
-1925 -2138 -3069 0

-1745 -470 -3069 0
-1925 -470 -3069 0

-1745 -2138 3069 0
-1745 -470 3069 0

-1745 -2138 -3069 0
-1745 -470 -3069 0

-1745 -2138 3069 0
-1745 -2138 -3069 0

-1745 -470 3069 0
-1745 -470 -3069 0

-1925 -2138 -3069 0
-1925 -470 -3069 0

-1925 -2138 3069 0
-1925 -470 3069 0

-1925 -2138 -3069 0
-1925 -2138 3069 0

-1925 -470 -3069 0
-1925 -470 3069 0

-1925 -2138 3069 0
-1745 -2138 3069 0

-1925 -2138 -3069 0
-1745 -2138 -3069 0

-1925 -2138 3069 0
-1925 -2138 -3069 0

-1745 -2138 3069 0
-1745 -2138 -3069 0

-1925 -470 -3069 0
-1745 -470 -3069 0

-1925 -470 3069 0
-1745 -470 3069 0

-1925 -470 -3069 0
-1925 -470 3069 0

-1745 -470 -3069 0
-1745 -470 3069 0

-1925 470 3069 0
-1925 1304 3069 0

-1925 1304 3069 0
-1925 1721 3069 0
-1925 2138 3069 0

-1925 2138 3069 0

-1745 470 3069 0
-1745 2138 3069 0

-1925 470 3069 0
-1745 470 3069 0

-1925 2138 3069 0
-1745 2138 3069 0

-1745 470 -3069 0
-1745 2138 -3069 0

-1925 470 -3069 0
-1925 2138 -3069 0

-1745 470 -3069 0
-1925 470 -3069 0

-1745 2138 -3069 0
-1925 2138 -3069 0

-1745 470 3069 0
-1745 2138 3069 0

-1745 470 -3069 0
-1745 2138 -3069 0

-1745 470 3069 0
-1745 470 -3069 0

-1745 2138 3069 0
-1745 2138 -3069 0

-1925 470 -3069 0
-1925 2138 -3069 0

-1925 470 3069 0
-1925 2138 3069 0

-1925 470 -3069 0
-1925 470 3069 0

-1925 2138 -3069 0
-1925 2138 3069 0

-1925 470 3069 0
-1745 470 3069 0

-1925 470 -3069 0
-1745 470 -3069 0

-1925 470 3069 0
-1925 470 -3069 0

-1745 470 3069 0
-1745 470 -3069 0

-1925 2138 -3069 0
-1745 2138 -3069 0

-1925 2138 3069 0
-1745 2138 3069 0

-1925 2138 -3069 0
-1925 2138 3069 0

-1745 2138 -3069 0
-1745 2138 3069 0

-1715 -3083 3069 0
-1715 -2608 3069 0

-1715 -2608 3069 0
-1715 -2370.5 3069 0
-1715 -2133 3069 0

-1715 -2133 3069 0

-1535 -3083 3069 0
-1535 -2133 3069 0

-1715 -3083 3069 0
-1535 -3083 3069 0

-1715 -2133 3069 0
-1535 -2133 3069 0

-1535 -3083 -3069 0
-1535 -2133 -3069 0

-1715 -3083 -3069 0
-1715 -2133 -3069 0

-1535 -3083 -3069 0
-1715 -3083 -3069 0

-1535 -2133 -3069 0
-1715 -2133 -3069 0

-1535 -3083 3069 0
-1535 -2133 3069 0

-1535 -3083 -3069 0
-1535 -2133 -3069 0

-1535 -3083 3069 0
-1535 -3083 -3069 0

-1535 -2133 3069 0
-1535 -2133 -3069 0

-1715 -3083 -3069 0
-1715 -2133 -3069 0

-1715 -3083 3069 0
-1715 -2133 3069 0

-1715 -3083 -3069 0
-1715 -3083 3069 0

-1715 -2133 -3069 0
-1715 -2133 3069 0

-1715 -3083 3069 0
-1535 -3083 3069 0

-1715 -3083 -3069 0
-1535 -3083 -3069 0

-1715 -3083 3069 0
-1715 -3083 -3069 0

-1535 -3083 3069 0
-1535 -3083 -3069 0

-1715 -2133 -3069 0
-1535 -2133 -3069 0

-1715 -2133 3069 0
-1535 -2133 3069 0

-1715 -2133 -3069 0
-1715 -2133 3069 0

-1535 -2133 -3069 0
-1535 -2133 3069 0

-1715 -475 3069 0
-1715 0 3069 0

-1715 0 3069 0
-1715 237.5 3069 0
-1715 475 3069 0

-1715 475 3069 0

-1535 -475 3069 0
-1535 475 3069 0

-1715 -475 3069 0
-1535 -475 3069 0

-1715 475 3069 0
-1535 475 3069 0

-1535 -475 -3069 0
-1535 475 -3069 0

-1715 -475 -3069 0
-1715 475 -3069 0

-1535 -475 -3069 0
-1715 -475 -3069 0

-1535 475 -3069 0
-1715 475 -3069 0

-1535 -475 3069 0
-1535 475 3069 0

-1535 -475 -3069 0
-1535 475 -3069 0

-1535 -475 3069 0
-1535 -475 -3069 0

-1535 475 3069 0
-1535 475 -3069 0

-1715 -475 -3069 0
-1715 475 -3069 0

-1715 -475 3069 0
-1715 475 3069 0

-1715 -475 -3069 0
-1715 -475 3069 0

-1715 475 -3069 0
-1715 475 3069 0

-1715 -475 3069 0
-1535 -475 3069 0

-1715 -475 -3069 0
-1535 -475 -3069 0

-1715 -475 3069 0
-1715 -475 -3069 0

-1535 -475 3069 0
-1535 -475 -3069 0

-1715 475 -3069 0
-1535 475 -3069 0

-1715 475 3069 0
-1535 475 3069 0

-1715 475 -3069 0
-1715 475 3069 0

-1535 475 -3069 0
-1535 475 3069 0

-1715 2133 3069 0
-1715 2608 3069 0

-1715 2608 3069 0
-1715 2845.5 3069 0
-1715 3083 3069 0

-1715 3083 3069 0

-1535 2133 3069 0
-1535 3083 3069 0

-1715 2133 3069 0
-1535 2133 3069 0

-1715 3083 3069 0
-1535 3083 3069 0

-1535 2133 -3069 0
-1535 3083 -3069 0

-1715 2133 -3069 0
-1715 3083 -3069 0

-1535 2133 -3069 0
-1715 2133 -3069 0

-1535 3083 -3069 0
-1715 3083 -3069 0

-1535 2133 3069 0
-1535 3083 3069 0

-1535 2133 -3069 0
-1535 3083 -3069 0

-1535 2133 3069 0
-1535 2133 -3069 0

-1535 3083 3069 0
-1535 3083 -3069 0

-1715 2133 -3069 0
-1715 3083 -3069 0

-1715 2133 3069 0
-1715 3083 3069 0

-1715 2133 -3069 0
-1715 2133 3069 0

-1715 3083 -3069 0
-1715 3083 3069 0

-1715 2133 3069 0
-1535 2133 3069 0

-1715 2133 -3069 0
-1535 2133 -3069 0

-1715 2133 3069 0
-1715 2133 -3069 0

-1535 2133 3069 0
-1535 2133 -3069 0

-1715 3083 -3069 0
-1535 3083 -3069 0

-1715 3083 3069 0
-1535 3083 3069 0

-1715 3083 -3069 0
-1715 3083 3069 0

-1535 3083 -3069 0
-1535 3083 3069 0

-1925 -4275 3069 0
-1925 -3676.5 3069 0

-1925 -3676.5 3069 0
-1925 -3377.25 3069 0
-1925 -3078 3069 0

-1925 -3078 3069 0

-1745 -4275 3069 0
-1745 -3078 3069 0

-1925 -4275 3069 0
-1745 -4275 3069 0

-1925 -3078 3069 0
-1745 -3078 3069 0

-1745 -4275 -3069 0
-1745 -3078 -3069 0

-1925 -4275 -3069 0
-1925 -3078 -3069 0

-1745 -4275 -3069 0
-1925 -4275 -3069 0

-1745 -3078 -3069 0
-1925 -3078 -3069 0

-1745 -4275 3069 0
-1745 -3078 3069 0

-1745 -4275 -3069 0
-1745 -3078 -3069 0

-1745 -4275 3069 0
-1745 -4275 -3069 0

-1745 -3078 3069 0
-1745 -3078 -3069 0

-1925 -4275 -3069 0
-1925 -3078 -3069 0

-1925 -4275 3069 0
-1925 -3078 3069 0

-1925 -4275 -3069 0
-1925 -4275 3069 0

-1925 -3078 -3069 0
-1925 -3078 3069 0

-1925 -4275 3069 0
-1745 -4275 3069 0

-1925 -4275 -3069 0
-1745 -4275 -3069 0

-1925 -4275 3069 0
-1925 -4275 -3069 0

-1745 -4275 3069 0
-1745 -4275 -3069 0

-1925 -3078 -3069 0
-1745 -3078 -3069 0

-1925 -3078 3069 0
-1745 -3078 3069 0

-1925 -3078 -3069 0
-1925 -3078 3069 0

-1745 -3078 -3069 0
-1745 -3078 3069 0

-1925 3078 3069 0
-1925 3676.5 3069 0

-1925 3676.5 3069 0
-1925 3975.75 3069 0
-1925 4275 3069 0

-1925 4275 3069 0

-1745 3078 3069 0
-1745 4275 3069 0

-1925 3078 3069 0
-1745 3078 3069 0

-1925 4275 3069 0
-1745 4275 3069 0

-1745 3078 -3069 0
-1745 4275 -3069 0

-1925 3078 -3069 0
-1925 4275 -3069 0

-1745 3078 -3069 0
-1925 3078 -3069 0

-1745 4275 -3069 0
-1925 4275 -3069 0

-1745 3078 3069 0
-1745 4275 3069 0

-1745 3078 -3069 0
-1745 4275 -3069 0

-1745 3078 3069 0
-1745 3078 -3069 0

-1745 4275 3069 0
-1745 4275 -3069 0

-1925 3078 -3069 0
-1925 4275 -3069 0

-1925 3078 3069 0
-1925 4275 3069 0

-1925 3078 -3069 0
-1925 3078 3069 0

-1925 4275 -3069 0
-1925 4275 3069 0

-1925 3078 3069 0
-1745 3078 3069 0

-1925 3078 -3069 0
-1745 3078 -3069 0

-1925 3078 3069 0
-1925 3078 -3069 0

-1745 3078 3069 0
-1745 3078 -3069 0

-1925 4275 -3069 0
-1745 4275 -3069 0

-1925 4275 3069 0
-1745 4275 3069 0

-1925 4275 -3069 0
-1925 4275 3069 0

-1745 4275 -3069 0
-1745 4275 3069 0

1535 -2138 3069 0
1535 -1304 3069 0

1535 -1304 3069 0
1535 -887 3069 0
1535 -470 3069 0

1535 -470 3069 0

1715 -2138 3069 0
1715 -470 3069 0

1535 -2138 3069 0
1715 -2138 3069 0

1535 -470 3069 0
1715 -470 3069 0

1715 -2138 -3069 0
1715 -470 -3069 0

1535 -2138 -3069 0
1535 -470 -3069 0

1715 -2138 -3069 0
1535 -2138 -3069 0

1715 -470 -3069 0
1535 -470 -3069 0

1715 -2138 3069 0
1715 -470 3069 0

1715 -2138 -3069 0
1715 -470 -3069 0

1715 -2138 3069 0
1715 -2138 -3069 0

1715 -470 3069 0
1715 -470 -3069 0

1535 -2138 -3069 0
1535 -470 -3069 0

1535 -2138 3069 0
1535 -470 3069 0

1535 -2138 -3069 0
1535 -2138 3069 0

1535 -470 -3069 0
1535 -470 3069 0

1535 -2138 3069 0
1715 -2138 3069 0

1535 -2138 -3069 0
1715 -2138 -3069 0

1535 -2138 3069 0
1535 -2138 -3069 0

1715 -2138 3069 0
1715 -2138 -3069 0

1535 -470 -3069 0
1715 -470 -3069 0

1535 -470 3069 0
1715 -470 3069 0

1535 -470 -3069 0
1535 -470 3069 0

1715 -470 -3069 0
1715 -470 3069 0

1535 470 3069 0
1535 1304 3069 0

1535 1304 3069 0
1535 1721 3069 0
1535 2138 3069 0

1535 2138 3069 0

1715 470 3069 0
1715 2138 3069 0

1535 470 3069 0
1715 470 3069 0

1535 2138 3069 0
1715 2138 3069 0

1715 470 -3069 0
1715 2138 -3069 0

1535 470 -3069 0
1535 2138 -3069 0

1715 470 -3069 0
1535 470 -3069 0

1715 2138 -3069 0
1535 2138 -3069 0

1715 470 3069 0
1715 2138 3069 0

1715 470 -3069 0
1715 2138 -3069 0

1715 470 3069 0
1715 470 -3069 0

1715 2138 3069 0
1715 2138 -3069 0

1535 470 -3069 0
1535 2138 -3069 0

1535 470 3069 0
1535 2138 3069 0

1535 470 -3069 0
1535 470 3069 0

1535 2138 -3069 0
1535 2138 3069 0

1535 470 3069 0
1715 470 3069 0

1535 470 -3069 0
1715 470 -3069 0

1535 470 3069 0
1535 470 -3069 0

1715 470 3069 0
1715 470 -3069 0

1535 2138 -3069 0
1715 2138 -3069 0

1535 2138 3069 0
1715 2138 3069 0

1535 2138 -3069 0
1535 2138 3069 0

1715 2138 -3069 0
1715 2138 3069 0

1745 -3083 3069 0
1745 -2608 3069 0

1745 -2608 3069 0
1745 -2370.5 3069 0
1745 -2133 3069 0

1745 -2133 3069 0

1925 -3083 3069 0
1925 -2133 3069 0

1745 -3083 3069 0
1925 -3083 3069 0

1745 -2133 3069 0
1925 -2133 3069 0

1925 -3083 -3069 0
1925 -2133 -3069 0

1745 -3083 -3069 0
1745 -2133 -3069 0

1925 -3083 -3069 0
1745 -3083 -3069 0

1925 -2133 -3069 0
1745 -2133 -3069 0

1925 -3083 3069 0
1925 -2133 3069 0

1925 -3083 -3069 0
1925 -2133 -3069 0

1925 -3083 3069 0
1925 -3083 -3069 0

1925 -2133 3069 0
1925 -2133 -3069 0

1745 -3083 -3069 0
1745 -2133 -3069 0

1745 -3083 3069 0
1745 -2133 3069 0

1745 -3083 -3069 0
1745 -3083 3069 0

1745 -2133 -3069 0
1745 -2133 3069 0

1745 -3083 3069 0
1925 -3083 3069 0

1745 -3083 -3069 0
1925 -3083 -3069 0

1745 -3083 3069 0
1745 -3083 -3069 0

1925 -3083 3069 0
1925 -3083 -3069 0

1745 -2133 -3069 0
1925 -2133 -3069 0

1745 -2133 3069 0
1925 -2133 3069 0

1745 -2133 -3069 0
1745 -2133 3069 0

1925 -2133 -3069 0
1925 -2133 3069 0

1745 -475 3069 0
1745 0 3069 0

1745 0 3069 0
1745 237.5 3069 0
1745 475 3069 0

1745 475 3069 0

1925 -475 3069 0
1925 475 3069 0

1745 -475 3069 0
1925 -475 3069 0

1745 475 3069 0
1925 475 3069 0

1925 -475 -3069 0
1925 475 -3069 0

1745 -475 -3069 0
1745 475 -3069 0

1925 -475 -3069 0
1745 -475 -3069 0

1925 475 -3069 0
1745 475 -3069 0

1925 -475 3069 0
1925 475 3069 0

1925 -475 -3069 0
1925 475 -3069 0

1925 -475 3069 0
1925 -475 -3069 0

1925 475 3069 0
1925 475 -3069 0

1745 -475 -3069 0
1745 475 -3069 0

1745 -475 3069 0
1745 475 3069 0

1745 -475 -3069 0
1745 -475 3069 0

1745 475 -3069 0
1745 475 3069 0

1745 -475 3069 0
1925 -475 3069 0

1745 -475 -3069 0
1925 -475 -3069 0

1745 -475 3069 0
1745 -475 -3069 0

1925 -475 3069 0
1925 -475 -3069 0

1745 475 -3069 0
1925 475 -3069 0

1745 475 3069 0
1925 475 3069 0

1745 475 -3069 0
1745 475 3069 0

1925 475 -3069 0
1925 475 3069 0

1745 2133 3069 0
1745 2608 3069 0

1745 2608 3069 0
1745 2845.5 3069 0
1745 3083 3069 0

1745 3083 3069 0

1925 2133 3069 0
1925 3083 3069 0

1745 2133 3069 0
1925 2133 3069 0

1745 3083 3069 0
1925 3083 3069 0

1925 2133 -3069 0
1925 3083 -3069 0

1745 2133 -3069 0
1745 3083 -3069 0

1925 2133 -3069 0
1745 2133 -3069 0

1925 3083 -3069 0
1745 3083 -3069 0

1925 2133 3069 0
1925 3083 3069 0

1925 2133 -3069 0
1925 3083 -3069 0

1925 2133 3069 0
1925 2133 -3069 0

1925 3083 3069 0
1925 3083 -3069 0

1745 2133 -3069 0
1745 3083 -3069 0

1745 2133 3069 0
1745 3083 3069 0

1745 2133 -3069 0
1745 2133 3069 0

1745 3083 -3069 0
1745 3083 3069 0

1745 2133 3069 0
1925 2133 3069 0

1745 2133 -3069 0
1925 2133 -3069 0

1745 2133 3069 0
1745 2133 -3069 0

1925 2133 3069 0
1925 2133 -3069 0

1745 3083 -3069 0
1925 3083 -3069 0

1745 3083 3069 0
1925 3083 3069 0

1745 3083 -3069 0
1745 3083 3069 0

1925 3083 -3069 0
1925 3083 3069 0

1535 -4275 3069 0
1535 -3676.5 3069 0

1535 -3676.5 3069 0
1535 -3377.25 3069 0
1535 -3078 3069 0

1535 -3078 3069 0

1715 -4275 3069 0
1715 -3078 3069 0

1535 -4275 3069 0
1715 -4275 3069 0

1535 -3078 3069 0
1715 -3078 3069 0

1715 -4275 -3069 0
1715 -3078 -3069 0

1535 -4275 -3069 0
1535 -3078 -3069 0

1715 -4275 -3069 0
1535 -4275 -3069 0

1715 -3078 -3069 0
1535 -3078 -3069 0

1715 -4275 3069 0
1715 -3078 3069 0

1715 -4275 -3069 0
1715 -3078 -3069 0

1715 -4275 3069 0
1715 -4275 -3069 0

1715 -3078 3069 0
1715 -3078 -3069 0

1535 -4275 -3069 0
1535 -3078 -3069 0

1535 -4275 3069 0
1535 -3078 3069 0

1535 -4275 -3069 0
1535 -4275 3069 0

1535 -3078 -3069 0
1535 -3078 3069 0

1535 -4275 3069 0
1715 -4275 3069 0

1535 -4275 -3069 0
1715 -4275 -3069 0

1535 -4275 3069 0
1535 -4275 -3069 0

1715 -4275 3069 0
1715 -4275 -3069 0

1535 -3078 -3069 0
1715 -3078 -3069 0

1535 -3078 3069 0
1715 -3078 3069 0

1535 -3078 -3069 0
1535 -3078 3069 0

1715 -3078 -3069 0
1715 -3078 3069 0

1535 3078 3069 0
1535 3676.5 3069 0

1535 3676.5 3069 0
1535 3975.75 3069 0
1535 4275 3069 0

1535 4275 3069 0

1715 3078 3069 0
1715 4275 3069 0

1535 3078 3069 0
1715 3078 3069 0

1535 4275 3069 0
1715 4275 3069 0

1715 3078 -3069 0
1715 4275 -3069 0

1535 3078 -3069 0
1535 4275 -3069 0

1715 3078 -3069 0
1535 3078 -3069 0

1715 4275 -3069 0
1535 4275 -3069 0

1715 3078 3069 0
1715 4275 3069 0

1715 3078 -3069 0
1715 4275 -3069 0

1715 3078 3069 0
1715 3078 -3069 0

1715 4275 3069 0
1715 4275 -3069 0

1535 3078 -3069 0
1535 4275 -3069 0

1535 3078 3069 0
1535 4275 3069 0

1535 3078 -3069 0
1535 3078 3069 0

1535 4275 -3069 0
1535 4275 3069 0

1535 3078 3069 0
1715 3078 3069 0

1535 3078 -3069 0
1715 3078 -3069 0

1535 3078 3069 0
1535 3078 -3069 0

1715 3078 3069 0
1715 3078 -3069 0

1535 4275 -3069 0
1715 4275 -3069 0

1535 4275 3069 0
1715 4275 3069 0

1535 4275 -3069 0
1535 4275 3069 0

1715 4275 -3069 0
1715 4275 3069 0

1400 4245 -3069 0
1400 4335 -3069 0

1400 4335 -3069 0
1400 4380 -3069 0
1400 4425 -3069 0

1400 4425 -3069 0

-1400 4245 -3069 0
-1400 4425 -3069 0

1400 4245 -3069 0
-1400 4245 -3069 0

1400 4425 -3069 0
-1400 4425 -3069 0

-1400 4245 3069 0
-1400 4425 3069 0

1400 4245 3069 0
1400 4425 3069 0

-1400 4245 3069 0
1400 4245 3069 0

-1400 4425 3069 0
1400 4425 3069 0

-1400 4245 -3069 0
-1400 4425 -3069 0

-1400 4245 3069 0
-1400 4425 3069 0

-1400 4245 -3069 0
-1400 4245 3069 0

-1400 4425 -3069 0
-1400 4425 3069 0

1400 4245 3069 0
1400 4425 3069 0

1400 4245 -3069 0
1400 4425 -3069 0

1400 4245 3069 0
1400 4245 -3069 0

1400 4425 3069 0
1400 4425 -3069 0

1400 4245 -3069 0
-1400 4245 -3069 0

1400 4245 3069 0
-1400 4245 3069 0

1400 4245 -3069 0
1400 4245 3069 0

-1400 4245 -3069 0
-1400 4245 3069 0

1400 4425 3069 0
-1400 4425 3069 0

1400 4425 -3069 0
-1400 4425 -3069 0

1400 4425 3069 0
1400 4425 -3069 0

-1400 4425 3069 0
-1400 4425 -3069 0

1400 -4425 -3069 0
1400 -4335 -3069 0

1400 -4335 -3069 0
1400 -4290 -3069 0
1400 -4245 -3069 0

1400 -4245 -3069 0

-1400 -4425 -3069 0
-1400 -4245 -3069 0

1400 -4425 -3069 0
-1400 -4425 -3069 0

1400 -4245 -3069 0
-1400 -4245 -3069 0

-1400 -4425 3069 0
-1400 -4245 3069 0

1400 -4425 3069 0
1400 -4245 3069 0

-1400 -4425 3069 0
1400 -4425 3069 0

-1400 -4245 3069 0
1400 -4245 3069 0

-1400 -4425 -3069 0
-1400 -4245 -3069 0

-1400 -4425 3069 0
-1400 -4245 3069 0

-1400 -4425 -3069 0
-1400 -4425 3069 0

-1400 -4245 -3069 0
-1400 -4245 3069 0

1400 -4425 3069 0
1400 -4245 3069 0

1400 -4425 -3069 0
1400 -4245 -3069 0

1400 -4425 3069 0
1400 -4425 -3069 0

1400 -4245 3069 0
1400 -4245 -3069 0

1400 -4425 -3069 0
-1400 -4425 -3069 0

1400 -4425 3069 0
-1400 -4425 3069 0

1400 -4425 -3069 0
1400 -4425 3069 0

-1400 -4425 -3069 0
-1400 -4425 3069 0

1400 -4245 3069 0
-1400 -4245 3069 0

1400 -4245 -3069 0
-1400 -4245 -3069 0

1400 -4245 3069 0
1400 -4245 -3069 0

-1400 -4245 3069 0
-1400 -4245 -3069 0

-2227 96 3069 0
-2227 1304 3069 0

-2227 1304 3069 0
-2227 1908 3069 0
-2227 2512 3069 0

-2227 2512 3069 0

-2207 96 3069 0
-2207 2512 3069 0

-2227 96 3069 0
-2207 96 3069 0

-2227 2512 3069 0
-2207 2512 3069 0

-2207 96 2601 0
-2207 2512 2601 0

-2227 96 2601 0
-2227 2512 2601 0

-2207 96 2601 0
-2227 96 2601 0

-2207 2512 2601 0
-2227 2512 2601 0

-2207 96 3069 0
-2207 2512 3069 0

-2207 96 2601 0
-2207 2512 2601 0

-2207 96 3069 0
-2207 96 2601 0

-2207 2512 3069 0
-2207 2512 2601 0

-2227 96 2601 0
-2227 2512 2601 0

-2227 96 3069 0
-2227 2512 3069 0

-2227 96 2601 0
-2227 96 3069 0

-2227 2512 2601 0
-2227 2512 3069 0

-2227 96 3069 0
-2207 96 3069 0

-2227 96 2601 0
-2207 96 2601 0

-2227 96 3069 0
-2227 96 2601 0

-2207 96 3069 0
-2207 96 2601 0

-2227 2512 2601 0
-2207 2512 2601 0

-2227 2512 3069 0
-2207 2512 3069 0

-2227 2512 2601 0
-2227 2512 3069 0

-2207 2512 2601 0
-2207 2512 3069 0

-2309.5 96 3079 0
-2309.5 1304 3079 0

-2309.5 1304 3079 0
-2309.5 1908 3079 0
-2309.5 2512 3079 0

-2309.5 2512 3079 0

-2124.5 96 3079 0
-2124.5 2512 3079 0

-2309.5 96 3079 0
-2124.5 96 3079 0

-2309.5 2512 3079 0
-2124.5 2512 3079 0

-2124.5 96 3059 0
-2124.5 2512 3059 0

-2309.5 96 3059 0
-2309.5 2512 3059 0

-2124.5 96 3059 0
-2309.5 96 3059 0

-2124.5 2512 3059 0
-2309.5 2512 3059 0

-2124.5 96 3079 0
-2124.5 2512 3079 0

-2124.5 96 3059 0
-2124.5 2512 3059 0

-2124.5 96 3079 0
-2124.5 96 3059 0

-2124.5 2512 3079 0
-2124.5 2512 3059 0

-2309.5 96 3059 0
-2309.5 2512 3059 0

-2309.5 96 3079 0
-2309.5 2512 3079 0

-2309.5 96 3059 0
-2309.5 96 3079 0

-2309.5 2512 3059 0
-2309.5 2512 3079 0

-2309.5 96 3079 0
-2124.5 96 3079 0

-2309.5 96 3059 0
-2124.5 96 3059 0

-2309.5 96 3079 0
-2309.5 96 3059 0

-2124.5 96 3079 0
-2124.5 96 3059 0

-2309.5 2512 3059 0
-2124.5 2512 3059 0

-2309.5 2512 3079 0
-2124.5 2512 3079 0

-2309.5 2512 3059 0
-2309.5 2512 3079 0

-2124.5 2512 3059 0
-2124.5 2512 3079 0

-2309.5 96 2611 0
-2309.5 1304 2611 0

-2309.5 1304 2611 0
-2309.5 1908 2611 0
-2309.5 2512 2611 0

-2309.5 2512 2611 0

-2124.5 96 2611 0
-2124.5 2512 2611 0

-2309.5 96 2611 0
-2124.5 96 2611 0

-2309.5 2512 2611 0
-2124.5 2512 2611 0

-2124.5 96 2591 0
-2124.5 2512 2591 0

-2309.5 96 2591 0
-2309.5 2512 2591 0

-2124.5 96 2591 0
-2309.5 96 2591 0

-2124.5 2512 2591 0
-2309.5 2512 2591 0

-2124.5 96 2611 0
-2124.5 2512 2611 0

-2124.5 96 2591 0
-2124.5 2512 2591 0

-2124.5 96 2611 0
-2124.5 96 2591 0

-2124.5 2512 2611 0
-2124.5 2512 2591 0

-2309.5 96 2591 0
-2309.5 2512 2591 0

-2309.5 96 2611 0
-2309.5 2512 2611 0

-2309.5 96 2591 0
-2309.5 96 2611 0

-2309.5 2512 2591 0
-2309.5 2512 2611 0

-2309.5 96 2611 0
-2124.5 96 2611 0

-2309.5 96 2591 0
-2124.5 96 2591 0

-2309.5 96 2611 0
-2309.5 96 2591 0

-2124.5 96 2611 0
-2124.5 96 2591 0

-2309.5 2512 2591 0
-2124.5 2512 2591 0

-2309.5 2512 2611 0
-2124.5 2512 2611 0

-2309.5 2512 2591 0
-2309.5 2512 2611 0

-2124.5 2512 2591 0
-2124.5 2512 2611 0

-2227 -2512 3069 0
-2227 -1304 3069 0

-2227 -1304 3069 0
-2227 -700 3069 0
-2227 -96 3069 0

-2227 -96 3069 0

-2207 -2512 3069 0
-2207 -96 3069 0

-2227 -2512 3069 0
-2207 -2512 3069 0

-2227 -96 3069 0
-2207 -96 3069 0

-2207 -2512 2601 0
-2207 -96 2601 0

-2227 -2512 2601 0
-2227 -96 2601 0

-2207 -2512 2601 0
-2227 -2512 2601 0

-2207 -96 2601 0
-2227 -96 2601 0

-2207 -2512 3069 0
-2207 -96 3069 0

-2207 -2512 2601 0
-2207 -96 2601 0

-2207 -2512 3069 0
-2207 -2512 2601 0

-2207 -96 3069 0
-2207 -96 2601 0

-2227 -2512 2601 0
-2227 -96 2601 0

-2227 -2512 3069 0
-2227 -96 3069 0

-2227 -2512 2601 0
-2227 -2512 3069 0

-2227 -96 2601 0
-2227 -96 3069 0

-2227 -2512 3069 0
-2207 -2512 3069 0

-2227 -2512 2601 0
-2207 -2512 2601 0

-2227 -2512 3069 0
-2227 -2512 2601 0

-2207 -2512 3069 0
-2207 -2512 2601 0

-2227 -96 2601 0
-2207 -96 2601 0

-2227 -96 3069 0
-2207 -96 3069 0

-2227 -96 2601 0
-2227 -96 3069 0

-2207 -96 2601 0
-2207 -96 3069 0

-2309.5 -2512 3079 0
-2309.5 -1304 3079 0

-2309.5 -1304 3079 0
-2309.5 -700 3079 0
-2309.5 -96 3079 0

-2309.5 -96 3079 0

-2124.5 -2512 3079 0
-2124.5 -96 3079 0

-2309.5 -2512 3079 0
-2124.5 -2512 3079 0

-2309.5 -96 3079 0
-2124.5 -96 3079 0

-2124.5 -2512 3059 0
-2124.5 -96 3059 0

-2309.5 -2512 3059 0
-2309.5 -96 3059 0

-2124.5 -2512 3059 0
-2309.5 -2512 3059 0

-2124.5 -96 3059 0
-2309.5 -96 3059 0

-2124.5 -2512 3079 0
-2124.5 -96 3079 0

-2124.5 -2512 3059 0
-2124.5 -96 3059 0

-2124.5 -2512 3079 0
-2124.5 -2512 3059 0

-2124.5 -96 3079 0
-2124.5 -96 3059 0

-2309.5 -2512 3059 0
-2309.5 -96 3059 0

-2309.5 -2512 3079 0
-2309.5 -96 3079 0

-2309.5 -2512 3059 0
-2309.5 -2512 3079 0

-2309.5 -96 3059 0
-2309.5 -96 3079 0

-2309.5 -2512 3079 0
-2124.5 -2512 3079 0

-2309.5 -2512 3059 0
-2124.5 -2512 3059 0

-2309.5 -2512 3079 0
-2309.5 -2512 3059 0

-2124.5 -2512 3079 0
-2124.5 -2512 3059 0

-2309.5 -96 3059 0
-2124.5 -96 3059 0

-2309.5 -96 3079 0
-2124.5 -96 3079 0

-2309.5 -96 3059 0
-2309.5 -96 3079 0

-2124.5 -96 3059 0
-2124.5 -96 3079 0

-2309.5 -2512 2611 0
-2309.5 -1304 2611 0

-2309.5 -1304 2611 0
-2309.5 -700 2611 0
-2309.5 -96 2611 0

-2309.5 -96 2611 0

-2124.5 -2512 2611 0
-2124.5 -96 2611 0

-2309.5 -2512 2611 0
-2124.5 -2512 2611 0

-2309.5 -96 2611 0
-2124.5 -96 2611 0

-2124.5 -2512 2591 0
-2124.5 -96 2591 0

-2309.5 -2512 2591 0
-2309.5 -96 2591 0

-2124.5 -2512 2591 0
-2309.5 -2512 2591 0

-2124.5 -96 2591 0
-2309.5 -96 2591 0

-2124.5 -2512 2611 0
-2124.5 -96 2611 0

-2124.5 -2512 2591 0
-2124.5 -96 2591 0

-2124.5 -2512 2611 0
-2124.5 -2512 2591 0

-2124.5 -96 2611 0
-2124.5 -96 2591 0

-2309.5 -2512 2591 0
-2309.5 -96 2591 0

-2309.5 -2512 2611 0
-2309.5 -96 2611 0

-2309.5 -2512 2591 0
-2309.5 -2512 2611 0

-2309.5 -96 2591 0
-2309.5 -96 2611 0

-2309.5 -2512 2611 0
-2124.5 -2512 2611 0

-2309.5 -2512 2591 0
-2124.5 -2512 2591 0

-2309.5 -2512 2611 0
-2309.5 -2512 2591 0

-2124.5 -2512 2611 0
-2124.5 -2512 2591 0

-2309.5 -96 2591 0
-2124.5 -96 2591 0

-2309.5 -96 2611 0
-2124.5 -96 2611 0

-2309.5 -96 2591 0
-2309.5 -96 2611 0

-2124.5 -96 2591 0
-2124.5 -96 2611 0

-2092 2931.44468915929 479.49668873539 0
-2092 2818.15621577971 426.669406017802 0

-2092 2818.15621577971 426.669406017802 0
-2092 2761.51197908992 400.255764659009 0
-2092 2704.86774240012 373.842123300215 0

-2092 2704.86774240012 373.842123300215 0

-2342 2931.44468915929 479.49668873539 0
-2342 2704.86774240012 373.842123300215 0

-2092 2931.44468915929 479.49668873539 0
-2342 2931.44468915929 479.49668873539 0

-2092 2704.86774240012 373.842123300215 0
-2342 2704.86774240012 373.842123300215 0

-2342 4495.13225759988 -2873.84212330022 0
-2342 4268.55531084071 -2979.49668873539 0

-2092 4495.13225759988 -2873.84212330022 0
-2092 4268.55531084071 -2979.49668873539 0

-2342 4495.13225759988 -2873.84212330022 0
-2092 4495.13225759988 -2873.84212330022 0

-2342 4268.55531084071 -2979.49668873539 0
-2092 4268.55531084071 -2979.49668873539 0

-2342 2931.44468915929 479.49668873539 0
-2342 2704.86774240012 373.842123300215 0

-2342 4495.13225759988 -2873.84212330022 0
-2342 4268.55531084071 -2979.49668873539 0

-2342 2931.44468915929 479.49668873539 0
-2342 4495.13225759988 -2873.84212330022 0

-2342 2704.86774240012 373.842123300215 0
-2342 4268.55531084071 -2979.49668873539 0

-2092 4495.13225759988 -2873.84212330022 0
-2092 4268.55531084071 -2979.49668873539 0

-2092 2931.44468915929 479.49668873539 0
-2092 2704.86774240012 373.842123300215 0

-2092 4495.13225759988 -2873.84212330022 0
-2092 2931.44468915929 479.49668873539 0

-2092 4268.55531084071 -2979.49668873539 0
-2092 2704.86774240012 373.842123300215 0

-2092 2931.44468915929 479.49668873539 0
-2342 2931.44468915929 479.49668873539 0

-2092 4495.13225759988 -2873.84212330022 0
-2342 4495.13225759988 -2873.84212330022 0

-2092 2931.44468915929 479.49668873539 0
-2092 4495.13225759988 -2873.84212330022 0

-2342 2931.44468915929 479.49668873539 0
-2342 4495.13225759988 -2873.84212330022 0

-2092 4268.55531084071 -2979.49668873539 0
-2342 4268.55531084071 -2979.49668873539 0

-2092 2704.86774240012 373.842123300215 0
-2342 2704.86774240012 373.842123300215 0

-2092 4268.55531084071 -2979.49668873539 0
-2092 2704.86774240012 373.842123300215 0

-2342 4268.55531084071 -2979.49668873539 0
-2342 2704.86774240012 373.842123300215 0

-2092 -2704.86774240012 373.842123300215 0
-2092 -2818.15621577971 426.669406017802 0

-2092 -2818.15621577971 426.669406017802 0
-2092 -2874.8004524695 453.083047376596 0
-2092 -2931.44468915929 479.49668873539 0

-2092 -2931.44468915929 479.49668873539 0

-2342 -2704.86774240012 373.842123300215 0
-2342 -2931.44468915929 479.49668873539 0

-2092 -2704.86774240012 373.842123300215 0
-2342 -2704.86774240012 373.842123300215 0

-2092 -2931.44468915929 479.49668873539 0
-2342 -2931.44468915929 479.49668873539 0

-2342 -4268.55531084071 -2979.49668873539 0
-2342 -4495.13225759988 -2873.84212330022 0

-2092 -4268.55531084071 -2979.49668873539 0
-2092 -4495.13225759988 -2873.84212330022 0

-2342 -4268.55531084071 -2979.49668873539 0
-2092 -4268.55531084071 -2979.49668873539 0

-2342 -4495.13225759988 -2873.84212330022 0
-2092 -4495.13225759988 -2873.84212330022 0

-2342 -2704.86774240012 373.842123300215 0
-2342 -2931.44468915929 479.49668873539 0

-2342 -4268.55531084071 -2979.49668873539 0
-2342 -4495.13225759988 -2873.84212330022 0

-2342 -2704.86774240012 373.842123300215 0
-2342 -4268.55531084071 -2979.49668873539 0

-2342 -2931.44468915929 479.49668873539 0
-2342 -4495.13225759988 -2873.84212330022 0

-2092 -4268.55531084071 -2979.49668873539 0
-2092 -4495.13225759988 -2873.84212330022 0

-2092 -2704.86774240012 373.842123300215 0
-2092 -2931.44468915929 479.49668873539 0

-2092 -4268.55531084071 -2979.49668873539 0
-2092 -2704.86774240012 373.842123300215 0

-2092 -4495.13225759988 -2873.84212330022 0
-2092 -2931.44468915929 479.49668873539 0

-2092 -2704.86774240012 373.842123300215 0
-2342 -2704.86774240012 373.842123300215 0

-2092 -4268.55531084071 -2979.49668873539 0
-2342 -4268.55531084071 -2979.49668873539 0

-2092 -2704.86774240012 373.842123300215 0
-2092 -4268.55531084071 -2979.49668873539 0

-2342 -2704.86774240012 373.842123300215 0
-2342 -4268.55531084071 -2979.49668873539 0

-2092 -4495.13225759988 -2873.84212330022 0
-2342 -4495.13225759988 -2873.84212330022 0

-2092 -2931.44468915929 479.49668873539 0
-2342 -2931.44468915929 479.49668873539 0

-2092 -4495.13225759988 -2873.84212330022 0
-2092 -2931.44468915929 479.49668873539 0

-2342 -4495.13225759988 -2873.84212330022 0
-2342 -2931.44468915929 479.49668873539 0

-1985 -2618 -3069 0
-1985 -2608 -3069 0

-1985 -2608 -3069 0
-1985 -2603 -3069 0
-1985 -2598 -3069 0

-1985 -2598 -3069 0

-2449 -2618 -3069 0
-2449 -2598 -3069 0

-1985 -2618 -3069 0
-2449 -2618 -3069 0

-1985 -2598 -3069 0
-2449 -2598 -3069 0

-2449 -2618 3069 0
-2449 -2598 3069 0

-1985 -2618 3069 0
-1985 -2598 3069 0

-2449 -2618 3069 0
-1985 -2618 3069 0

-2449 -2598 3069 0
-1985 -2598 3069 0

-2449 -2618 -3069 0
-2449 -2598 -3069 0

-2449 -2618 3069 0
-2449 -2598 3069 0

-2449 -2618 -3069 0
-2449 -2618 3069 0

-2449 -2598 -3069 0
-2449 -2598 3069 0

-1985 -2618 3069 0
-1985 -2598 3069 0

-1985 -2618 -3069 0
-1985 -2598 -3069 0

-1985 -2618 3069 0
-1985 -2618 -3069 0

-1985 -2598 3069 0
-1985 -2598 -3069 0

-1985 -2618 -3069 0
-2449 -2618 -3069 0

-1985 -2618 3069 0
-2449 -2618 3069 0

-1985 -2618 -3069 0
-1985 -2618 3069 0

-2449 -2618 -3069 0
-2449 -2618 3069 0

-1985 -2598 3069 0
-2449 -2598 3069 0

-1985 -2598 -3069 0
-2449 -2598 -3069 0

-1985 -2598 3069 0
-1985 -2598 -3069 0

-2449 -2598 3069 0
-2449 -2598 -3069 0

-2441 -2700.5 -3069 0
-2441 -2608 -3069 0

-2441 -2608 -3069 0
-2441 -2561.75 -3069 0
-2441 -2515.5 -3069 0

-2441 -2515.5 -3069 0

-2461 -2700.5 -3069 0
-2461 -2515.5 -3069 0

-2441 -2700.5 -3069 0
-2461 -2700.5 -3069 0

-2441 -2515.5 -3069 0
-2461 -2515.5 -3069 0

-2461 -2700.5 3069 0
-2461 -2515.5 3069 0

-2441 -2700.5 3069 0
-2441 -2515.5 3069 0

-2461 -2700.5 3069 0
-2441 -2700.5 3069 0

-2461 -2515.5 3069 0
-2441 -2515.5 3069 0

-2461 -2700.5 -3069 0
-2461 -2515.5 -3069 0

-2461 -2700.5 3069 0
-2461 -2515.5 3069 0

-2461 -2700.5 -3069 0
-2461 -2700.5 3069 0

-2461 -2515.5 -3069 0
-2461 -2515.5 3069 0

-2441 -2700.5 3069 0
-2441 -2515.5 3069 0

-2441 -2700.5 -3069 0
-2441 -2515.5 -3069 0

-2441 -2700.5 3069 0
-2441 -2700.5 -3069 0

-2441 -2515.5 3069 0
-2441 -2515.5 -3069 0

-2441 -2700.5 -3069 0
-2461 -2700.5 -3069 0

-2441 -2700.5 3069 0
-2461 -2700.5 3069 0

-2441 -2700.5 -3069 0
-2441 -2700.5 3069 0

-2461 -2700.5 -3069 0
-2461 -2700.5 3069 0

-2441 -2515.5 3069 0
-2461 -2515.5 3069 0

-2441 -2515.5 -3069 0
-2461 -2515.5 -3069 0

-2441 -2515.5 3069 0
-2441 -2515.5 -3069 0

-2461 -2515.5 3069 0
-2461 -2515.5 -3069 0

-1973 -2700.5 -3069 0
-1973 -2608 -3069 0

-1973 -2608 -3069 0
-1973 -2561.75 -3069 0
-1973 -2515.5 -3069 0

-1973 -2515.5 -3069 0

-1993 -2700.5 -3069 0
-1993 -2515.5 -3069 0

-1973 -2700.5 -3069 0
-1993 -2700.5 -3069 0

-1973 -2515.5 -3069 0
-1993 -2515.5 -3069 0

-1993 -2700.5 3069 0
-1993 -2515.5 3069 0

-1973 -2700.5 3069 0
-1973 -2515.5 3069 0

-1993 -2700.5 3069 0
-1973 -2700.5 3069 0

-1993 -2515.5 3069 0
-1973 -2515.5 3069 0

-1993 -2700.5 -3069 0
-1993 -2515.5 -3069 0

-1993 -2700.5 3069 0
-1993 -2515.5 3069 0

-1993 -2700.5 -3069 0
-1993 -2700.5 3069 0

-1993 -2515.5 -3069 0
-1993 -2515.5 3069 0

-1973 -2700.5 3069 0
-1973 -2515.5 3069 0

-1973 -2700.5 -3069 0
-1973 -2515.5 -3069 0

-1973 -2700.5 3069 0
-1973 -2700.5 -3069 0

-1973 -2515.5 3069 0
-1973 -2515.5 -3069 0

-1973 -2700.5 -3069 0
-1993 -2700.5 -3069 0

-1973 -2700.5 3069 0
-1993 -2700.5 3069 0

-1973 -2700.5 -3069 0
-1973 -2700.5 3069 0

-1993 -2700.5 -3069 0
-1993 -2700.5 3069 0

-1973 -2515.5 3069 0
-1993 -2515.5 3069 0

-1973 -2515.5 -3069 0
-1993 -2515.5 -3069 0

-1973 -2515.5 3069 0
-1973 -2515.5 -3069 0

-1993 -2515.5 3069 0
-1993 -2515.5 -3069 0

-1985 -10 -3069 0
-1985 0 -3069 0

-1985 0 -3069 0
-1985 5 -3069 0
-1985 10 -3069 0

-1985 10 -3069 0

-2449 -10 -3069 0
-2449 10 -3069 0

-1985 -10 -3069 0
-2449 -10 -3069 0

-1985 10 -3069 0
-2449 10 -3069 0

-2449 -10 3069 0
-2449 10 3069 0

-1985 -10 3069 0
-1985 10 3069 0

-2449 -10 3069 0
-1985 -10 3069 0

-2449 10 3069 0
-1985 10 3069 0

-2449 -10 -3069 0
-2449 10 -3069 0

-2449 -10 3069 0
-2449 10 3069 0

-2449 -10 -3069 0
-2449 -10 3069 0

-2449 10 -3069 0
-2449 10 3069 0

-1985 -10 3069 0
-1985 10 3069 0

-1985 -10 -3069 0
-1985 10 -3069 0

-1985 -10 3069 0
-1985 -10 -3069 0

-1985 10 3069 0
-1985 10 -3069 0

-1985 -10 -3069 0
-2449 -10 -3069 0

-1985 -10 3069 0
-2449 -10 3069 0

-1985 -10 -3069 0
-1985 -10 3069 0

-2449 -10 -3069 0
-2449 -10 3069 0

-1985 10 3069 0
-2449 10 3069 0

-1985 10 -3069 0
-2449 10 -3069 0

-1985 10 3069 0
-1985 10 -3069 0

-2449 10 3069 0
-2449 10 -3069 0

-2441 -92.5 -3069 0
-2441 0 -3069 0

-2441 0 -3069 0
-2441 46.25 -3069 0
-2441 92.5 -3069 0

-2441 92.5 -3069 0

-2461 -92.5 -3069 0
-2461 92.5 -3069 0

-2441 -92.5 -3069 0
-2461 -92.5 -3069 0

-2441 92.5 -3069 0
-2461 92.5 -3069 0

-2461 -92.5 3069 0
-2461 92.5 3069 0

-2441 -92.5 3069 0
-2441 92.5 3069 0

-2461 -92.5 3069 0
-2441 -92.5 3069 0

-2461 92.5 3069 0
-2441 92.5 3069 0

-2461 -92.5 -3069 0
-2461 92.5 -3069 0

-2461 -92.5 3069 0
-2461 92.5 3069 0

-2461 -92.5 -3069 0
-2461 -92.5 3069 0

-2461 92.5 -3069 0
-2461 92.5 3069 0

-2441 -92.5 3069 0
-2441 92.5 3069 0

-2441 -92.5 -3069 0
-2441 92.5 -3069 0

-2441 -92.5 3069 0
-2441 -92.5 -3069 0

-2441 92.5 3069 0
-2441 92.5 -3069 0

-2441 -92.5 -3069 0
-2461 -92.5 -3069 0

-2441 -92.5 3069 0
-2461 -92.5 3069 0

-2441 -92.5 -3069 0
-2441 -92.5 3069 0

-2461 -92.5 -3069 0
-2461 -92.5 3069 0

-2441 92.5 3069 0
-2461 92.5 3069 0

-2441 92.5 -3069 0
-2461 92.5 -3069 0

-2441 92.5 3069 0
-2441 92.5 -3069 0

-2461 92.5 3069 0
-2461 92.5 -3069 0

-1973 -92.5 -3069 0
-1973 0 -3069 0

-1973 0 -3069 0
-1973 46.25 -3069 0
-1973 92.5 -3069 0

-1973 92.5 -3069 0

-1993 -92.5 -3069 0
-1993 92.5 -3069 0

-1973 -92.5 -3069 0
-1993 -92.5 -3069 0

-1973 92.5 -3069 0
-1993 92.5 -3069 0

-1993 -92.5 3069 0
-1993 92.5 3069 0

-1973 -92.5 3069 0
-1973 92.5 3069 0

-1993 -92.5 3069 0
-1973 -92.5 3069 0

-1993 92.5 3069 0
-1973 92.5 3069 0

-1993 -92.5 -3069 0
-1993 92.5 -3069 0

-1993 -92.5 3069 0
-1993 92.5 3069 0

-1993 -92.5 -3069 0
-1993 -92.5 3069 0

-1993 92.5 -3069 0
-1993 92.5 3069 0

-1973 -92.5 3069 0
-1973 92.5 3069 0

-1973 -92.5 -3069 0
-1973 92.5 -3069 0

-1973 -92.5 3069 0
-1973 -92.5 -3069 0

-1973 92.5 3069 0
-1973 92.5 -3069 0

-1973 -92.5 -3069 0
-1993 -92.5 -3069 0

-1973 -92.5 3069 0
-1993 -92.5 3069 0

-1973 -92.5 -3069 0
-1973 -92.5 3069 0

-1993 -92.5 -3069 0
-1993 -92.5 3069 0

-1973 92.5 3069 0
-1993 92.5 3069 0

-1973 92.5 -3069 0
-1993 92.5 -3069 0

-1973 92.5 3069 0
-1973 92.5 -3069 0

-1993 92.5 3069 0
-1993 92.5 -3069 0

-1985 2598 -3069 0
-1985 2608 -3069 0

-1985 2608 -3069 0
-1985 2613 -3069 0
-1985 2618 -3069 0

-1985 2618 -3069 0

-2449 2598 -3069 0
-2449 2618 -3069 0

-1985 2598 -3069 0
-2449 2598 -3069 0

-1985 2618 -3069 0
-2449 2618 -3069 0

-2449 2598 3069 0
-2449 2618 3069 0

-1985 2598 3069 0
-1985 2618 3069 0

-2449 2598 3069 0
-1985 2598 3069 0

-2449 2618 3069 0
-1985 2618 3069 0

-2449 2598 -3069 0
-2449 2618 -3069 0

-2449 2598 3069 0
-2449 2618 3069 0

-2449 2598 -3069 0
-2449 2598 3069 0

-2449 2618 -3069 0
-2449 2618 3069 0

-1985 2598 3069 0
-1985 2618 3069 0

-1985 2598 -3069 0
-1985 2618 -3069 0

-1985 2598 3069 0
-1985 2598 -3069 0

-1985 2618 3069 0
-1985 2618 -3069 0

-1985 2598 -3069 0
-2449 2598 -3069 0

-1985 2598 3069 0
-2449 2598 3069 0

-1985 2598 -3069 0
-1985 2598 3069 0

-2449 2598 -3069 0
-2449 2598 3069 0

-1985 2618 3069 0
-2449 2618 3069 0

-1985 2618 -3069 0
-2449 2618 -3069 0

-1985 2618 3069 0
-1985 2618 -3069 0

-2449 2618 3069 0
-2449 2618 -3069 0

-2441 2515.5 -3069 0
-2441 2608 -3069 0

-2441 2608 -3069 0
-2441 2654.25 -3069 0
-2441 2700.5 -3069 0

-2441 2700.5 -3069 0

-2461 2515.5 -3069 0
-2461 2700.5 -3069 0

-2441 2515.5 -3069 0
-2461 2515.5 -3069 0

-2441 2700.5 -3069 0
-2461 2700.5 -3069 0

-2461 2515.5 3069 0
-2461 2700.5 3069 0

-2441 2515.5 3069 0
-2441 2700.5 3069 0

-2461 2515.5 3069 0
-2441 2515.5 3069 0

-2461 2700.5 3069 0
-2441 2700.5 3069 0

-2461 2515.5 -3069 0
-2461 2700.5 -3069 0

-2461 2515.5 3069 0
-2461 2700.5 3069 0

-2461 2515.5 -3069 0
-2461 2515.5 3069 0

-2461 2700.5 -3069 0
-2461 2700.5 3069 0

-2441 2515.5 3069 0
-2441 2700.5 3069 0

-2441 2515.5 -3069 0
-2441 2700.5 -3069 0

-2441 2515.5 3069 0
-2441 2515.5 -3069 0

-2441 2700.5 3069 0
-2441 2700.5 -3069 0

-2441 2515.5 -3069 0
-2461 2515.5 -3069 0

-2441 2515.5 3069 0
-2461 2515.5 3069 0

-2441 2515.5 -3069 0
-2441 2515.5 3069 0

-2461 2515.5 -3069 0
-2461 2515.5 3069 0

-2441 2700.5 3069 0
-2461 2700.5 3069 0

-2441 2700.5 -3069 0
-2461 2700.5 -3069 0

-2441 2700.5 3069 0
-2441 2700.5 -3069 0

-2461 2700.5 3069 0
-2461 2700.5 -3069 0

-1973 2515.5 -3069 0
-1973 2608 -3069 0

-1973 2608 -3069 0
-1973 2654.25 -3069 0
-1973 2700.5 -3069 0

-1973 2700.5 -3069 0

-1993 2515.5 -3069 0
-1993 2700.5 -3069 0

-1973 2515.5 -3069 0
-1993 2515.5 -3069 0

-1973 2700.5 -3069 0
-1993 2700.5 -3069 0

-1993 2515.5 3069 0
-1993 2700.5 3069 0

-1973 2515.5 3069 0
-1973 2700.5 3069 0

-1993 2515.5 3069 0
-1973 2515.5 3069 0

-1993 2700.5 3069 0
-1973 2700.5 3069 0

-1993 2515.5 -3069 0
-1993 2700.5 -3069 0

-1993 2515.5 3069 0
-1993 2700.5 3069 0

-1993 2515.5 -3069 0
-1993 2515.5 3069 0

-1993 2700.5 -3069 0
-1993 2700.5 3069 0

-1973 2515.5 3069 0
-1973 2700.5 3069 0

-1973 2515.5 -3069 0
-1973 2700.5 -3069 0

-1973 2515.5 3069 0
-1973 2515.5 -3069 0

-1973 2700.5 3069 0
-1973 2700.5 -3069 0

-1973 2515.5 -3069 0
-1993 2515.5 -3069 0

-1973 2515.5 3069 0
-1993 2515.5 3069 0

-1973 2515.5 -3069 0
-1973 2515.5 3069 0

-1993 2515.5 -3069 0
-1993 2515.5 3069 0

-1973 2700.5 3069 0
-1993 2700.5 3069 0

-1973 2700.5 -3069 0
-1993 2700.5 -3069 0

-1973 2700.5 3069 0
-1973 2700.5 -3069 0

-1993 2700.5 3069 0
-1993 2700.5 -3069 0

3070 96 3069 0
3070 1304 3069 0

3070 1304 3069 0
3070 1908 3069 0
3070 2512 3069 0

3070 2512 3069 0

3090 96 3069 0
3090 2512 3069 0

3070 96 3069 0
3090 96 3069 0

3070 2512 3069 0
3090 2512 3069 0

3090 96 2601 0
3090 2512 2601 0

3070 96 2601 0
3070 2512 2601 0

3090 96 2601 0
3070 96 2601 0

3090 2512 2601 0
3070 2512 2601 0

3090 96 3069 0
3090 2512 3069 0

3090 96 2601 0
3090 2512 2601 0

3090 96 3069 0
3090 96 2601 0

3090 2512 3069 0
3090 2512 2601 0

3070 96 2601 0
3070 2512 2601 0

3070 96 3069 0
3070 2512 3069 0

3070 96 2601 0
3070 96 3069 0

3070 2512 2601 0
3070 2512 3069 0

3070 96 3069 0
3090 96 3069 0

3070 96 2601 0
3090 96 2601 0

3070 96 3069 0
3070 96 2601 0

3090 96 3069 0
3090 96 2601 0

3070 2512 2601 0
3090 2512 2601 0

3070 2512 3069 0
3090 2512 3069 0

3070 2512 2601 0
3070 2512 3069 0

3090 2512 2601 0
3090 2512 3069 0

2987.5 96 3079 0
2987.5 1304 3079 0

2987.5 1304 3079 0
2987.5 1908 3079 0
2987.5 2512 3079 0

2987.5 2512 3079 0

3172.5 96 3079 0
3172.5 2512 3079 0

2987.5 96 3079 0
3172.5 96 3079 0

2987.5 2512 3079 0
3172.5 2512 3079 0

3172.5 96 3059 0
3172.5 2512 3059 0

2987.5 96 3059 0
2987.5 2512 3059 0

3172.5 96 3059 0
2987.5 96 3059 0

3172.5 2512 3059 0
2987.5 2512 3059 0

3172.5 96 3079 0
3172.5 2512 3079 0

3172.5 96 3059 0
3172.5 2512 3059 0

3172.5 96 3079 0
3172.5 96 3059 0

3172.5 2512 3079 0
3172.5 2512 3059 0

2987.5 96 3059 0
2987.5 2512 3059 0

2987.5 96 3079 0
2987.5 2512 3079 0

2987.5 96 3059 0
2987.5 96 3079 0

2987.5 2512 3059 0
2987.5 2512 3079 0

2987.5 96 3079 0
3172.5 96 3079 0

2987.5 96 3059 0
3172.5 96 3059 0

2987.5 96 3079 0
2987.5 96 3059 0

3172.5 96 3079 0
3172.5 96 3059 0

2987.5 2512 3059 0
3172.5 2512 3059 0

2987.5 2512 3079 0
3172.5 2512 3079 0

2987.5 2512 3059 0
2987.5 2512 3079 0

3172.5 2512 3059 0
3172.5 2512 3079 0

2987.5 96 2611 0
2987.5 1304 2611 0

2987.5 1304 2611 0
2987.5 1908 2611 0
2987.5 2512 2611 0

2987.5 2512 2611 0

3172.5 96 2611 0
3172.5 2512 2611 0

2987.5 96 2611 0
3172.5 96 2611 0

2987.5 2512 2611 0
3172.5 2512 2611 0

3172.5 96 2591 0
3172.5 2512 2591 0

2987.5 96 2591 0
2987.5 2512 2591 0

3172.5 96 2591 0
2987.5 96 2591 0

3172.5 2512 2591 0
2987.5 2512 2591 0

3172.5 96 2611 0
3172.5 2512 2611 0

3172.5 96 2591 0
3172.5 2512 2591 0

3172.5 96 2611 0
3172.5 96 2591 0

3172.5 2512 2611 0
3172.5 2512 2591 0

2987.5 96 2591 0
2987.5 2512 2591 0

2987.5 96 2611 0
2987.5 2512 2611 0

2987.5 96 2591 0
2987.5 96 2611 0

2987.5 2512 2591 0
2987.5 2512 2611 0

2987.5 96 2611 0
3172.5 96 2611 0

2987.5 96 2591 0
3172.5 96 2591 0

2987.5 96 2611 0
2987.5 96 2591 0

3172.5 96 2611 0
3172.5 96 2591 0

2987.5 2512 2591 0
3172.5 2512 2591 0

2987.5 2512 2611 0
3172.5 2512 2611 0

2987.5 2512 2591 0
2987.5 2512 2611 0

3172.5 2512 2591 0
3172.5 2512 2611 0

3070 -2512 3069 0
3070 -1304 3069 0

3070 -1304 3069 0
3070 -700 3069 0
3070 -96 3069 0

3070 -96 3069 0

3090 -2512 3069 0
3090 -96 3069 0

3070 -2512 3069 0
3090 -2512 3069 0

3070 -96 3069 0
3090 -96 3069 0

3090 -2512 2601 0
3090 -96 2601 0

3070 -2512 2601 0
3070 -96 2601 0

3090 -2512 2601 0
3070 -2512 2601 0

3090 -96 2601 0
3070 -96 2601 0

3090 -2512 3069 0
3090 -96 3069 0

3090 -2512 2601 0
3090 -96 2601 0

3090 -2512 3069 0
3090 -2512 2601 0

3090 -96 3069 0
3090 -96 2601 0

3070 -2512 2601 0
3070 -96 2601 0

3070 -2512 3069 0
3070 -96 3069 0

3070 -2512 2601 0
3070 -2512 3069 0

3070 -96 2601 0
3070 -96 3069 0

3070 -2512 3069 0
3090 -2512 3069 0

3070 -2512 2601 0
3090 -2512 2601 0

3070 -2512 3069 0
3070 -2512 2601 0

3090 -2512 3069 0
3090 -2512 2601 0

3070 -96 2601 0
3090 -96 2601 0

3070 -96 3069 0
3090 -96 3069 0

3070 -96 2601 0
3070 -96 3069 0

3090 -96 2601 0
3090 -96 3069 0

2987.5 -2512 3079 0
2987.5 -1304 3079 0

2987.5 -1304 3079 0
2987.5 -700 3079 0
2987.5 -96 3079 0

2987.5 -96 3079 0

3172.5 -2512 3079 0
3172.5 -96 3079 0

2987.5 -2512 3079 0
3172.5 -2512 3079 0

2987.5 -96 3079 0
3172.5 -96 3079 0

3172.5 -2512 3059 0
3172.5 -96 3059 0

2987.5 -2512 3059 0
2987.5 -96 3059 0

3172.5 -2512 3059 0
2987.5 -2512 3059 0

3172.5 -96 3059 0
2987.5 -96 3059 0

3172.5 -2512 3079 0
3172.5 -96 3079 0

3172.5 -2512 3059 0
3172.5 -96 3059 0

3172.5 -2512 3079 0
3172.5 -2512 3059 0

3172.5 -96 3079 0
3172.5 -96 3059 0

2987.5 -2512 3059 0
2987.5 -96 3059 0

2987.5 -2512 3079 0
2987.5 -96 3079 0

2987.5 -2512 3059 0
2987.5 -2512 3079 0

2987.5 -96 3059 0
2987.5 -96 3079 0

2987.5 -2512 3079 0
3172.5 -2512 3079 0

2987.5 -2512 3059 0
3172.5 -2512 3059 0

2987.5 -2512 3079 0
2987.5 -2512 3059 0

3172.5 -2512 3079 0
3172.5 -2512 3059 0

2987.5 -96 3059 0
3172.5 -96 3059 0

2987.5 -96 3079 0
3172.5 -96 3079 0

2987.5 -96 3059 0
2987.5 -96 3079 0

3172.5 -96 3059 0
3172.5 -96 3079 0

2987.5 -2512 2611 0
2987.5 -1304 2611 0

2987.5 -1304 2611 0
2987.5 -700 2611 0
2987.5 -96 2611 0

2987.5 -96 2611 0

3172.5 -2512 2611 0
3172.5 -96 2611 0

2987.5 -2512 2611 0
3172.5 -2512 2611 0

2987.5 -96 2611 0
3172.5 -96 2611 0

3172.5 -2512 2591 0
3172.5 -96 2591 0

2987.5 -2512 2591 0
2987.5 -96 2591 0

3172.5 -2512 2591 0
2987.5 -2512 2591 0

3172.5 -96 2591 0
2987.5 -96 2591 0

3172.5 -2512 2611 0
3172.5 -96 2611 0

3172.5 -2512 2591 0
3172.5 -96 2591 0

3172.5 -2512 2611 0
3172.5 -2512 2591 0

3172.5 -96 2611 0
3172.5 -96 2591 0

2987.5 -2512 2591 0
2987.5 -96 2591 0

2987.5 -2512 2611 0
2987.5 -96 2611 0

2987.5 -2512 2591 0
2987.5 -2512 2611 0

2987.5 -96 2591 0
2987.5 -96 2611 0

2987.5 -2512 2611 0
3172.5 -2512 2611 0

2987.5 -2512 2591 0
3172.5 -2512 2591 0

2987.5 -2512 2611 0
2987.5 -2512 2591 0

3172.5 -2512 2611 0
3172.5 -2512 2591 0

2987.5 -96 2591 0
3172.5 -96 2591 0

2987.5 -96 2611 0
3172.5 -96 2611 0

2987.5 -96 2591 0
2987.5 -96 2611 0

3172.5 -96 2591 0
3172.5 -96 2611 0

3205 2931.44468915929 479.49668873539 0
3205 2818.15621577971 426.669406017802 0

3205 2818.15621577971 426.669406017802 0
3205 2761.51197908992 400.255764659009 0
3205 2704.86774240012 373.842123300215 0

3205 2704.86774240012 373.842123300215 0

2955 2931.44468915929 479.49668873539 0
2955 2704.86774240012 373.842123300215 0

3205 2931.44468915929 479.49668873539 0
2955 2931.44468915929 479.49668873539 0

3205 2704.86774240012 373.842123300215 0
2955 2704.86774240012 373.842123300215 0

2955 4495.13225759988 -2873.84212330022 0
2955 4268.55531084071 -2979.49668873539 0

3205 4495.13225759988 -2873.84212330022 0
3205 4268.55531084071 -2979.49668873539 0

2955 4495.13225759988 -2873.84212330022 0
3205 4495.13225759988 -2873.84212330022 0

2955 4268.55531084071 -2979.49668873539 0
3205 4268.55531084071 -2979.49668873539 0

2955 2931.44468915929 479.49668873539 0
2955 2704.86774240012 373.842123300215 0

2955 4495.13225759988 -2873.84212330022 0
2955 4268.55531084071 -2979.49668873539 0

2955 2931.44468915929 479.49668873539 0
2955 4495.13225759988 -2873.84212330022 0

2955 2704.86774240012 373.842123300215 0
2955 4268.55531084071 -2979.49668873539 0

3205 4495.13225759988 -2873.84212330022 0
3205 4268.55531084071 -2979.49668873539 0

3205 2931.44468915929 479.49668873539 0
3205 2704.86774240012 373.842123300215 0

3205 4495.13225759988 -2873.84212330022 0
3205 2931.44468915929 479.49668873539 0

3205 4268.55531084071 -2979.49668873539 0
3205 2704.86774240012 373.842123300215 0

3205 2931.44468915929 479.49668873539 0
2955 2931.44468915929 479.49668873539 0

3205 4495.13225759988 -2873.84212330022 0
2955 4495.13225759988 -2873.84212330022 0

3205 2931.44468915929 479.49668873539 0
3205 4495.13225759988 -2873.84212330022 0

2955 2931.44468915929 479.49668873539 0
2955 4495.13225759988 -2873.84212330022 0

3205 4268.55531084071 -2979.49668873539 0
2955 4268.55531084071 -2979.49668873539 0

3205 2704.86774240012 373.842123300215 0
2955 2704.86774240012 373.842123300215 0

3205 4268.55531084071 -2979.49668873539 0
3205 2704.86774240012 373.842123300215 0

2955 4268.55531084071 -2979.49668873539 0
2955 2704.86774240012 373.842123300215 0

3205 -2704.86774240012 373.842123300215 0
3205 -2818.15621577971 426.669406017802 0

3205 -2818.15621577971 426.669406017802 0
3205 -2874.8004524695 453.083047376596 0
3205 -2931.44468915929 479.49668873539 0

3205 -2931.44468915929 479.49668873539 0

2955 -2704.86774240012 373.842123300215 0
2955 -2931.44468915929 479.49668873539 0

3205 -2704.86774240012 373.842123300215 0
2955 -2704.86774240012 373.842123300215 0

3205 -2931.44468915929 479.49668873539 0
2955 -2931.44468915929 479.49668873539 0

2955 -4268.55531084071 -2979.49668873539 0
2955 -4495.13225759988 -2873.84212330022 0

3205 -4268.55531084071 -2979.49668873539 0
3205 -4495.13225759988 -2873.84212330022 0

2955 -4268.55531084071 -2979.49668873539 0
3205 -4268.55531084071 -2979.49668873539 0

2955 -4495.13225759988 -2873.84212330022 0
3205 -4495.13225759988 -2873.84212330022 0

2955 -2704.86774240012 373.842123300215 0
2955 -2931.44468915929 479.49668873539 0

2955 -4268.55531084071 -2979.49668873539 0
2955 -4495.13225759988 -2873.84212330022 0

2955 -2704.86774240012 373.842123300215 0
2955 -4268.55531084071 -2979.49668873539 0

2955 -2931.44468915929 479.49668873539 0
2955 -4495.13225759988 -2873.84212330022 0

3205 -4268.55531084071 -2979.49668873539 0
3205 -4495.13225759988 -2873.84212330022 0

3205 -2704.86774240012 373.842123300215 0
3205 -2931.44468915929 479.49668873539 0

3205 -4268.55531084071 -2979.49668873539 0
3205 -2704.86774240012 373.842123300215 0

3205 -4495.13225759988 -2873.84212330022 0
3205 -2931.44468915929 479.49668873539 0

3205 -2704.86774240012 373.842123300215 0
2955 -2704.86774240012 373.842123300215 0

3205 -4268.55531084071 -2979.49668873539 0
2955 -4268.55531084071 -2979.49668873539 0

3205 -2704.86774240012 373.842123300215 0
3205 -4268.55531084071 -2979.49668873539 0

2955 -2704.86774240012 373.842123300215 0
2955 -4268.55531084071 -2979.49668873539 0

3205 -4495.13225759988 -2873.84212330022 0
2955 -4495.13225759988 -2873.84212330022 0

3205 -2931.44468915929 479.49668873539 0
2955 -2931.44468915929 479.49668873539 0

3205 -4495.13225759988 -2873.84212330022 0
3205 -2931.44468915929 479.49668873539 0

2955 -4495.13225759988 -2873.84212330022 0
2955 -2931.44468915929 479.49668873539 0

3312 -2618 -3069 0
3312 -2608 -3069 0

3312 -2608 -3069 0
3312 -2603 -3069 0
3312 -2598 -3069 0

3312 -2598 -3069 0

2848 -2618 -3069 0
2848 -2598 -3069 0

3312 -2618 -3069 0
2848 -2618 -3069 0

3312 -2598 -3069 0
2848 -2598 -3069 0

2848 -2618 3069 0
2848 -2598 3069 0

3312 -2618 3069 0
3312 -2598 3069 0

2848 -2618 3069 0
3312 -2618 3069 0

2848 -2598 3069 0
3312 -2598 3069 0

2848 -2618 -3069 0
2848 -2598 -3069 0

2848 -2618 3069 0
2848 -2598 3069 0

2848 -2618 -3069 0
2848 -2618 3069 0

2848 -2598 -3069 0
2848 -2598 3069 0

3312 -2618 3069 0
3312 -2598 3069 0

3312 -2618 -3069 0
3312 -2598 -3069 0

3312 -2618 3069 0
3312 -2618 -3069 0

3312 -2598 3069 0
3312 -2598 -3069 0

3312 -2618 -3069 0
2848 -2618 -3069 0

3312 -2618 3069 0
2848 -2618 3069 0

3312 -2618 -3069 0
3312 -2618 3069 0

2848 -2618 -3069 0
2848 -2618 3069 0

3312 -2598 3069 0
2848 -2598 3069 0

3312 -2598 -3069 0
2848 -2598 -3069 0

3312 -2598 3069 0
3312 -2598 -3069 0

2848 -2598 3069 0
2848 -2598 -3069 0

2856 -2700.5 -3069 0
2856 -2608 -3069 0

2856 -2608 -3069 0
2856 -2561.75 -3069 0
2856 -2515.5 -3069 0

2856 -2515.5 -3069 0

2836 -2700.5 -3069 0
2836 -2515.5 -3069 0

2856 -2700.5 -3069 0
2836 -2700.5 -3069 0

2856 -2515.5 -3069 0
2836 -2515.5 -3069 0

2836 -2700.5 3069 0
2836 -2515.5 3069 0

2856 -2700.5 3069 0
2856 -2515.5 3069 0

2836 -2700.5 3069 0
2856 -2700.5 3069 0

2836 -2515.5 3069 0
2856 -2515.5 3069 0

2836 -2700.5 -3069 0
2836 -2515.5 -3069 0

2836 -2700.5 3069 0
2836 -2515.5 3069 0

2836 -2700.5 -3069 0
2836 -2700.5 3069 0

2836 -2515.5 -3069 0
2836 -2515.5 3069 0

2856 -2700.5 3069 0
2856 -2515.5 3069 0

2856 -2700.5 -3069 0
2856 -2515.5 -3069 0

2856 -2700.5 3069 0
2856 -2700.5 -3069 0

2856 -2515.5 3069 0
2856 -2515.5 -3069 0

2856 -2700.5 -3069 0
2836 -2700.5 -3069 0

2856 -2700.5 3069 0
2836 -2700.5 3069 0

2856 -2700.5 -3069 0
2856 -2700.5 3069 0

2836 -2700.5 -3069 0
2836 -2700.5 3069 0

2856 -2515.5 3069 0
2836 -2515.5 3069 0

2856 -2515.5 -3069 0
2836 -2515.5 -3069 0

2856 -2515.5 3069 0
2856 -2515.5 -3069 0

2836 -2515.5 3069 0
2836 -2515.5 -3069 0

3324 -2700.5 -3069 0
3324 -2608 -3069 0

3324 -2608 -3069 0
3324 -2561.75 -3069 0
3324 -2515.5 -3069 0

3324 -2515.5 -3069 0

3304 -2700.5 -3069 0
3304 -2515.5 -3069 0

3324 -2700.5 -3069 0
3304 -2700.5 -3069 0

3324 -2515.5 -3069 0
3304 -2515.5 -3069 0

3304 -2700.5 3069 0
3304 -2515.5 3069 0

3324 -2700.5 3069 0
3324 -2515.5 3069 0

3304 -2700.5 3069 0
3324 -2700.5 3069 0

3304 -2515.5 3069 0
3324 -2515.5 3069 0

3304 -2700.5 -3069 0
3304 -2515.5 -3069 0

3304 -2700.5 3069 0
3304 -2515.5 3069 0

3304 -2700.5 -3069 0
3304 -2700.5 3069 0

3304 -2515.5 -3069 0
3304 -2515.5 3069 0

3324 -2700.5 3069 0
3324 -2515.5 3069 0

3324 -2700.5 -3069 0
3324 -2515.5 -3069 0

3324 -2700.5 3069 0
3324 -2700.5 -3069 0

3324 -2515.5 3069 0
3324 -2515.5 -3069 0

3324 -2700.5 -3069 0
3304 -2700.5 -3069 0

3324 -2700.5 3069 0
3304 -2700.5 3069 0

3324 -2700.5 -3069 0
3324 -2700.5 3069 0

3304 -2700.5 -3069 0
3304 -2700.5 3069 0

3324 -2515.5 3069 0
3304 -2515.5 3069 0

3324 -2515.5 -3069 0
3304 -2515.5 -3069 0

3324 -2515.5 3069 0
3324 -2515.5 -3069 0

3304 -2515.5 3069 0
3304 -2515.5 -3069 0

3312 -10 -3069 0
3312 0 -3069 0

3312 0 -3069 0
3312 5 -3069 0
3312 10 -3069 0

3312 10 -3069 0

2848 -10 -3069 0
2848 10 -3069 0

3312 -10 -3069 0
2848 -10 -3069 0

3312 10 -3069 0
2848 10 -3069 0

2848 -10 3069 0
2848 10 3069 0

3312 -10 3069 0
3312 10 3069 0

2848 -10 3069 0
3312 -10 3069 0

2848 10 3069 0
3312 10 3069 0

2848 -10 -3069 0
2848 10 -3069 0

2848 -10 3069 0
2848 10 3069 0

2848 -10 -3069 0
2848 -10 3069 0

2848 10 -3069 0
2848 10 3069 0

3312 -10 3069 0
3312 10 3069 0

3312 -10 -3069 0
3312 10 -3069 0

3312 -10 3069 0
3312 -10 -3069 0

3312 10 3069 0
3312 10 -3069 0

3312 -10 -3069 0
2848 -10 -3069 0

3312 -10 3069 0
2848 -10 3069 0

3312 -10 -3069 0
3312 -10 3069 0

2848 -10 -3069 0
2848 -10 3069 0

3312 10 3069 0
2848 10 3069 0

3312 10 -3069 0
2848 10 -3069 0

3312 10 3069 0
3312 10 -3069 0

2848 10 3069 0
2848 10 -3069 0

2856 -92.5 -3069 0
2856 0 -3069 0

2856 0 -3069 0
2856 46.25 -3069 0
2856 92.5 -3069 0

2856 92.5 -3069 0

2836 -92.5 -3069 0
2836 92.5 -3069 0

2856 -92.5 -3069 0
2836 -92.5 -3069 0

2856 92.5 -3069 0
2836 92.5 -3069 0

2836 -92.5 3069 0
2836 92.5 3069 0

2856 -92.5 3069 0
2856 92.5 3069 0

2836 -92.5 3069 0
2856 -92.5 3069 0

2836 92.5 3069 0
2856 92.5 3069 0

2836 -92.5 -3069 0
2836 92.5 -3069 0

2836 -92.5 3069 0
2836 92.5 3069 0

2836 -92.5 -3069 0
2836 -92.5 3069 0

2836 92.5 -3069 0
2836 92.5 3069 0

2856 -92.5 3069 0
2856 92.5 3069 0

2856 -92.5 -3069 0
2856 92.5 -3069 0

2856 -92.5 3069 0
2856 -92.5 -3069 0

2856 92.5 3069 0
2856 92.5 -3069 0

2856 -92.5 -3069 0
2836 -92.5 -3069 0

2856 -92.5 3069 0
2836 -92.5 3069 0

2856 -92.5 -3069 0
2856 -92.5 3069 0

2836 -92.5 -3069 0
2836 -92.5 3069 0

2856 92.5 3069 0
2836 92.5 3069 0

2856 92.5 -3069 0
2836 92.5 -3069 0

2856 92.5 3069 0
2856 92.5 -3069 0

2836 92.5 3069 0
2836 92.5 -3069 0

3324 -92.5 -3069 0
3324 0 -3069 0

3324 0 -3069 0
3324 46.25 -3069 0
3324 92.5 -3069 0

3324 92.5 -3069 0

3304 -92.5 -3069 0
3304 92.5 -3069 0

3324 -92.5 -3069 0
3304 -92.5 -3069 0

3324 92.5 -3069 0
3304 92.5 -3069 0

3304 -92.5 3069 0
3304 92.5 3069 0

3324 -92.5 3069 0
3324 92.5 3069 0

3304 -92.5 3069 0
3324 -92.5 3069 0

3304 92.5 3069 0
3324 92.5 3069 0

3304 -92.5 -3069 0
3304 92.5 -3069 0

3304 -92.5 3069 0
3304 92.5 3069 0

3304 -92.5 -3069 0
3304 -92.5 3069 0

3304 92.5 -3069 0
3304 92.5 3069 0

3324 -92.5 3069 0
3324 92.5 3069 0

3324 -92.5 -3069 0
3324 92.5 -3069 0

3324 -92.5 3069 0
3324 -92.5 -3069 0

3324 92.5 3069 0
3324 92.5 -3069 0

3324 -92.5 -3069 0
3304 -92.5 -3069 0

3324 -92.5 3069 0
3304 -92.5 3069 0

3324 -92.5 -3069 0
3324 -92.5 3069 0

3304 -92.5 -3069 0
3304 -92.5 3069 0

3324 92.5 3069 0
3304 92.5 3069 0

3324 92.5 -3069 0
3304 92.5 -3069 0

3324 92.5 3069 0
3324 92.5 -3069 0

3304 92.5 3069 0
3304 92.5 -3069 0

3312 2598 -3069 0
3312 2608 -3069 0

3312 2608 -3069 0
3312 2613 -3069 0
3312 2618 -3069 0

3312 2618 -3069 0

2848 2598 -3069 0
2848 2618 -3069 0

3312 2598 -3069 0
2848 2598 -3069 0

3312 2618 -3069 0
2848 2618 -3069 0

2848 2598 3069 0
2848 2618 3069 0

3312 2598 3069 0
3312 2618 3069 0

2848 2598 3069 0
3312 2598 3069 0

2848 2618 3069 0
3312 2618 3069 0

2848 2598 -3069 0
2848 2618 -3069 0

2848 2598 3069 0
2848 2618 3069 0

2848 2598 -3069 0
2848 2598 3069 0

2848 2618 -3069 0
2848 2618 3069 0

3312 2598 3069 0
3312 2618 3069 0

3312 2598 -3069 0
3312 2618 -3069 0

3312 2598 3069 0
3312 2598 -3069 0

3312 2618 3069 0
3312 2618 -3069 0

3312 2598 -3069 0
2848 2598 -3069 0

3312 2598 3069 0
2848 2598 3069 0

3312 2598 -3069 0
3312 2598 3069 0

2848 2598 -3069 0
2848 2598 3069 0

3312 2618 3069 0
2848 2618 3069 0

3312 2618 -3069 0
2848 2618 -3069 0

3312 2618 3069 0
3312 2618 -3069 0

2848 2618 3069 0
2848 2618 -3069 0

2856 2515.5 -3069 0
2856 2608 -3069 0

2856 2608 -3069 0
2856 2654.25 -3069 0
2856 2700.5 -3069 0

2856 2700.5 -3069 0

2836 2515.5 -3069 0
2836 2700.5 -3069 0

2856 2515.5 -3069 0
2836 2515.5 -3069 0

2856 2700.5 -3069 0
2836 2700.5 -3069 0

2836 2515.5 3069 0
2836 2700.5 3069 0

2856 2515.5 3069 0
2856 2700.5 3069 0

2836 2515.5 3069 0
2856 2515.5 3069 0

2836 2700.5 3069 0
2856 2700.5 3069 0

2836 2515.5 -3069 0
2836 2700.5 -3069 0

2836 2515.5 3069 0
2836 2700.5 3069 0

2836 2515.5 -3069 0
2836 2515.5 3069 0

2836 2700.5 -3069 0
2836 2700.5 3069 0

2856 2515.5 3069 0
2856 2700.5 3069 0

2856 2515.5 -3069 0
2856 2700.5 -3069 0

2856 2515.5 3069 0
2856 2515.5 -3069 0

2856 2700.5 3069 0
2856 2700.5 -3069 0

2856 2515.5 -3069 0
2836 2515.5 -3069 0

2856 2515.5 3069 0
2836 2515.5 3069 0

2856 2515.5 -3069 0
2856 2515.5 3069 0

2836 2515.5 -3069 0
2836 2515.5 3069 0

2856 2700.5 3069 0
2836 2700.5 3069 0

2856 2700.5 -3069 0
2836 2700.5 -3069 0

2856 2700.5 3069 0
2856 2700.5 -3069 0

2836 2700.5 3069 0
2836 2700.5 -3069 0

3324 2515.5 -3069 0
3324 2608 -3069 0

3324 2608 -3069 0
3324 2654.25 -3069 0
3324 2700.5 -3069 0

3324 2700.5 -3069 0

3304 2515.5 -3069 0
3304 2700.5 -3069 0

3324 2515.5 -3069 0
3304 2515.5 -3069 0

3324 2700.5 -3069 0
3304 2700.5 -3069 0

3304 2515.5 3069 0
3304 2700.5 3069 0

3324 2515.5 3069 0
3324 2700.5 3069 0

3304 2515.5 3069 0
3324 2515.5 3069 0

3304 2700.5 3069 0
3324 2700.5 3069 0

3304 2515.5 -3069 0
3304 2700.5 -3069 0

3304 2515.5 3069 0
3304 2700.5 3069 0

3304 2515.5 -3069 0
3304 2515.5 3069 0

3304 2700.5 -3069 0
3304 2700.5 3069 0

3324 2515.5 3069 0
3324 2700.5 3069 0

3324 2515.5 -3069 0
3324 2700.5 -3069 0

3324 2515.5 3069 0
3324 2515.5 -3069 0

3324 2700.5 3069 0
3324 2700.5 -3069 0

3324 2515.5 -3069 0
3304 2515.5 -3069 0

3324 2515.5 3069 0
3304 2515.5 3069 0

3324 2515.5 -3069 0
3324 2515.5 3069 0

3304 2515.5 -3069 0
3304 2515.5 3069 0

3324 2700.5 3069 0
3304 2700.5 3069 0

3324 2700.5 -3069 0
3304 2700.5 -3069 0

3324 2700.5 3069 0
3324 2700.5 -3069 0

3304 2700.5 3069 0
3304 2700.5 -3069 0

-2799 -4500 -3000 0
-2799 0 -3000 0

-2799 0 -3000 0
-2799 2250 -3000 0
-2799 4500 -3000 0

-2799 4500 -3000 0

-3299 -4500 -3000 0
-3299 4500 -3000 0

-2799 -4500 -3000 0
-3299 -4500 -3000 0

-2799 4500 -3000 0
-3299 4500 -3000 0

-3299 -4500 3000 0
-3299 4500 3000 0

-2799 -4500 3000 0
-2799 4500 3000 0

-3299 -4500 3000 0
-2799 -4500 3000 0

-3299 4500 3000 0
-2799 4500 3000 0

-3299 -4500 -3000 0
-3299 4500 -3000 0

-3299 -4500 3000 0
-3299 4500 3000 0

-3299 -4500 -3000 0
-3299 -4500 3000 0

-3299 4500 -3000 0
-3299 4500 3000 0

-2799 -4500 3000 0
-2799 4500 3000 0

-2799 -4500 -3000 0
-2799 4500 -3000 0

-2799 -4500 3000 0
-2799 -4500 -3000 0

-2799 4500 3000 0
-2799 4500 -3000 0

-2799 -4500 -3000 0
-3299 -4500 -3000 0

-2799 -4500 3000 0
-3299 -4500 3000 0

-2799 -4500 -3000 0
-2799 -4500 3000 0

-3299 -4500 -3000 0
-3299 -4500 3000 0

-2799 4500 3000 0
-3299 4500 3000 0

-2799 4500 -3000 0
-3299 4500 -3000 0

-2799 4500 3000 0
-2799 4500 -3000 0

-3299 4500 3000 0
-3299 4500 -3000 0

2130 -2618 2984 0
2130 -2608 2984 0

2130 -2608 2984 0
2130 -2603 2984 0
2130 -2598 2984 0

2130 -2598 2984 0

2630 -2618 2984 0
2630 -2598 2984 0

2130 -2618 2984 0
2630 -2618 2984 0

2130 -2598 2984 0
2630 -2598 2984 0

2630 -2618 2516 0
2630 -2598 2516 0

2130 -2618 2516 0
2130 -2598 2516 0

2630 -2618 2516 0
2130 -2618 2516 0

2630 -2598 2516 0
2130 -2598 2516 0

2630 -2618 2984 0
2630 -2598 2984 0

2630 -2618 2516 0
2630 -2598 2516 0

2630 -2618 2984 0
2630 -2618 2516 0

2630 -2598 2984 0
2630 -2598 2516 0

2130 -2618 2516 0
2130 -2598 2516 0

2130 -2618 2984 0
2130 -2598 2984 0

2130 -2618 2516 0
2130 -2618 2984 0

2130 -2598 2516 0
2130 -2598 2984 0

2130 -2618 2984 0
2630 -2618 2984 0

2130 -2618 2516 0
2630 -2618 2516 0

2130 -2618 2984 0
2130 -2618 2516 0

2630 -2618 2984 0
2630 -2618 2516 0

2130 -2598 2516 0
2630 -2598 2516 0

2130 -2598 2984 0
2630 -2598 2984 0

2130 -2598 2516 0
2130 -2598 2984 0

2630 -2598 2516 0
2630 -2598 2984 0

2130 -2700.5 2994 0
2130 -2608 2994 0

2130 -2608 2994 0
2130 -2561.75 2994 0
2130 -2515.5 2994 0

2130 -2515.5 2994 0

2630 -2700.5 2994 0
2630 -2515.5 2994 0

2130 -2700.5 2994 0
2630 -2700.5 2994 0

2130 -2515.5 2994 0
2630 -2515.5 2994 0

2630 -2700.5 2974 0
2630 -2515.5 2974 0

2130 -2700.5 2974 0
2130 -2515.5 2974 0

2630 -2700.5 2974 0
2130 -2700.5 2974 0

2630 -2515.5 2974 0
2130 -2515.5 2974 0

2630 -2700.5 2994 0
2630 -2515.5 2994 0

2630 -2700.5 2974 0
2630 -2515.5 2974 0

2630 -2700.5 2994 0
2630 -2700.5 2974 0

2630 -2515.5 2994 0
2630 -2515.5 2974 0

2130 -2700.5 2974 0
2130 -2515.5 2974 0

2130 -2700.5 2994 0
2130 -2515.5 2994 0

2130 -2700.5 2974 0
2130 -2700.5 2994 0

2130 -2515.5 2974 0
2130 -2515.5 2994 0

2130 -2700.5 2994 0
2630 -2700.5 2994 0

2130 -2700.5 2974 0
2630 -2700.5 2974 0

2130 -2700.5 2994 0
2130 -2700.5 2974 0

2630 -2700.5 2994 0
2630 -2700.5 2974 0

2130 -2515.5 2974 0
2630 -2515.5 2974 0

2130 -2515.5 2994 0
2630 -2515.5 2994 0

2130 -2515.5 2974 0
2130 -2515.5 2994 0

2630 -2515.5 2974 0
2630 -2515.5 2994 0

2130 -2700.5 2526 0
2130 -2608 2526 0

2130 -2608 2526 0
2130 -2561.75 2526 0
2130 -2515.5 2526 0

2130 -2515.5 2526 0

2630 -2700.5 2526 0
2630 -2515.5 2526 0

2130 -2700.5 2526 0
2630 -2700.5 2526 0

2130 -2515.5 2526 0
2630 -2515.5 2526 0

2630 -2700.5 2506 0
2630 -2515.5 2506 0

2130 -2700.5 2506 0
2130 -2515.5 2506 0

2630 -2700.5 2506 0
2130 -2700.5 2506 0

2630 -2515.5 2506 0
2130 -2515.5 2506 0

2630 -2700.5 2526 0
2630 -2515.5 2526 0

2630 -2700.5 2506 0
2630 -2515.5 2506 0

2630 -2700.5 2526 0
2630 -2700.5 2506 0

2630 -2515.5 2526 0
2630 -2515.5 2506 0

2130 -2700.5 2506 0
2130 -2515.5 2506 0

2130 -2700.5 2526 0
2130 -2515.5 2526 0

2130 -2700.5 2506 0
2130 -2700.5 2526 0

2130 -2515.5 2506 0
2130 -2515.5 2526 0

2130 -2700.5 2526 0
2630 -2700.5 2526 0

2130 -2700.5 2506 0
2630 -2700.5 2506 0

2130 -2700.5 2526 0
2130 -2700.5 2506 0

2630 -2700.5 2526 0
2630 -2700.5 2506 0

2130 -2515.5 2506 0
2630 -2515.5 2506 0

2130 -2515.5 2526 0
2630 -2515.5 2526 0

2130 -2515.5 2506 0
2130 -2515.5 2526 0

2630 -2515.5 2506 0
2630 -2515.5 2526 0

2130 -10 2984 0
2130 0 2984 0

2130 0 2984 0
2130 5 2984 0
2130 10 2984 0

2130 10 2984 0

2630 -10 2984 0
2630 10 2984 0

2130 -10 2984 0
2630 -10 2984 0

2130 10 2984 0
2630 10 2984 0

2630 -10 2516 0
2630 10 2516 0

2130 -10 2516 0
2130 10 2516 0

2630 -10 2516 0
2130 -10 2516 0

2630 10 2516 0
2130 10 2516 0

2630 -10 2984 0
2630 10 2984 0

2630 -10 2516 0
2630 10 2516 0

2630 -10 2984 0
2630 -10 2516 0

2630 10 2984 0
2630 10 2516 0

2130 -10 2516 0
2130 10 2516 0

2130 -10 2984 0
2130 10 2984 0

2130 -10 2516 0
2130 -10 2984 0

2130 10 2516 0
2130 10 2984 0

2130 -10 2984 0
2630 -10 2984 0

2130 -10 2516 0
2630 -10 2516 0

2130 -10 2984 0
2130 -10 2516 0

2630 -10 2984 0
2630 -10 2516 0

2130 10 2516 0
2630 10 2516 0

2130 10 2984 0
2630 10 2984 0

2130 10 2516 0
2130 10 2984 0

2630 10 2516 0
2630 10 2984 0

2130 -92.5 2994 0
2130 0 2994 0

2130 0 2994 0
2130 46.25 2994 0
2130 92.5 2994 0

2130 92.5 2994 0

2630 -92.5 2994 0
2630 92.5 2994 0

2130 -92.5 2994 0
2630 -92.5 2994 0

2130 92.5 2994 0
2630 92.5 2994 0

2630 -92.5 2974 0
2630 92.5 2974 0

2130 -92.5 2974 0
2130 92.5 2974 0

2630 -92.5 2974 0
2130 -92.5 2974 0

2630 92.5 2974 0
2130 92.5 2974 0

2630 -92.5 2994 0
2630 92.5 2994 0

2630 -92.5 2974 0
2630 92.5 2974 0

2630 -92.5 2994 0
2630 -92.5 2974 0

2630 92.5 2994 0
2630 92.5 2974 0

2130 -92.5 2974 0
2130 92.5 2974 0

2130 -92.5 2994 0
2130 92.5 2994 0

2130 -92.5 2974 0
2130 -92.5 2994 0

2130 92.5 2974 0
2130 92.5 2994 0

2130 -92.5 2994 0
2630 -92.5 2994 0

2130 -92.5 2974 0
2630 -92.5 2974 0

2130 -92.5 2994 0
2130 -92.5 2974 0

2630 -92.5 2994 0
2630 -92.5 2974 0

2130 92.5 2974 0
2630 92.5 2974 0

2130 92.5 2994 0
2630 92.5 2994 0

2130 92.5 2974 0
2130 92.5 2994 0

2630 92.5 2974 0
2630 92.5 2994 0

2130 -92.5 2526 0
2130 0 2526 0

2130 0 2526 0
2130 46.25 2526 0
2130 92.5 2526 0

2130 92.5 2526 0

2630 -92.5 2526 0
2630 92.5 2526 0

2130 -92.5 2526 0
2630 -92.5 2526 0

2130 92.5 2526 0
2630 92.5 2526 0

2630 -92.5 2506 0
2630 92.5 2506 0

2130 -92.5 2506 0
2130 92.5 2506 0

2630 -92.5 2506 0
2130 -92.5 2506 0

2630 92.5 2506 0
2130 92.5 2506 0

2630 -92.5 2526 0
2630 92.5 2526 0

2630 -92.5 2506 0
2630 92.5 2506 0

2630 -92.5 2526 0
2630 -92.5 2506 0

2630 92.5 2526 0
2630 92.5 2506 0

2130 -92.5 2506 0
2130 92.5 2506 0

2130 -92.5 2526 0
2130 92.5 2526 0

2130 -92.5 2506 0
2130 -92.5 2526 0

2130 92.5 2506 0
2130 92.5 2526 0

2130 -92.5 2526 0
2630 -92.5 2526 0

2130 -92.5 2506 0
2630 -92.5 2506 0

2130 -92.5 2526 0
2130 -92.5 2506 0

2630 -92.5 2526 0
2630 -92.5 2506 0

2130 92.5 2506 0
2630 92.5 2506 0

2130 92.5 2526 0
2630 92.5 2526 0

2130 92.5 2506 0
2130 92.5 2526 0

2630 92.5 2506 0
2630 92.5 2526 0

2130 2598 2984 0
2130 2608 2984 0

2130 2608 2984 0
2130 2613 2984 0
2130 2618 2984 0

2130 2618 2984 0

2630 2598 2984 0
2630 2618 2984 0

2130 2598 2984 0
2630 2598 2984 0

2130 2618 2984 0
2630 2618 2984 0

2630 2598 2516 0
2630 2618 2516 0

2130 2598 2516 0
2130 2618 2516 0

2630 2598 2516 0
2130 2598 2516 0

2630 2618 2516 0
2130 2618 2516 0

2630 2598 2984 0
2630 2618 2984 0

2630 2598 2516 0
2630 2618 2516 0

2630 2598 2984 0
2630 2598 2516 0

2630 2618 2984 0
2630 2618 2516 0

2130 2598 2516 0
2130 2618 2516 0

2130 2598 2984 0
2130 2618 2984 0

2130 2598 2516 0
2130 2598 2984 0

2130 2618 2516 0
2130 2618 2984 0

2130 2598 2984 0
2630 2598 2984 0

2130 2598 2516 0
2630 2598 2516 0

2130 2598 2984 0
2130 2598 2516 0

2630 2598 2984 0
2630 2598 2516 0

2130 2618 2516 0
2630 2618 2516 0

2130 2618 2984 0
2630 2618 2984 0

2130 2618 2516 0
2130 2618 2984 0

2630 2618 2516 0
2630 2618 2984 0

2130 2515.5 2994 0
2130 2608 2994 0

2130 2608 2994 0
2130 2654.25 2994 0
2130 2700.5 2994 0

2130 2700.5 2994 0

2630 2515.5 2994 0
2630 2700.5 2994 0

2130 2515.5 2994 0
2630 2515.5 2994 0

2130 2700.5 2994 0
2630 2700.5 2994 0

2630 2515.5 2974 0
2630 2700.5 2974 0

2130 2515.5 2974 0
2130 2700.5 2974 0

2630 2515.5 2974 0
2130 2515.5 2974 0

2630 2700.5 2974 0
2130 2700.5 2974 0

2630 2515.5 2994 0
2630 2700.5 2994 0

2630 2515.5 2974 0
2630 2700.5 2974 0

2630 2515.5 2994 0
2630 2515.5 2974 0

2630 2700.5 2994 0
2630 2700.5 2974 0

2130 2515.5 2974 0
2130 2700.5 2974 0

2130 2515.5 2994 0
2130 2700.5 2994 0

2130 2515.5 2974 0
2130 2515.5 2994 0

2130 2700.5 2974 0
2130 2700.5 2994 0

2130 2515.5 2994 0
2630 2515.5 2994 0

2130 2515.5 2974 0
2630 2515.5 2974 0

2130 2515.5 2994 0
2130 2515.5 2974 0

2630 2515.5 2994 0
2630 2515.5 2974 0

2130 2700.5 2974 0
2630 2700.5 2974 0

2130 2700.5 2994 0
2630 2700.5 2994 0

2130 2700.5 2974 0
2130 2700.5 2994 0

2630 2700.5 2974 0
2630 2700.5 2994 0

2130 2515.5 2526 0
2130 2608 2526 0

2130 2608 2526 0
2130 2654.25 2526 0
2130 2700.5 2526 0

2130 2700.5 2526 0

2630 2515.5 2526 0
2630 2700.5 2526 0

2130 2515.5 2526 0
2630 2515.5 2526 0

2130 2700.5 2526 0
2630 2700.5 2526 0

2630 2515.5 2506 0
2630 2700.5 2506 0

2130 2515.5 2506 0
2130 2700.5 2506 0

2630 2515.5 2506 0
2130 2515.5 2506 0

2630 2700.5 2506 0
2130 2700.5 2506 0

2630 2515.5 2526 0
2630 2700.5 2526 0

2630 2515.5 2506 0
2630 2700.5 2506 0

2630 2515.5 2526 0
2630 2515.5 2506 0

2630 2700.5 2526 0
2630 2700.5 2506 0

2130 2515.5 2506 0
2130 2700.5 2506 0

2130 2515.5 2526 0
2130 2700.5 2526 0

2130 2515.5 2506 0
2130 2515.5 2526 0

2130 2700.5 2506 0
2130 2700.5 2526 0

2130 2515.5 2526 0
2630 2515.5 2526 0

2130 2515.5 2506 0
2630 2515.5 2506 0

2130 2515.5 2526 0
2130 2515.5 2506 0

2630 2515.5 2526 0
2630 2515.5 2506 0

2130 2700.5 2506 0
2630 2700.5 2506 0

2130 2700.5 2526 0
2630 2700.5 2526 0

2130 2700.5 2506 0
2130 2700.5 2526 0

2630 2700.5 2506 0
2630 2700.5 2526 0

2630 3999 -3000 0
2630 4249 -3000 0

2630 4249 -3000 0
2630 4374 -3000 0
2630 4499 -3000 0

2630 4499 -3000 0

2130 3999 -3000 0
2130 4499 -3000 0

2630 3999 -3000 0
2130 3999 -3000 0

2630 4499 -3000 0
2130 4499 -3000 0

2130 3999 3000 0
2130 4499 3000 0

2630 3999 3000 0
2630 4499 3000 0

2130 3999 3000 0
2630 3999 3000 0

2130 4499 3000 0
2630 4499 3000 0

2130 3999 -3000 0
2130 4499 -3000 0

2130 3999 3000 0
2130 4499 3000 0

2130 3999 -3000 0
2130 3999 3000 0

2130 4499 -3000 0
2130 4499 3000 0

2630 3999 3000 0
2630 4499 3000 0

2630 3999 -3000 0
2630 4499 -3000 0

2630 3999 3000 0
2630 3999 -3000 0

2630 4499 3000 0
2630 4499 -3000 0

2630 3999 -3000 0
2130 3999 -3000 0

2630 3999 3000 0
2130 3999 3000 0

2630 3999 -3000 0
2630 3999 3000 0

2130 3999 -3000 0
2130 3999 3000 0

2630 4499 3000 0
2130 4499 3000 0

2630 4499 -3000 0
2130 4499 -3000 0

2630 4499 3000 0
2630 4499 -3000 0

2130 4499 3000 0
2130 4499 -3000 0

2130 -500 2250 0
2130 -250 2250 0

2130 -250 2250 0
2130 -125 2250 0
2130 0 2250 0

2130 0 2250 0

2630 -500 2250 0
2630 0 2250 0

2130 -500 2250 0
2630 -500 2250 0

2130 0 2250 0
2630 0 2250 0

2630 -500 -3000 0
2630 0 -3000 0

2130 -500 -3000 0
2130 0 -3000 0

2630 -500 -3000 0
2130 -500 -3000 0

2630 0 -3000 0
2130 0 -3000 0

2630 -500 2250 0
2630 0 2250 0

2630 -500 -3000 0
2630 0 -3000 0

2630 -500 2250 0
2630 -500 -3000 0

2630 0 2250 0
2630 0 -3000 0

2130 -500 -3000 0
2130 0 -3000 0

2130 -500 2250 0
2130 0 2250 0

2130 -500 -3000 0
2130 -500 2250 0

2130 0 -3000 0
2130 0 2250 0

2130 -500 2250 0
2630 -500 2250 0

2130 -500 -3000 0
2630 -500 -3000 0

2130 -500 2250 0
2130 -500 -3000 0

2630 -500 2250 0
2630 -500 -3000 0

2130 0 -3000 0
2630 0 -3000 0

2130 0 2250 0
2630 0 2250 0

2130 0 -3000 0
2130 0 2250 0

2630 0 -3000 0
2630 0 2250 0

2130 -1000 3000 0
2130 -750 3000 0

2130 -750 3000 0
2130 -625 3000 0
2130 -500 3000 0

2130 -500 3000 0

2630 -1000 3000 0
2630 -500 3000 0

2130 -1000 3000 0
2630 -1000 3000 0

2130 -500 3000 0
2630 -500 3000 0

2630 -1000 -3000 0
2630 -500 -3000 0

2130 -1000 -3000 0
2130 -500 -3000 0

2630 -1000 -3000 0
2130 -1000 -3000 0

2630 -500 -3000 0
2130 -500 -3000 0

2630 -1000 3000 0
2630 -500 3000 0

2630 -1000 -3000 0
2630 -500 -3000 0

2630 -1000 3000 0
2630 -1000 -3000 0

2630 -500 3000 0
2630 -500 -3000 0

2130 -1000 -3000 0
2130 -500 -3000 0

2130 -1000 3000 0
2130 -500 3000 0

2130 -1000 -3000 0
2130 -1000 3000 0

2130 -500 -3000 0
2130 -500 3000 0

2130 -1000 3000 0
2630 -1000 3000 0

2130 -1000 -3000 0
2630 -1000 -3000 0

2130 -1000 3000 0
2130 -1000 -3000 0

2630 -1000 3000 0
2630 -1000 -3000 0

2130 -500 -3000 0
2630 -500 -3000 0

2130 -500 3000 0
2630 -500 3000 0

2130 -500 -3000 0
2130 -500 3000 0

2630 -500 -3000 0
2630 -500 3000 0

2130 -1500 3000 0
2130 -1250 3000 0

2130 -1250 3000 0
2130 -1125 3000 0
2130 -1000 3000 0

2130 -1000 3000 0

2630 -1500 3000 0
2630 -1000 3000 0

2130 -1500 3000 0
2630 -1500 3000 0

2130 -1000 3000 0
2630 -1000 3000 0

2630 -1500 -3000 0
2630 -1000 -3000 0

2130 -1500 -3000 0
2130 -1000 -3000 0

2630 -1500 -3000 0
2130 -1500 -3000 0

2630 -1000 -3000 0
2130 -1000 -3000 0

2630 -1500 3000 0
2630 -1000 3000 0

2630 -1500 -3000 0
2630 -1000 -3000 0

2630 -1500 3000 0
2630 -1500 -3000 0

2630 -1000 3000 0
2630 -1000 -3000 0

2130 -1500 -3000 0
2130 -1000 -3000 0

2130 -1500 3000 0
2130 -1000 3000 0

2130 -1500 -3000 0
2130 -1500 3000 0

2130 -1000 -3000 0
2130 -1000 3000 0

2130 -1500 3000 0
2630 -1500 3000 0

2130 -1500 -3000 0
2630 -1500 -3000 0

2130 -1500 3000 0
2130 -1500 -3000 0

2630 -1500 3000 0
2630 -1500 -3000 0

2130 -1000 -3000 0
2630 -1000 -3000 0

2130 -1000 3000 0
2630 -1000 3000 0

2130 -1000 -3000 0
2130 -1000 3000 0

2630 -1000 -3000 0
2630 -1000 3000 0

2130 -2000 3000 0
2130 -1750 3000 0

2130 -1750 3000 0
2130 -1625 3000 0
2130 -1500 3000 0

2130 -1500 3000 0

2630 -2000 3000 0
2630 -1500 3000 0

2130 -2000 3000 0
2630 -2000 3000 0

2130 -1500 3000 0
2630 -1500 3000 0

2630 -2000 -3000 0
2630 -1500 -3000 0

2130 -2000 -3000 0
2130 -1500 -3000 0

2630 -2000 -3000 0
2130 -2000 -3000 0

2630 -1500 -3000 0
2130 -1500 -3000 0

2630 -2000 3000 0
2630 -1500 3000 0

2630 -2000 -3000 0
2630 -1500 -3000 0

2630 -2000 3000 0
2630 -2000 -3000 0

2630 -1500 3000 0
2630 -1500 -3000 0

2130 -2000 -3000 0
2130 -1500 -3000 0

2130 -2000 3000 0
2130 -1500 3000 0

2130 -2000 -3000 0
2130 -2000 3000 0

2130 -1500 -3000 0
2130 -1500 3000 0

2130 -2000 3000 0
2630 -2000 3000 0

2130 -2000 -3000 0
2630 -2000 -3000 0

2130 -2000 3000 0
2130 -2000 -3000 0

2630 -2000 3000 0
2630 -2000 -3000 0

2130 -1500 -3000 0
2630 -1500 -3000 0

2130 -1500 3000 0
2630 -1500 3000 0

2130 -1500 -3000 0
2130 -1500 3000 0

2630 -1500 -3000 0
2630 -1500 3000 0

2130 -2500 2250 0
2130 -2250 2250 0

2130 -2250 2250 0
2130 -2125 2250 0
2130 -2000 2250 0

2130 -2000 2250 0

2630 -2500 2250 0
2630 -2000 2250 0

2130 -2500 2250 0
2630 -2500 2250 0

2130 -2000 2250 0
2630 -2000 2250 0

2630 -2500 -3000 0
2630 -2000 -3000 0

2130 -2500 -3000 0
2130 -2000 -3000 0

2630 -2500 -3000 0
2130 -2500 -3000 0

2630 -2000 -3000 0
2130 -2000 -3000 0

2630 -2500 2250 0
2630 -2000 2250 0

2630 -2500 -3000 0
2630 -2000 -3000 0

2630 -2500 2250 0
2630 -2500 -3000 0

2630 -2000 2250 0
2630 -2000 -3000 0

2130 -2500 -3000 0
2130 -2000 -3000 0

2130 -2500 2250 0
2130 -2000 2250 0

2130 -2500 -3000 0
2130 -2500 2250 0

2130 -2000 -3000 0
2130 -2000 2250 0

2130 -2500 2250 0
2630 -2500 2250 0

2130 -2500 -3000 0
2630 -2500 -3000 0

2130 -2500 2250 0
2130 -2500 -3000 0

2630 -2500 2250 0
2630 -2500 -3000 0

2130 -2000 -3000 0
2630 -2000 -3000 0

2130 -2000 2250 0
2630 -2000 2250 0

2130 -2000 -3000 0
2130 -2000 2250 0

2630 -2000 -3000 0
2630 -2000 2250 0

2130 -3000 1500 0
2130 -2750 1500 0

2130 -2750 1500 0
2130 -2625 1500 0
2130 -2500 1500 0

2130 -2500 1500 0

2630 -3000 1500 0
2630 -2500 1500 0

2130 -3000 1500 0
2630 -3000 1500 0

2130 -2500 1500 0
2630 -2500 1500 0

2630 -3000 -3000 0
2630 -2500 -3000 0

2130 -3000 -3000 0
2130 -2500 -3000 0

2630 -3000 -3000 0
2130 -3000 -3000 0

2630 -2500 -3000 0
2130 -2500 -3000 0

2630 -3000 1500 0
2630 -2500 1500 0

2630 -3000 -3000 0
2630 -2500 -3000 0

2630 -3000 1500 0
2630 -3000 -3000 0

2630 -2500 1500 0
2630 -2500 -3000 0

2130 -3000 -3000 0
2130 -2500 -3000 0

2130 -3000 1500 0
2130 -2500 1500 0

2130 -3000 -3000 0
2130 -3000 1500 0

2130 -2500 -3000 0
2130 -2500 1500 0

2130 -3000 1500 0
2630 -3000 1500 0

2130 -3000 -3000 0
2630 -3000 -3000 0

2130 -3000 1500 0
2130 -3000 -3000 0

2630 -3000 1500 0
2630 -3000 -3000 0

2130 -2500 -3000 0
2630 -2500 -3000 0

2130 -2500 1500 0
2630 -2500 1500 0

2130 -2500 -3000 0
2130 -2500 1500 0

2630 -2500 -3000 0
2630 -2500 1500 0

2130 -3500 3000 0
2130 -3250 3000 0

2130 -3250 3000 0
2130 -3125 3000 0
2130 -3000 3000 0

2130 -3000 3000 0

2630 -3500 3000 0
2630 -3000 3000 0

2130 -3500 3000 0
2630 -3500 3000 0

2130 -3000 3000 0
2630 -3000 3000 0

2630 -3500 -3000 0
2630 -3000 -3000 0

2130 -3500 -3000 0
2130 -3000 -3000 0

2630 -3500 -3000 0
2130 -3500 -3000 0

2630 -3000 -3000 0
2130 -3000 -3000 0

2630 -3500 3000 0
2630 -3000 3000 0

2630 -3500 -3000 0
2630 -3000 -3000 0

2630 -3500 3000 0
2630 -3500 -3000 0

2630 -3000 3000 0
2630 -3000 -3000 0

2130 -3500 -3000 0
2130 -3000 -3000 0

2130 -3500 3000 0
2130 -3000 3000 0

2130 -3500 -3000 0
2130 -3500 3000 0

2130 -3000 -3000 0
2130 -3000 3000 0

2130 -3500 3000 0
2630 -3500 3000 0

2130 -3500 -3000 0
2630 -3500 -3000 0

2130 -3500 3000 0
2130 -3500 -3000 0

2630 -3500 3000 0
2630 -3500 -3000 0

2130 -3000 -3000 0
2630 -3000 -3000 0

2130 -3000 3000 0
2630 -3000 3000 0

2130 -3000 -3000 0
2130 -3000 3000 0

2630 -3000 -3000 0
2630 -3000 3000 0

2130 -4000 3000 0
2130 -3750 3000 0

2130 -3750 3000 0
2130 -3625 3000 0
2130 -3500 3000 0

2130 -3500 3000 0

2630 -4000 3000 0
2630 -3500 3000 0

2130 -4000 3000 0
2630 -4000 3000 0

2130 -3500 3000 0
2630 -3500 3000 0

2630 -4000 -3000 0
2630 -3500 -3000 0

2130 -4000 -3000 0
2130 -3500 -3000 0

2630 -4000 -3000 0
2130 -4000 -3000 0

2630 -3500 -3000 0
2130 -3500 -3000 0

2630 -4000 3000 0
2630 -3500 3000 0

2630 -4000 -3000 0
2630 -3500 -3000 0

2630 -4000 3000 0
2630 -4000 -3000 0

2630 -3500 3000 0
2630 -3500 -3000 0

2130 -4000 -3000 0
2130 -3500 -3000 0

2130 -4000 3000 0
2130 -3500 3000 0

2130 -4000 -3000 0
2130 -4000 3000 0

2130 -3500 -3000 0
2130 -3500 3000 0

2130 -4000 3000 0
2630 -4000 3000 0

2130 -4000 -3000 0
2630 -4000 -3000 0

2130 -4000 3000 0
2130 -4000 -3000 0

2630 -4000 3000 0
2630 -4000 -3000 0

2130 -3500 -3000 0
2630 -3500 -3000 0

2130 -3500 3000 0
2630 -3500 3000 0

2130 -3500 -3000 0
2130 -3500 3000 0

2630 -3500 -3000 0
2630 -3500 3000 0

2130 -4500 3000 0
2130 -4250 3000 0

2130 -4250 3000 0
2130 -4125 3000 0
2130 -4000 3000 0

2130 -4000 3000 0

2630 -4500 3000 0
2630 -4000 3000 0

2130 -4500 3000 0
2630 -4500 3000 0

2130 -4000 3000 0
2630 -4000 3000 0

2630 -4500 -3000 0
2630 -4000 -3000 0

2130 -4500 -3000 0
2130 -4000 -3000 0

2630 -4500 -3000 0
2130 -4500 -3000 0

2630 -4000 -3000 0
2130 -4000 -3000 0

2630 -4500 3000 0
2630 -4000 3000 0

2630 -4500 -3000 0
2630 -4000 -3000 0

2630 -4500 3000 0
2630 -4500 -3000 0

2630 -4000 3000 0
2630 -4000 -3000 0

2130 -4500 -3000 0
2130 -4000 -3000 0

2130 -4500 3000 0
2130 -4000 3000 0

2130 -4500 -3000 0
2130 -4500 3000 0

2130 -4000 -3000 0
2130 -4000 3000 0

2130 -4500 3000 0
2630 -4500 3000 0

2130 -4500 -3000 0
2630 -4500 -3000 0

2130 -4500 3000 0
2130 -4500 -3000 0

2630 -4500 3000 0
2630 -4500 -3000 0

2130 -4000 -3000 0
2630 -4000 -3000 0

2130 -4000 3000 0
2630 -4000 3000 0

2130 -4000 -3000 0
2130 -4000 3000 0

2630 -4000 -3000 0
2630 -4000 3000 0

2130 3500 3000 0
2130 3750 3000 0

2130 3750 3000 0
2130 3875 3000 0
2130 4000 3000 0

2130 4000 3000 0

2630 3500 3000 0
2630 4000 3000 0

2130 3500 3000 0
2630 3500 3000 0

2130 4000 3000 0
2630 4000 3000 0

2630 3500 -3000 0
2630 4000 -3000 0

2130 3500 -3000 0
2130 4000 -3000 0

2630 3500 -3000 0
2130 3500 -3000 0

2630 4000 -3000 0
2130 4000 -3000 0

2630 3500 3000 0
2630 4000 3000 0

2630 3500 -3000 0
2630 4000 -3000 0

2630 3500 3000 0
2630 3500 -3000 0

2630 4000 3000 0
2630 4000 -3000 0

2130 3500 -3000 0
2130 4000 -3000 0

2130 3500 3000 0
2130 4000 3000 0

2130 3500 -3000 0
2130 3500 3000 0

2130 4000 -3000 0
2130 4000 3000 0

2130 3500 3000 0
2630 3500 3000 0

2130 3500 -3000 0
2630 3500 -3000 0

2130 3500 3000 0
2130 3500 -3000 0

2630 3500 3000 0
2630 3500 -3000 0

2130 4000 -3000 0
2630 4000 -3000 0

2130 4000 3000 0
2630 4000 3000 0

2130 4000 -3000 0
2130 4000 3000 0

2630 4000 -3000 0
2630 4000 3000 0

2130 3000 1500 0
2130 3250 1500 0

2130 3250 1500 0
2130 3375 1500 0
2130 3500 1500 0

2130 3500 1500 0

2630 3000 1500 0
2630 3500 1500 0

2130 3000 1500 0
2630 3000 1500 0

2130 3500 1500 0
2630 3500 1500 0

2630 3000 -3000 0
2630 3500 -3000 0

2130 3000 -3000 0
2130 3500 -3000 0

2630 3000 -3000 0
2130 3000 -3000 0

2630 3500 -3000 0
2130 3500 -3000 0

2630 3000 1500 0
2630 3500 1500 0

2630 3000 -3000 0
2630 3500 -3000 0

2630 3000 1500 0
2630 3000 -3000 0

2630 3500 1500 0
2630 3500 -3000 0

2130 3000 -3000 0
2130 3500 -3000 0

2130 3000 1500 0
2130 3500 1500 0

2130 3000 -3000 0
2130 3000 1500 0

2130 3500 -3000 0
2130 3500 1500 0

2130 3000 1500 0
2630 3000 1500 0

2130 3000 -3000 0
2630 3000 -3000 0

2130 3000 1500 0
2130 3000 -3000 0

2630 3000 1500 0
2630 3000 -3000 0

2130 3500 -3000 0
2630 3500 -3000 0

2130 3500 1500 0
2630 3500 1500 0

2130 3500 -3000 0
2130 3500 1500 0

2630 3500 -3000 0
2630 3500 1500 0

2130 2500 1500 0
2130 2750 1500 0

2130 2750 1500 0
2130 2875 1500 0
2130 3000 1500 0

2130 3000 1500 0

2630 2500 1500 0
2630 3000 1500 0

2130 2500 1500 0
2630 2500 1500 0

2130 3000 1500 0
2630 3000 1500 0

2630 2500 -3000 0
2630 3000 -3000 0

2130 2500 -3000 0
2130 3000 -3000 0

2630 2500 -3000 0
2130 2500 -3000 0

2630 3000 -3000 0
2130 3000 -3000 0

2630 2500 1500 0
2630 3000 1500 0

2630 2500 -3000 0
2630 3000 -3000 0

2630 2500 1500 0
2630 2500 -3000 0

2630 3000 1500 0
2630 3000 -3000 0

2130 2500 -3000 0
2130 3000 -3000 0

2130 2500 1500 0
2130 3000 1500 0

2130 2500 -3000 0
2130 2500 1500 0

2130 3000 -3000 0
2130 3000 1500 0

2130 2500 1500 0
2630 2500 1500 0

2130 2500 -3000 0
2630 2500 -3000 0

2130 2500 1500 0
2130 2500 -3000 0

2630 2500 1500 0
2630 2500 -3000 0

2130 3000 -3000 0
2630 3000 -3000 0

2130 3000 1500 0
2630 3000 1500 0

2130 3000 -3000 0
2130 3000 1500 0

2630 3000 -3000 0
2630 3000 1500 0

2130 2000 3000 0
2130 2250 3000 0

2130 2250 3000 0
2130 2375 3000 0
2130 2500 3000 0

2130 2500 3000 0

2630 2000 3000 0
2630 2500 3000 0

2130 2000 3000 0
2630 2000 3000 0

2130 2500 3000 0
2630 2500 3000 0

2630 2000 -3000 0
2630 2500 -3000 0

2130 2000 -3000 0
2130 2500 -3000 0

2630 2000 -3000 0
2130 2000 -3000 0

2630 2500 -3000 0
2130 2500 -3000 0

2630 2000 3000 0
2630 2500 3000 0

2630 2000 -3000 0
2630 2500 -3000 0

2630 2000 3000 0
2630 2000 -3000 0

2630 2500 3000 0
2630 2500 -3000 0

2130 2000 -3000 0
2130 2500 -3000 0

2130 2000 3000 0
2130 2500 3000 0

2130 2000 -3000 0
2130 2000 3000 0

2130 2500 -3000 0
2130 2500 3000 0

2130 2000 3000 0
2630 2000 3000 0

2130 2000 -3000 0
2630 2000 -3000 0

2130 2000 3000 0
2130 2000 -3000 0

2630 2000 3000 0
2630 2000 -3000 0

2130 2500 -3000 0
2630 2500 -3000 0

2130 2500 3000 0
2630 2500 3000 0

2130 2500 -3000 0
2130 2500 3000 0

2630 2500 -3000 0
2630 2500 3000 0

2130 1500 3000 0
2130 1750 3000 0

2130 1750 3000 0
2130 1875 3000 0
2130 2000 3000 0

2130 2000 3000 0

2630 1500 3000 0
2630 2000 3000 0

2130 1500 3000 0
2630 1500 3000 0

2130 2000 3000 0
2630 2000 3000 0

2630 1500 -3000 0
2630 2000 -3000 0

2130 1500 -3000 0
2130 2000 -3000 0

2630 1500 -3000 0
2130 1500 -3000 0

2630 2000 -3000 0
2130 2000 -3000 0

2630 1500 3000 0
2630 2000 3000 0

2630 1500 -3000 0
2630 2000 -3000 0

2630 1500 3000 0
2630 1500 -3000 0

2630 2000 3000 0
2630 2000 -3000 0

2130 1500 -3000 0
2130 2000 -3000 0

2130 1500 3000 0
2130 2000 3000 0

2130 1500 -3000 0
2130 1500 3000 0

2130 2000 -3000 0
2130 2000 3000 0

2130 1500 3000 0
2630 1500 3000 0

2130 1500 -3000 0
2630 1500 -3000 0

2130 1500 3000 0
2130 1500 -3000 0

2630 1500 3000 0
2630 1500 -3000 0

2130 2000 -3000 0
2630 2000 -3000 0

2130 2000 3000 0
2630 2000 3000 0

2130 2000 -3000 0
2130 2000 3000 0

2630 2000 -3000 0
2630 2000 3000 0

2130 1000 3000 0
2130 1250 3000 0

2130 1250 3000 0
2130 1375 3000 0
2130 1500 3000 0

2130 1500 3000 0

2630 1000 3000 0
2630 1500 3000 0

2130 1000 3000 0
2630 1000 3000 0

2130 1500 3000 0
2630 1500 3000 0

2630 1000 -3000 0
2630 1500 -3000 0

2130 1000 -3000 0
2130 1500 -3000 0

2630 1000 -3000 0
2130 1000 -3000 0

2630 1500 -3000 0
2130 1500 -3000 0

2630 1000 3000 0
2630 1500 3000 0

2630 1000 -3000 0
2630 1500 -3000 0

2630 1000 3000 0
2630 1000 -3000 0

2630 1500 3000 0
2630 1500 -3000 0

2130 1000 -3000 0
2130 1500 -3000 0

2130 1000 3000 0
2130 1500 3000 0

2130 1000 -3000 0
2130 1000 3000 0

2130 1500 -3000 0
2130 1500 3000 0

2130 1000 3000 0
2630 1000 3000 0

2130 1000 -3000 0
2630 1000 -3000 0

2130 1000 3000 0
2130 1000 -3000 0

2630 1000 3000 0
2630 1000 -3000 0

2130 1500 -3000 0
2630 1500 -3000 0

2130 1500 3000 0
2630 1500 3000 0

2130 1500 -3000 0
2130 1500 3000 0

2630 1500 -3000 0
2630 1500 3000 0

2130 500 3000 0
2130 750 3000 0

2130 750 3000 0
2130 875 3000 0
2130 1000 3000 0

2130 1000 3000 0

2630 500 3000 0
2630 1000 3000 0

2130 500 3000 0
2630 500 3000 0

2130 1000 3000 0
2630 1000 3000 0

2630 500 -3000 0
2630 1000 -3000 0

2130 500 -3000 0
2130 1000 -3000 0

2630 500 -3000 0
2130 500 -3000 0

2630 1000 -3000 0
2130 1000 -3000 0

2630 500 3000 0
2630 1000 3000 0

2630 500 -3000 0
2630 1000 -3000 0

2630 500 3000 0
2630 500 -3000 0

2630 1000 3000 0
2630 1000 -3000 0

2130 500 -3000 0
2130 1000 -3000 0

2130 500 3000 0
2130 1000 3000 0

2130 500 -3000 0
2130 500 3000 0

2130 1000 -3000 0
2130 1000 3000 0

2130 500 3000 0
2630 500 3000 0

2130 500 -3000 0
2630 500 -3000 0

2130 500 3000 0
2130 500 -3000 0

2630 500 3000 0
2630 500 -3000 0

2130 1000 -3000 0
2630 1000 -3000 0

2130 1000 3000 0
2630 1000 3000 0

2130 1000 -3000 0
2130 1000 3000 0

2630 1000 -3000 0
2630 1000 3000 0

2130 0 2250 0
2130 250 2250 0

2130 250 2250 0
2130 375 2250 0
2130 500 2250 0

2130 500 2250 0

2630 0 2250 0
2630 500 2250 0

2130 0 2250 0
2630 0 2250 0

2130 500 2250 0
2630 500 2250 0

2630 0 -3000 0
2630 500 -3000 0

2130 0 -3000 0
2130 500 -3000 0

2630 0 -3000 0
2130 0 -3000 0

2630 500 -3000 0
2130 500 -3000 0

2630 0 2250 0
2630 500 2250 0

2630 0 -3000 0
2630 500 -3000 0

2630 0 2250 0
2630 0 -3000 0

2630 500 2250 0
2630 500 -3000 0

2130 0 -3000 0
2130 500 -3000 0

2130 0 2250 0
2130 500 2250 0

2130 0 -3000 0
2130 0 2250 0

2130 500 -3000 0
2130 500 2250 0

2130 0 2250 0
2630 0 2250 0

2130 0 -3000 0
2630 0 -3000 0

2130 0 2250 0
2130 0 -3000 0

2630 0 2250 0
2630 0 -3000 0

2130 500 -3000 0
2630 500 -3000 0

2130 500 2250 0
2630 500 2250 0

2130 500 -3000 0
2130 500 2250 0

2630 500 -3000 0
2630 500 2250 0

1400 4425 -3069 0
1400 4515 -3069 0

1400 4515 -3069 0
1400 4560 -3069 0
1400 4605 -3069 0

1400 4605 -3069 0

-1400 4425 -3069 0
-1400 4605 -3069 0

1400 4425 -3069 0
-1400 4425 -3069 0

1400 4605 -3069 0
-1400 4605 -3069 0

-1400 4425 3069 0
-1400 4605 3069 0

1400 4425 3069 0
1400 4605 3069 0

-1400 4425 3069 0
1400 4425 3069 0

-1400 4605 3069 0
1400 4605 3069 0

-1400 4425 -3069 0
-1400 4605 -3069 0

-1400 4425 3069 0
-1400 4605 3069 0

-1400 4425 -3069 0
-1400 4425 3069 0

-1400 4605 -3069 0
-1400 4605 3069 0

1400 4425 3069 0
1400 4605 3069 0

1400 4425 -3069 0
1400 4605 -3069 0

1400 4425 3069 0
1400 4425 -3069 0

1400 4605 3069 0
1400 4605 -3069 0

1400 4425 -3069 0
-1400 4425 -3069 0

1400 4425 3069 0
-1400 4425 3069 0

1400 4425 -3069 0
1400 4425 3069 0

-1400 4425 -3069 0
-1400 4425 3069 0

1400 4605 3069 0
-1400 4605 3069 0

1400 4605 -3069 0
-1400 4605 -3069 0

1400 4605 3069 0
1400 4605 -3069 0

-1400 4605 3069 0
-1400 4605 -3069 0

1400 -4605 -3069 0
1400 -4515 -3069 0

1400 -4515 -3069 0
1400 -4470 -3069 0
1400 -4425 -3069 0

1400 -4425 -3069 0

-1400 -4605 -3069 0
-1400 -4425 -3069 0

1400 -4605 -3069 0
-1400 -4605 -3069 0

1400 -4425 -3069 0
-1400 -4425 -3069 0

-1400 -4605 3069 0
-1400 -4425 3069 0

1400 -4605 3069 0
1400 -4425 3069 0

-1400 -4605 3069 0
1400 -4605 3069 0

-1400 -4425 3069 0
1400 -4425 3069 0

-1400 -4605 -3069 0
-1400 -4425 -3069 0

-1400 -4605 3069 0
-1400 -4425 3069 0

-1400 -4605 -3069 0
-1400 -4605 3069 0

-1400 -4425 -3069 0
-1400 -4425 3069 0

1400 -4605 3069 0
1400 -4425 3069 0

1400 -4605 -3069 0
1400 -4425 -3069 0

1400 -4605 3069 0
1400 -4605 -3069 0

1400 -4425 3069 0
1400 -4425 -3069 0

1400 -4605 -3069 0
-1400 -4605 -3069 0

1400 -4605 3069 0
-1400 -4605 3069 0

1400 -4605 -3069 0
1400 -4605 3069 0

-1400 -4605 -3069 0
-1400 -4605 3069 0

1400 -4425 3069 0
-1400 -4425 3069 0

1400 -4425 -3069 0
-1400 -4425 -3069 0

1400 -4425 3069 0
1400 -4425 -3069 0

-1400 -4425 3069 0
-1400 -4425 -3069 0

# end of label='black'
