# Temporary file generated by the 'geomtools::gnuplot_drawer'
# class for visualization.
# label='grey'
1926 -4275 -3069 0
1926 0 -3069 0

1926 0 -3069 0
1926 2137.5 -3069 0
1926 4275 -3069 0

1926 4275 -3069 0

1536 -4275 -3069 0
1536 4275 -3069 0

1926 -4275 -3069 0
1536 -4275 -3069 0

1926 4275 -3069 0
1536 4275 -3069 0

1536 -4275 3069 0
1536 4275 3069 0

1926 -4275 3069 0
1926 4275 3069 0

1536 -4275 3069 0
1926 -4275 3069 0

1536 4275 3069 0
1926 4275 3069 0

1536 -4275 -3069 0
1536 4275 -3069 0

1536 -4275 3069 0
1536 4275 3069 0

1536 -4275 -3069 0
1536 -4275 3069 0

1536 4275 -3069 0
1536 4275 3069 0

1926 -4275 3069 0
1926 4275 3069 0

1926 -4275 -3069 0
1926 4275 -3069 0

1926 -4275 3069 0
1926 -4275 -3069 0

1926 4275 3069 0
1926 4275 -3069 0

1926 -4275 -3069 0
1536 -4275 -3069 0

1926 -4275 3069 0
1536 -4275 3069 0

1926 -4275 -3069 0
1926 -4275 3069 0

1536 -4275 -3069 0
1536 -4275 3069 0

1926 4275 3069 0
1536 4275 3069 0

1926 4275 -3069 0
1536 4275 -3069 0

1926 4275 3069 0
1926 4275 -3069 0

1536 4275 3069 0
1536 4275 -3069 0

2430 -3568 -3069 0
2430 0 -3069 0

2430 0 -3069 0
2430 1784 -3069 0
2430 3568 -3069 0

2430 3568 -3069 0

1926 -3568 -3069 0
1926 3568 -3069 0

2430 -3568 -3069 0
1926 -3568 -3069 0

2430 3568 -3069 0
1926 3568 -3069 0

1926 -3568 3069 0
1926 3568 3069 0

2430 -3568 3069 0
2430 3568 3069 0

1926 -3568 3069 0
2430 -3568 3069 0

1926 3568 3069 0
2430 3568 3069 0

1926 -3568 -3069 0
1926 3568 -3069 0

1926 -3568 3069 0
1926 3568 3069 0

1926 -3568 -3069 0
1926 -3568 3069 0

1926 3568 -3069 0
1926 3568 3069 0

2430 -3568 3069 0
2430 3568 3069 0

2430 -3568 -3069 0
2430 3568 -3069 0

2430 -3568 3069 0
2430 -3568 -3069 0

2430 3568 3069 0
2430 3568 -3069 0

2430 -3568 -3069 0
1926 -3568 -3069 0

2430 -3568 3069 0
1926 -3568 3069 0

2430 -3568 -3069 0
2430 -3568 3069 0

1926 -3568 -3069 0
1926 -3568 3069 0

2430 3568 3069 0
1926 3568 3069 0

2430 3568 -3069 0
1926 3568 -3069 0

2430 3568 3069 0
2430 3568 -3069 0

1926 3568 3069 0
1926 3568 -3069 0

2271 231 2583 0
2271 1304 2583 0

2271 1304 2583 0
2271 1840.5 2583 0
2271 2377 2583 0

2271 2377 2583 0

2085 231 2583 0
2085 2377 2583 0

2271 231 2583 0
2085 231 2583 0

2271 2377 2583 0
2085 2377 2583 0

2085 231 3087 0
2085 2377 3087 0

2271 231 3087 0
2271 2377 3087 0

2085 231 3087 0
2271 231 3087 0

2085 2377 3087 0
2271 2377 3087 0

2085 231 2583 0
2085 2377 2583 0

2085 231 3087 0
2085 2377 3087 0

2085 231 2583 0
2085 231 3087 0

2085 2377 2583 0
2085 2377 3087 0

2271 231 3087 0
2271 2377 3087 0

2271 231 2583 0
2271 2377 2583 0

2271 231 3087 0
2271 231 2583 0

2271 2377 3087 0
2271 2377 2583 0

2271 231 2583 0
2085 231 2583 0

2271 231 3087 0
2085 231 3087 0

2271 231 2583 0
2271 231 3087 0

2085 231 2583 0
2085 231 3087 0

2271 2377 3087 0
2085 2377 3087 0

2271 2377 2583 0
2085 2377 2583 0

2271 2377 3087 0
2271 2377 2583 0

2085 2377 3087 0
2085 2377 2583 0

2271 -2377 2583 0
2271 -1304 2583 0

2271 -1304 2583 0
2271 -767.5 2583 0
2271 -231 2583 0

2271 -231 2583 0

2085 -2377 2583 0
2085 -231 2583 0

2271 -2377 2583 0
2085 -2377 2583 0

2271 -231 2583 0
2085 -231 2583 0

2085 -2377 3087 0
2085 -231 3087 0

2271 -2377 3087 0
2271 -231 3087 0

2085 -2377 3087 0
2271 -2377 3087 0

2085 -231 3087 0
2271 -231 3087 0

2085 -2377 2583 0
2085 -231 2583 0

2085 -2377 3087 0
2085 -231 3087 0

2085 -2377 2583 0
2085 -2377 3087 0

2085 -231 2583 0
2085 -231 3087 0

2271 -2377 3087 0
2271 -231 3087 0

2271 -2377 2583 0
2271 -231 2583 0

2271 -2377 3087 0
2271 -2377 2583 0

2271 -231 3087 0
2271 -231 2583 0

2271 -2377 2583 0
2085 -2377 2583 0

2271 -2377 3087 0
2085 -2377 3087 0

2271 -2377 2583 0
2271 -2377 3087 0

2085 -2377 2583 0
2085 -2377 3087 0

2271 -231 3087 0
2085 -231 3087 0

2271 -231 2583 0
2085 -231 2583 0

2271 -231 3087 0
2271 -231 2583 0

2085 -231 3087 0
2085 -231 2583 0

1926 -2700.5 3069 0
1926 -2608 3069 0

1926 -2608 3069 0
1926 -2561.75 3069 0
1926 -2515.5 3069 0

1926 -2515.5 3069 0

2430 -2700.5 3069 0
2430 -2515.5 3069 0

1926 -2700.5 3069 0
2430 -2700.5 3069 0

1926 -2515.5 3069 0
2430 -2515.5 3069 0

2430 -2700.5 -3069 0
2430 -2515.5 -3069 0

1926 -2700.5 -3069 0
1926 -2515.5 -3069 0

2430 -2700.5 -3069 0
1926 -2700.5 -3069 0

2430 -2515.5 -3069 0
1926 -2515.5 -3069 0

2430 -2700.5 3069 0
2430 -2515.5 3069 0

2430 -2700.5 -3069 0
2430 -2515.5 -3069 0

2430 -2700.5 3069 0
2430 -2700.5 -3069 0

2430 -2515.5 3069 0
2430 -2515.5 -3069 0

1926 -2700.5 -3069 0
1926 -2515.5 -3069 0

1926 -2700.5 3069 0
1926 -2515.5 3069 0

1926 -2700.5 -3069 0
1926 -2700.5 3069 0

1926 -2515.5 -3069 0
1926 -2515.5 3069 0

1926 -2700.5 3069 0
2430 -2700.5 3069 0

1926 -2700.5 -3069 0
2430 -2700.5 -3069 0

1926 -2700.5 3069 0
1926 -2700.5 -3069 0

2430 -2700.5 3069 0
2430 -2700.5 -3069 0

1926 -2515.5 -3069 0
2430 -2515.5 -3069 0

1926 -2515.5 3069 0
2430 -2515.5 3069 0

1926 -2515.5 -3069 0
1926 -2515.5 3069 0

2430 -2515.5 -3069 0
2430 -2515.5 3069 0

1926 -92.5 3069 0
1926 0 3069 0

1926 0 3069 0
1926 46.25 3069 0
1926 92.5 3069 0

1926 92.5 3069 0

2430 -92.5 3069 0
2430 92.5 3069 0

1926 -92.5 3069 0
2430 -92.5 3069 0

1926 92.5 3069 0
2430 92.5 3069 0

2430 -92.5 -3069 0
2430 92.5 -3069 0

1926 -92.5 -3069 0
1926 92.5 -3069 0

2430 -92.5 -3069 0
1926 -92.5 -3069 0

2430 92.5 -3069 0
1926 92.5 -3069 0

2430 -92.5 3069 0
2430 92.5 3069 0

2430 -92.5 -3069 0
2430 92.5 -3069 0

2430 -92.5 3069 0
2430 -92.5 -3069 0

2430 92.5 3069 0
2430 92.5 -3069 0

1926 -92.5 -3069 0
1926 92.5 -3069 0

1926 -92.5 3069 0
1926 92.5 3069 0

1926 -92.5 -3069 0
1926 -92.5 3069 0

1926 92.5 -3069 0
1926 92.5 3069 0

1926 -92.5 3069 0
2430 -92.5 3069 0

1926 -92.5 -3069 0
2430 -92.5 -3069 0

1926 -92.5 3069 0
1926 -92.5 -3069 0

2430 -92.5 3069 0
2430 -92.5 -3069 0

1926 92.5 -3069 0
2430 92.5 -3069 0

1926 92.5 3069 0
2430 92.5 3069 0

1926 92.5 -3069 0
1926 92.5 3069 0

2430 92.5 -3069 0
2430 92.5 3069 0

1926 2515.5 3069 0
1926 2608 3069 0

1926 2608 3069 0
1926 2654.25 3069 0
1926 2700.5 3069 0

1926 2700.5 3069 0

2430 2515.5 3069 0
2430 2700.5 3069 0

1926 2515.5 3069 0
2430 2515.5 3069 0

1926 2700.5 3069 0
2430 2700.5 3069 0

2430 2515.5 -3069 0
2430 2700.5 -3069 0

1926 2515.5 -3069 0
1926 2700.5 -3069 0

2430 2515.5 -3069 0
1926 2515.5 -3069 0

2430 2700.5 -3069 0
1926 2700.5 -3069 0

2430 2515.5 3069 0
2430 2700.5 3069 0

2430 2515.5 -3069 0
2430 2700.5 -3069 0

2430 2515.5 3069 0
2430 2515.5 -3069 0

2430 2700.5 3069 0
2430 2700.5 -3069 0

1926 2515.5 -3069 0
1926 2700.5 -3069 0

1926 2515.5 3069 0
1926 2700.5 3069 0

1926 2515.5 -3069 0
1926 2515.5 3069 0

1926 2700.5 -3069 0
1926 2700.5 3069 0

1926 2515.5 3069 0
2430 2515.5 3069 0

1926 2515.5 -3069 0
2430 2515.5 -3069 0

1926 2515.5 3069 0
1926 2515.5 -3069 0

2430 2515.5 3069 0
2430 2515.5 -3069 0

1926 2700.5 -3069 0
2430 2700.5 -3069 0

1926 2700.5 3069 0
2430 2700.5 3069 0

1926 2700.5 -3069 0
1926 2700.5 3069 0

2430 2700.5 -3069 0
2430 2700.5 3069 0

# end of label='grey'
