# Temporary file generated by the 'geomtools::gnuplot_drawer'
# class for visualization.
# label='orange'
-934 -2500 -1666.5 0
-934 -4.54747350886464e-13 -1666.5 0

-934 -4.54747350886464e-13 -1666.5 0
-934 1250 -1666.5 0
-934 2500 -1666.5 0

-934 2500 -1666.5 0

-944 -2500 -1666.5 0
-944 2500 -1666.5 0

-934 -2500 -1666.5 0
-944 -2500 -1666.5 0

-934 2500 -1666.5 0
-944 2500 -1666.5 0

-944 -2500 -1333.5 0
-944 2500 -1333.5 0

-934 -2500 -1333.5 0
-934 2500 -1333.5 0

-944 -2500 -1333.5 0
-934 -2500 -1333.5 0

-944 2500 -1333.5 0
-934 2500 -1333.5 0

-944 -2500 -1666.5 0
-944 2500 -1666.5 0

-944 -2500 -1333.5 0
-944 2500 -1333.5 0

-944 -2500 -1666.5 0
-944 -2500 -1333.5 0

-944 2500 -1666.5 0
-944 2500 -1333.5 0

-934 -2500 -1333.5 0
-934 2500 -1333.5 0

-934 -2500 -1666.5 0
-934 2500 -1666.5 0

-934 -2500 -1333.5 0
-934 -2500 -1666.5 0

-934 2500 -1333.5 0
-934 2500 -1666.5 0

-934 -2500 -1666.5 0
-944 -2500 -1666.5 0

-934 -2500 -1333.5 0
-944 -2500 -1333.5 0

-934 -2500 -1666.5 0
-934 -2500 -1333.5 0

-944 -2500 -1666.5 0
-944 -2500 -1333.5 0

-934 2500 -1333.5 0
-944 2500 -1333.5 0

-934 2500 -1666.5 0
-944 2500 -1666.5 0

-934 2500 -1333.5 0
-934 2500 -1666.5 0

-944 2500 -1333.5 0
-944 2500 -1666.5 0

-934 -2500 -166.5 0
-934 -4.54747350886464e-13 -166.5 0

-934 -4.54747350886464e-13 -166.5 0
-934 1250 -166.5 0
-934 2500 -166.5 0

-934 2500 -166.5 0

-944 -2500 -166.5 0
-944 2500 -166.5 0

-934 -2500 -166.5 0
-944 -2500 -166.5 0

-934 2500 -166.5 0
-944 2500 -166.5 0

-944 -2500 166.5 0
-944 2500 166.5 0

-934 -2500 166.5 0
-934 2500 166.5 0

-944 -2500 166.5 0
-934 -2500 166.5 0

-944 2500 166.5 0
-934 2500 166.5 0

-944 -2500 -166.5 0
-944 2500 -166.5 0

-944 -2500 166.5 0
-944 2500 166.5 0

-944 -2500 -166.5 0
-944 -2500 166.5 0

-944 2500 -166.5 0
-944 2500 166.5 0

-934 -2500 166.5 0
-934 2500 166.5 0

-934 -2500 -166.5 0
-934 2500 -166.5 0

-934 -2500 166.5 0
-934 -2500 -166.5 0

-934 2500 166.5 0
-934 2500 -166.5 0

-934 -2500 -166.5 0
-944 -2500 -166.5 0

-934 -2500 166.5 0
-944 -2500 166.5 0

-934 -2500 -166.5 0
-934 -2500 166.5 0

-944 -2500 -166.5 0
-944 -2500 166.5 0

-934 2500 166.5 0
-944 2500 166.5 0

-934 2500 -166.5 0
-944 2500 -166.5 0

-934 2500 166.5 0
-934 2500 -166.5 0

-944 2500 166.5 0
-944 2500 -166.5 0

-934 -2500 1333.5 0
-934 -4.54747350886464e-13 1333.5 0

-934 -4.54747350886464e-13 1333.5 0
-934 1250 1333.5 0
-934 2500 1333.5 0

-934 2500 1333.5 0

-944 -2500 1333.5 0
-944 2500 1333.5 0

-934 -2500 1333.5 0
-944 -2500 1333.5 0

-934 2500 1333.5 0
-944 2500 1333.5 0

-944 -2500 1666.5 0
-944 2500 1666.5 0

-934 -2500 1666.5 0
-934 2500 1666.5 0

-944 -2500 1666.5 0
-934 -2500 1666.5 0

-944 2500 1666.5 0
-934 2500 1666.5 0

-944 -2500 1333.5 0
-944 2500 1333.5 0

-944 -2500 1666.5 0
-944 2500 1666.5 0

-944 -2500 1333.5 0
-944 -2500 1666.5 0

-944 2500 1333.5 0
-944 2500 1666.5 0

-934 -2500 1666.5 0
-934 2500 1666.5 0

-934 -2500 1333.5 0
-934 2500 1333.5 0

-934 -2500 1666.5 0
-934 -2500 1333.5 0

-934 2500 1666.5 0
-934 2500 1333.5 0

-934 -2500 1333.5 0
-944 -2500 1333.5 0

-934 -2500 1666.5 0
-944 -2500 1666.5 0

-934 -2500 1333.5 0
-934 -2500 1666.5 0

-944 -2500 1333.5 0
-944 -2500 1666.5 0

-934 2500 1666.5 0
-944 2500 1666.5 0

-934 2500 1333.5 0
-944 2500 1333.5 0

-934 2500 1666.5 0
-934 2500 1333.5 0

-944 2500 1666.5 0
-944 2500 1333.5 0

-944 -216.5 -24000 0
-944 -50.0000000000005 -24000 0

-944 -50.0000000000005 -24000 0
-944 33.2499999999995 -24000 0
-944 116.5 -24000 0

-944 116.5 -24000 0

-954 -216.5 -24000 0
-954 116.5 -24000 0

-944 -216.5 -24000 0
-954 -216.5 -24000 0

-944 116.5 -24000 0
-954 116.5 -24000 0

-954 -216.5 -20000 0
-954 116.5 -20000 0

-944 -216.5 -20000 0
-944 116.5 -20000 0

-954 -216.5 -20000 0
-944 -216.5 -20000 0

-954 116.5 -20000 0
-944 116.5 -20000 0

-954 -216.5 -24000 0
-954 116.5 -24000 0

-954 -216.5 -20000 0
-954 116.5 -20000 0

-954 -216.5 -24000 0
-954 -216.5 -20000 0

-954 116.5 -24000 0
-954 116.5 -20000 0

-944 -216.5 -20000 0
-944 116.5 -20000 0

-944 -216.5 -24000 0
-944 116.5 -24000 0

-944 -216.5 -20000 0
-944 -216.5 -24000 0

-944 116.5 -20000 0
-944 116.5 -24000 0

-944 -216.5 -24000 0
-954 -216.5 -24000 0

-944 -216.5 -20000 0
-954 -216.5 -20000 0

-944 -216.5 -24000 0
-944 -216.5 -20000 0

-954 -216.5 -24000 0
-954 -216.5 -20000 0

-944 116.5 -20000 0
-954 116.5 -20000 0

-944 116.5 -24000 0
-954 116.5 -24000 0

-944 116.5 -20000 0
-944 116.5 -24000 0

-954 116.5 -20000 0
-954 116.5 -24000 0

-944 116.5 -24000 0
-944 166.5 -24000 0

-944 166.5 -24000 0
-944 191.5 -24000 0
-944 216.5 -24000 0

-944 216.5 -24000 0

-954 116.5 -24000 0
-954 216.5 -24000 0

-944 116.5 -24000 0
-954 116.5 -24000 0

-944 216.5 -24000 0
-954 216.5 -24000 0

-954 116.5 -20000 0
-954 216.5 -20000 0

-944 116.5 -20000 0
-944 216.5 -20000 0

-954 116.5 -20000 0
-944 116.5 -20000 0

-954 216.5 -20000 0
-944 216.5 -20000 0

-954 116.5 -24000 0
-954 216.5 -24000 0

-954 116.5 -20000 0
-954 216.5 -20000 0

-954 116.5 -24000 0
-954 116.5 -20000 0

-954 216.5 -24000 0
-954 216.5 -20000 0

-944 116.5 -20000 0
-944 216.5 -20000 0

-944 116.5 -24000 0
-944 216.5 -24000 0

-944 116.5 -20000 0
-944 116.5 -24000 0

-944 216.5 -20000 0
-944 216.5 -24000 0

-944 116.5 -24000 0
-954 116.5 -24000 0

-944 116.5 -20000 0
-954 116.5 -20000 0

-944 116.5 -24000 0
-944 116.5 -20000 0

-954 116.5 -24000 0
-954 116.5 -20000 0

-944 216.5 -20000 0
-954 216.5 -20000 0

-944 216.5 -24000 0
-954 216.5 -24000 0

-944 216.5 -20000 0
-944 216.5 -24000 0

-954 216.5 -20000 0
-954 216.5 -24000 0

-944 -216.5 -20000 0
-944 -50.0000000000005 -20000 0

-944 -50.0000000000005 -20000 0
-944 33.2499999999995 -20000 0
-944 116.5 -20000 0

-944 116.5 -20000 0

-954 -216.5 -20000 0
-954 116.5 -20000 0

-944 -216.5 -20000 0
-954 -216.5 -20000 0

-944 116.5 -20000 0
-954 116.5 -20000 0

-954 -216.5 -16000 0
-954 116.5 -16000 0

-944 -216.5 -16000 0
-944 116.5 -16000 0

-954 -216.5 -16000 0
-944 -216.5 -16000 0

-954 116.5 -16000 0
-944 116.5 -16000 0

-954 -216.5 -20000 0
-954 116.5 -20000 0

-954 -216.5 -16000 0
-954 116.5 -16000 0

-954 -216.5 -20000 0
-954 -216.5 -16000 0

-954 116.5 -20000 0
-954 116.5 -16000 0

-944 -216.5 -16000 0
-944 116.5 -16000 0

-944 -216.5 -20000 0
-944 116.5 -20000 0

-944 -216.5 -16000 0
-944 -216.5 -20000 0

-944 116.5 -16000 0
-944 116.5 -20000 0

-944 -216.5 -20000 0
-954 -216.5 -20000 0

-944 -216.5 -16000 0
-954 -216.5 -16000 0

-944 -216.5 -20000 0
-944 -216.5 -16000 0

-954 -216.5 -20000 0
-954 -216.5 -16000 0

-944 116.5 -16000 0
-954 116.5 -16000 0

-944 116.5 -20000 0
-954 116.5 -20000 0

-944 116.5 -16000 0
-944 116.5 -20000 0

-954 116.5 -16000 0
-954 116.5 -20000 0

-944 116.5 -20000 0
-944 166.5 -20000 0

-944 166.5 -20000 0
-944 191.5 -20000 0
-944 216.5 -20000 0

-944 216.5 -20000 0

-954 116.5 -20000 0
-954 216.5 -20000 0

-944 116.5 -20000 0
-954 116.5 -20000 0

-944 216.5 -20000 0
-954 216.5 -20000 0

-954 116.5 -16000 0
-954 216.5 -16000 0

-944 116.5 -16000 0
-944 216.5 -16000 0

-954 116.5 -16000 0
-944 116.5 -16000 0

-954 216.5 -16000 0
-944 216.5 -16000 0

-954 116.5 -20000 0
-954 216.5 -20000 0

-954 116.5 -16000 0
-954 216.5 -16000 0

-954 116.5 -20000 0
-954 116.5 -16000 0

-954 216.5 -20000 0
-954 216.5 -16000 0

-944 116.5 -16000 0
-944 216.5 -16000 0

-944 116.5 -20000 0
-944 216.5 -20000 0

-944 116.5 -16000 0
-944 116.5 -20000 0

-944 216.5 -16000 0
-944 216.5 -20000 0

-944 116.5 -20000 0
-954 116.5 -20000 0

-944 116.5 -16000 0
-954 116.5 -16000 0

-944 116.5 -20000 0
-944 116.5 -16000 0

-954 116.5 -20000 0
-954 116.5 -16000 0

-944 216.5 -16000 0
-954 216.5 -16000 0

-944 216.5 -20000 0
-954 216.5 -20000 0

-944 216.5 -16000 0
-944 216.5 -20000 0

-954 216.5 -16000 0
-954 216.5 -20000 0

-944 -216.5 -16000 0
-944 -50.0000000000005 -16000 0

-944 -50.0000000000005 -16000 0
-944 33.2499999999995 -16000 0
-944 116.5 -16000 0

-944 116.5 -16000 0

-954 -216.5 -16000 0
-954 116.5 -16000 0

-944 -216.5 -16000 0
-954 -216.5 -16000 0

-944 116.5 -16000 0
-954 116.5 -16000 0

-954 -216.5 -12000 0
-954 116.5 -12000 0

-944 -216.5 -12000 0
-944 116.5 -12000 0

-954 -216.5 -12000 0
-944 -216.5 -12000 0

-954 116.5 -12000 0
-944 116.5 -12000 0

-954 -216.5 -16000 0
-954 116.5 -16000 0

-954 -216.5 -12000 0
-954 116.5 -12000 0

-954 -216.5 -16000 0
-954 -216.5 -12000 0

-954 116.5 -16000 0
-954 116.5 -12000 0

-944 -216.5 -12000 0
-944 116.5 -12000 0

-944 -216.5 -16000 0
-944 116.5 -16000 0

-944 -216.5 -12000 0
-944 -216.5 -16000 0

-944 116.5 -12000 0
-944 116.5 -16000 0

-944 -216.5 -16000 0
-954 -216.5 -16000 0

-944 -216.5 -12000 0
-954 -216.5 -12000 0

-944 -216.5 -16000 0
-944 -216.5 -12000 0

-954 -216.5 -16000 0
-954 -216.5 -12000 0

-944 116.5 -12000 0
-954 116.5 -12000 0

-944 116.5 -16000 0
-954 116.5 -16000 0

-944 116.5 -12000 0
-944 116.5 -16000 0

-954 116.5 -12000 0
-954 116.5 -16000 0

-944 116.5 -16000 0
-944 166.5 -16000 0

-944 166.5 -16000 0
-944 191.5 -16000 0
-944 216.5 -16000 0

-944 216.5 -16000 0

-954 116.5 -16000 0
-954 216.5 -16000 0

-944 116.5 -16000 0
-954 116.5 -16000 0

-944 216.5 -16000 0
-954 216.5 -16000 0

-954 116.5 -12000 0
-954 216.5 -12000 0

-944 116.5 -12000 0
-944 216.5 -12000 0

-954 116.5 -12000 0
-944 116.5 -12000 0

-954 216.5 -12000 0
-944 216.5 -12000 0

-954 116.5 -16000 0
-954 216.5 -16000 0

-954 116.5 -12000 0
-954 216.5 -12000 0

-954 116.5 -16000 0
-954 116.5 -12000 0

-954 216.5 -16000 0
-954 216.5 -12000 0

-944 116.5 -12000 0
-944 216.5 -12000 0

-944 116.5 -16000 0
-944 216.5 -16000 0

-944 116.5 -12000 0
-944 116.5 -16000 0

-944 216.5 -12000 0
-944 216.5 -16000 0

-944 116.5 -16000 0
-954 116.5 -16000 0

-944 116.5 -12000 0
-954 116.5 -12000 0

-944 116.5 -16000 0
-944 116.5 -12000 0

-954 116.5 -16000 0
-954 116.5 -12000 0

-944 216.5 -12000 0
-954 216.5 -12000 0

-944 216.5 -16000 0
-954 216.5 -16000 0

-944 216.5 -12000 0
-944 216.5 -16000 0

-954 216.5 -12000 0
-954 216.5 -16000 0

-944 -216.5 -12000 0
-944 -50.0000000000005 -12000 0

-944 -50.0000000000005 -12000 0
-944 33.2499999999995 -12000 0
-944 116.5 -12000 0

-944 116.5 -12000 0

-954 -216.5 -12000 0
-954 116.5 -12000 0

-944 -216.5 -12000 0
-954 -216.5 -12000 0

-944 116.5 -12000 0
-954 116.5 -12000 0

-954 -216.5 -8000 0
-954 116.5 -8000 0

-944 -216.5 -8000 0
-944 116.5 -8000 0

-954 -216.5 -8000 0
-944 -216.5 -8000 0

-954 116.5 -8000 0
-944 116.5 -8000 0

-954 -216.5 -12000 0
-954 116.5 -12000 0

-954 -216.5 -8000 0
-954 116.5 -8000 0

-954 -216.5 -12000 0
-954 -216.5 -8000 0

-954 116.5 -12000 0
-954 116.5 -8000 0

-944 -216.5 -8000 0
-944 116.5 -8000 0

-944 -216.5 -12000 0
-944 116.5 -12000 0

-944 -216.5 -8000 0
-944 -216.5 -12000 0

-944 116.5 -8000 0
-944 116.5 -12000 0

-944 -216.5 -12000 0
-954 -216.5 -12000 0

-944 -216.5 -8000 0
-954 -216.5 -8000 0

-944 -216.5 -12000 0
-944 -216.5 -8000 0

-954 -216.5 -12000 0
-954 -216.5 -8000 0

-944 116.5 -8000 0
-954 116.5 -8000 0

-944 116.5 -12000 0
-954 116.5 -12000 0

-944 116.5 -8000 0
-944 116.5 -12000 0

-954 116.5 -8000 0
-954 116.5 -12000 0

-944 116.5 -12000 0
-944 166.5 -12000 0

-944 166.5 -12000 0
-944 191.5 -12000 0
-944 216.5 -12000 0

-944 216.5 -12000 0

-954 116.5 -12000 0
-954 216.5 -12000 0

-944 116.5 -12000 0
-954 116.5 -12000 0

-944 216.5 -12000 0
-954 216.5 -12000 0

-954 116.5 -8000 0
-954 216.5 -8000 0

-944 116.5 -8000 0
-944 216.5 -8000 0

-954 116.5 -8000 0
-944 116.5 -8000 0

-954 216.5 -8000 0
-944 216.5 -8000 0

-954 116.5 -12000 0
-954 216.5 -12000 0

-954 116.5 -8000 0
-954 216.5 -8000 0

-954 116.5 -12000 0
-954 116.5 -8000 0

-954 216.5 -12000 0
-954 216.5 -8000 0

-944 116.5 -8000 0
-944 216.5 -8000 0

-944 116.5 -12000 0
-944 216.5 -12000 0

-944 116.5 -8000 0
-944 116.5 -12000 0

-944 216.5 -8000 0
-944 216.5 -12000 0

-944 116.5 -12000 0
-954 116.5 -12000 0

-944 116.5 -8000 0
-954 116.5 -8000 0

-944 116.5 -12000 0
-944 116.5 -8000 0

-954 116.5 -12000 0
-954 116.5 -8000 0

-944 216.5 -8000 0
-954 216.5 -8000 0

-944 216.5 -12000 0
-954 216.5 -12000 0

-944 216.5 -8000 0
-944 216.5 -12000 0

-954 216.5 -8000 0
-954 216.5 -12000 0

-944 -216.5 -8000 0
-944 -50.0000000000005 -8000 0

-944 -50.0000000000005 -8000 0
-944 33.2499999999995 -8000 0
-944 116.5 -8000 0

-944 116.5 -8000 0

-954 -216.5 -8000 0
-954 116.5 -8000 0

-944 -216.5 -8000 0
-954 -216.5 -8000 0

-944 116.5 -8000 0
-954 116.5 -8000 0

-954 -216.5 -4000 0
-954 116.5 -4000 0

-944 -216.5 -4000 0
-944 116.5 -4000 0

-954 -216.5 -4000 0
-944 -216.5 -4000 0

-954 116.5 -4000 0
-944 116.5 -4000 0

-954 -216.5 -8000 0
-954 116.5 -8000 0

-954 -216.5 -4000 0
-954 116.5 -4000 0

-954 -216.5 -8000 0
-954 -216.5 -4000 0

-954 116.5 -8000 0
-954 116.5 -4000 0

-944 -216.5 -4000 0
-944 116.5 -4000 0

-944 -216.5 -8000 0
-944 116.5 -8000 0

-944 -216.5 -4000 0
-944 -216.5 -8000 0

-944 116.5 -4000 0
-944 116.5 -8000 0

-944 -216.5 -8000 0
-954 -216.5 -8000 0

-944 -216.5 -4000 0
-954 -216.5 -4000 0

-944 -216.5 -8000 0
-944 -216.5 -4000 0

-954 -216.5 -8000 0
-954 -216.5 -4000 0

-944 116.5 -4000 0
-954 116.5 -4000 0

-944 116.5 -8000 0
-954 116.5 -8000 0

-944 116.5 -4000 0
-944 116.5 -8000 0

-954 116.5 -4000 0
-954 116.5 -8000 0

-944 116.5 -8000 0
-944 166.5 -8000 0

-944 166.5 -8000 0
-944 191.5 -8000 0
-944 216.5 -8000 0

-944 216.5 -8000 0

-954 116.5 -8000 0
-954 216.5 -8000 0

-944 116.5 -8000 0
-954 116.5 -8000 0

-944 216.5 -8000 0
-954 216.5 -8000 0

-954 116.5 -4000 0
-954 216.5 -4000 0

-944 116.5 -4000 0
-944 216.5 -4000 0

-954 116.5 -4000 0
-944 116.5 -4000 0

-954 216.5 -4000 0
-944 216.5 -4000 0

-954 116.5 -8000 0
-954 216.5 -8000 0

-954 116.5 -4000 0
-954 216.5 -4000 0

-954 116.5 -8000 0
-954 116.5 -4000 0

-954 216.5 -8000 0
-954 216.5 -4000 0

-944 116.5 -4000 0
-944 216.5 -4000 0

-944 116.5 -8000 0
-944 216.5 -8000 0

-944 116.5 -4000 0
-944 116.5 -8000 0

-944 216.5 -4000 0
-944 216.5 -8000 0

-944 116.5 -8000 0
-954 116.5 -8000 0

-944 116.5 -4000 0
-954 116.5 -4000 0

-944 116.5 -8000 0
-944 116.5 -4000 0

-954 116.5 -8000 0
-954 116.5 -4000 0

-944 216.5 -4000 0
-954 216.5 -4000 0

-944 216.5 -8000 0
-954 216.5 -8000 0

-944 216.5 -4000 0
-944 216.5 -8000 0

-954 216.5 -4000 0
-954 216.5 -8000 0

-944 -216.5 -4000 0
-944 -50.0000000000005 -4000 0

-944 -50.0000000000005 -4000 0
-944 33.2499999999995 -4000 0
-944 116.5 -4000 0

-944 116.5 -4000 0

-954 -216.5 -4000 0
-954 116.5 -4000 0

-944 -216.5 -4000 0
-954 -216.5 -4000 0

-944 116.5 -4000 0
-954 116.5 -4000 0

-954 -216.5 0 0
-954 116.5 0 0

-944 -216.5 0 0
-944 116.5 0 0

-954 -216.5 0 0
-944 -216.5 0 0

-954 116.5 0 0
-944 116.5 0 0

-954 -216.5 -4000 0
-954 116.5 -4000 0

-954 -216.5 0 0
-954 116.5 0 0

-954 -216.5 -4000 0
-954 -216.5 0 0

-954 116.5 -4000 0
-954 116.5 0 0

-944 -216.5 0 0
-944 116.5 0 0

-944 -216.5 -4000 0
-944 116.5 -4000 0

-944 -216.5 0 0
-944 -216.5 -4000 0

-944 116.5 0 0
-944 116.5 -4000 0

-944 -216.5 -4000 0
-954 -216.5 -4000 0

-944 -216.5 0 0
-954 -216.5 0 0

-944 -216.5 -4000 0
-944 -216.5 0 0

-954 -216.5 -4000 0
-954 -216.5 0 0

-944 116.5 0 0
-954 116.5 0 0

-944 116.5 -4000 0
-954 116.5 -4000 0

-944 116.5 0 0
-944 116.5 -4000 0

-954 116.5 0 0
-954 116.5 -4000 0

-944 116.5 -4000 0
-944 166.5 -4000 0

-944 166.5 -4000 0
-944 191.5 -4000 0
-944 216.5 -4000 0

-944 216.5 -4000 0

-954 116.5 -4000 0
-954 216.5 -4000 0

-944 116.5 -4000 0
-954 116.5 -4000 0

-944 216.5 -4000 0
-954 216.5 -4000 0

-954 116.5 0 0
-954 216.5 0 0

-944 116.5 0 0
-944 216.5 0 0

-954 116.5 0 0
-944 116.5 0 0

-954 216.5 0 0
-944 216.5 0 0

-954 116.5 -4000 0
-954 216.5 -4000 0

-954 116.5 0 0
-954 216.5 0 0

-954 116.5 -4000 0
-954 116.5 0 0

-954 216.5 -4000 0
-954 216.5 0 0

-944 116.5 0 0
-944 216.5 0 0

-944 116.5 -4000 0
-944 216.5 -4000 0

-944 116.5 0 0
-944 116.5 -4000 0

-944 216.5 0 0
-944 216.5 -4000 0

-944 116.5 -4000 0
-954 116.5 -4000 0

-944 116.5 0 0
-954 116.5 0 0

-944 116.5 -4000 0
-944 116.5 0 0

-954 116.5 -4000 0
-954 116.5 0 0

-944 216.5 0 0
-954 216.5 0 0

-944 216.5 -4000 0
-954 216.5 -4000 0

-944 216.5 0 0
-944 216.5 -4000 0

-954 216.5 0 0
-954 216.5 -4000 0

-944 -216.5 0 0
-944 -50.0000000000005 0 0

-944 -50.0000000000005 0 0
-944 33.2499999999995 0 0
-944 116.5 0 0

-944 116.5 0 0

-954 -216.5 0 0
-954 116.5 0 0

-944 -216.5 0 0
-954 -216.5 0 0

-944 116.5 0 0
-954 116.5 0 0

-954 -216.5 4000 0
-954 116.5 4000 0

-944 -216.5 4000 0
-944 116.5 4000 0

-954 -216.5 4000 0
-944 -216.5 4000 0

-954 116.5 4000 0
-944 116.5 4000 0

-954 -216.5 0 0
-954 116.5 0 0

-954 -216.5 4000 0
-954 116.5 4000 0

-954 -216.5 0 0
-954 -216.5 4000 0

-954 116.5 0 0
-954 116.5 4000 0

-944 -216.5 4000 0
-944 116.5 4000 0

-944 -216.5 0 0
-944 116.5 0 0

-944 -216.5 4000 0
-944 -216.5 0 0

-944 116.5 4000 0
-944 116.5 0 0

-944 -216.5 0 0
-954 -216.5 0 0

-944 -216.5 4000 0
-954 -216.5 4000 0

-944 -216.5 0 0
-944 -216.5 4000 0

-954 -216.5 0 0
-954 -216.5 4000 0

-944 116.5 4000 0
-954 116.5 4000 0

-944 116.5 0 0
-954 116.5 0 0

-944 116.5 4000 0
-944 116.5 0 0

-954 116.5 4000 0
-954 116.5 0 0

-944 116.5 0 0
-944 166.5 0 0

-944 166.5 0 0
-944 191.5 0 0
-944 216.5 0 0

-944 216.5 0 0

-954 116.5 0 0
-954 216.5 0 0

-944 116.5 0 0
-954 116.5 0 0

-944 216.5 0 0
-954 216.5 0 0

-954 116.5 4000 0
-954 216.5 4000 0

-944 116.5 4000 0
-944 216.5 4000 0

-954 116.5 4000 0
-944 116.5 4000 0

-954 216.5 4000 0
-944 216.5 4000 0

-954 116.5 0 0
-954 216.5 0 0

-954 116.5 4000 0
-954 216.5 4000 0

-954 116.5 0 0
-954 116.5 4000 0

-954 216.5 0 0
-954 216.5 4000 0

-944 116.5 4000 0
-944 216.5 4000 0

-944 116.5 0 0
-944 216.5 0 0

-944 116.5 4000 0
-944 116.5 0 0

-944 216.5 4000 0
-944 216.5 0 0

-944 116.5 0 0
-954 116.5 0 0

-944 116.5 4000 0
-954 116.5 4000 0

-944 116.5 0 0
-944 116.5 4000 0

-954 116.5 0 0
-954 116.5 4000 0

-944 216.5 4000 0
-954 216.5 4000 0

-944 216.5 0 0
-954 216.5 0 0

-944 216.5 4000 0
-944 216.5 0 0

-954 216.5 4000 0
-954 216.5 0 0

-944 -216.5 4000 0
-944 -50.0000000000005 4000 0

-944 -50.0000000000005 4000 0
-944 33.2499999999995 4000 0
-944 116.5 4000 0

-944 116.5 4000 0

-954 -216.5 4000 0
-954 116.5 4000 0

-944 -216.5 4000 0
-954 -216.5 4000 0

-944 116.5 4000 0
-954 116.5 4000 0

-954 -216.5 8000 0
-954 116.5 8000 0

-944 -216.5 8000 0
-944 116.5 8000 0

-954 -216.5 8000 0
-944 -216.5 8000 0

-954 116.5 8000 0
-944 116.5 8000 0

-954 -216.5 4000 0
-954 116.5 4000 0

-954 -216.5 8000 0
-954 116.5 8000 0

-954 -216.5 4000 0
-954 -216.5 8000 0

-954 116.5 4000 0
-954 116.5 8000 0

-944 -216.5 8000 0
-944 116.5 8000 0

-944 -216.5 4000 0
-944 116.5 4000 0

-944 -216.5 8000 0
-944 -216.5 4000 0

-944 116.5 8000 0
-944 116.5 4000 0

-944 -216.5 4000 0
-954 -216.5 4000 0

-944 -216.5 8000 0
-954 -216.5 8000 0

-944 -216.5 4000 0
-944 -216.5 8000 0

-954 -216.5 4000 0
-954 -216.5 8000 0

-944 116.5 8000 0
-954 116.5 8000 0

-944 116.5 4000 0
-954 116.5 4000 0

-944 116.5 8000 0
-944 116.5 4000 0

-954 116.5 8000 0
-954 116.5 4000 0

-944 116.5 4000 0
-944 166.5 4000 0

-944 166.5 4000 0
-944 191.5 4000 0
-944 216.5 4000 0

-944 216.5 4000 0

-954 116.5 4000 0
-954 216.5 4000 0

-944 116.5 4000 0
-954 116.5 4000 0

-944 216.5 4000 0
-954 216.5 4000 0

-954 116.5 8000 0
-954 216.5 8000 0

-944 116.5 8000 0
-944 216.5 8000 0

-954 116.5 8000 0
-944 116.5 8000 0

-954 216.5 8000 0
-944 216.5 8000 0

-954 116.5 4000 0
-954 216.5 4000 0

-954 116.5 8000 0
-954 216.5 8000 0

-954 116.5 4000 0
-954 116.5 8000 0

-954 216.5 4000 0
-954 216.5 8000 0

-944 116.5 8000 0
-944 216.5 8000 0

-944 116.5 4000 0
-944 216.5 4000 0

-944 116.5 8000 0
-944 116.5 4000 0

-944 216.5 8000 0
-944 216.5 4000 0

-944 116.5 4000 0
-954 116.5 4000 0

-944 116.5 8000 0
-954 116.5 8000 0

-944 116.5 4000 0
-944 116.5 8000 0

-954 116.5 4000 0
-954 116.5 8000 0

-944 216.5 8000 0
-954 216.5 8000 0

-944 216.5 4000 0
-954 216.5 4000 0

-944 216.5 8000 0
-944 216.5 4000 0

-954 216.5 8000 0
-954 216.5 4000 0

-944 -216.5 8000 0
-944 -50.0000000000005 8000 0

-944 -50.0000000000005 8000 0
-944 33.2499999999995 8000 0
-944 116.5 8000 0

-944 116.5 8000 0

-954 -216.5 8000 0
-954 116.5 8000 0

-944 -216.5 8000 0
-954 -216.5 8000 0

-944 116.5 8000 0
-954 116.5 8000 0

-954 -216.5 12000 0
-954 116.5 12000 0

-944 -216.5 12000 0
-944 116.5 12000 0

-954 -216.5 12000 0
-944 -216.5 12000 0

-954 116.5 12000 0
-944 116.5 12000 0

-954 -216.5 8000 0
-954 116.5 8000 0

-954 -216.5 12000 0
-954 116.5 12000 0

-954 -216.5 8000 0
-954 -216.5 12000 0

-954 116.5 8000 0
-954 116.5 12000 0

-944 -216.5 12000 0
-944 116.5 12000 0

-944 -216.5 8000 0
-944 116.5 8000 0

-944 -216.5 12000 0
-944 -216.5 8000 0

-944 116.5 12000 0
-944 116.5 8000 0

-944 -216.5 8000 0
-954 -216.5 8000 0

-944 -216.5 12000 0
-954 -216.5 12000 0

-944 -216.5 8000 0
-944 -216.5 12000 0

-954 -216.5 8000 0
-954 -216.5 12000 0

-944 116.5 12000 0
-954 116.5 12000 0

-944 116.5 8000 0
-954 116.5 8000 0

-944 116.5 12000 0
-944 116.5 8000 0

-954 116.5 12000 0
-954 116.5 8000 0

-944 116.5 8000 0
-944 166.5 8000 0

-944 166.5 8000 0
-944 191.5 8000 0
-944 216.5 8000 0

-944 216.5 8000 0

-954 116.5 8000 0
-954 216.5 8000 0

-944 116.5 8000 0
-954 116.5 8000 0

-944 216.5 8000 0
-954 216.5 8000 0

-954 116.5 12000 0
-954 216.5 12000 0

-944 116.5 12000 0
-944 216.5 12000 0

-954 116.5 12000 0
-944 116.5 12000 0

-954 216.5 12000 0
-944 216.5 12000 0

-954 116.5 8000 0
-954 216.5 8000 0

-954 116.5 12000 0
-954 216.5 12000 0

-954 116.5 8000 0
-954 116.5 12000 0

-954 216.5 8000 0
-954 216.5 12000 0

-944 116.5 12000 0
-944 216.5 12000 0

-944 116.5 8000 0
-944 216.5 8000 0

-944 116.5 12000 0
-944 116.5 8000 0

-944 216.5 12000 0
-944 216.5 8000 0

-944 116.5 8000 0
-954 116.5 8000 0

-944 116.5 12000 0
-954 116.5 12000 0

-944 116.5 8000 0
-944 116.5 12000 0

-954 116.5 8000 0
-954 116.5 12000 0

-944 216.5 12000 0
-954 216.5 12000 0

-944 216.5 8000 0
-954 216.5 8000 0

-944 216.5 12000 0
-944 216.5 8000 0

-954 216.5 12000 0
-954 216.5 8000 0

-944 -216.5 12000 0
-944 -50.0000000000005 12000 0

-944 -50.0000000000005 12000 0
-944 33.2499999999995 12000 0
-944 116.5 12000 0

-944 116.5 12000 0

-954 -216.5 12000 0
-954 116.5 12000 0

-944 -216.5 12000 0
-954 -216.5 12000 0

-944 116.5 12000 0
-954 116.5 12000 0

-954 -216.5 16000 0
-954 116.5 16000 0

-944 -216.5 16000 0
-944 116.5 16000 0

-954 -216.5 16000 0
-944 -216.5 16000 0

-954 116.5 16000 0
-944 116.5 16000 0

-954 -216.5 12000 0
-954 116.5 12000 0

-954 -216.5 16000 0
-954 116.5 16000 0

-954 -216.5 12000 0
-954 -216.5 16000 0

-954 116.5 12000 0
-954 116.5 16000 0

-944 -216.5 16000 0
-944 116.5 16000 0

-944 -216.5 12000 0
-944 116.5 12000 0

-944 -216.5 16000 0
-944 -216.5 12000 0

-944 116.5 16000 0
-944 116.5 12000 0

-944 -216.5 12000 0
-954 -216.5 12000 0

-944 -216.5 16000 0
-954 -216.5 16000 0

-944 -216.5 12000 0
-944 -216.5 16000 0

-954 -216.5 12000 0
-954 -216.5 16000 0

-944 116.5 16000 0
-954 116.5 16000 0

-944 116.5 12000 0
-954 116.5 12000 0

-944 116.5 16000 0
-944 116.5 12000 0

-954 116.5 16000 0
-954 116.5 12000 0

-944 116.5 12000 0
-944 166.5 12000 0

-944 166.5 12000 0
-944 191.5 12000 0
-944 216.5 12000 0

-944 216.5 12000 0

-954 116.5 12000 0
-954 216.5 12000 0

-944 116.5 12000 0
-954 116.5 12000 0

-944 216.5 12000 0
-954 216.5 12000 0

-954 116.5 16000 0
-954 216.5 16000 0

-944 116.5 16000 0
-944 216.5 16000 0

-954 116.5 16000 0
-944 116.5 16000 0

-954 216.5 16000 0
-944 216.5 16000 0

-954 116.5 12000 0
-954 216.5 12000 0

-954 116.5 16000 0
-954 216.5 16000 0

-954 116.5 12000 0
-954 116.5 16000 0

-954 216.5 12000 0
-954 216.5 16000 0

-944 116.5 16000 0
-944 216.5 16000 0

-944 116.5 12000 0
-944 216.5 12000 0

-944 116.5 16000 0
-944 116.5 12000 0

-944 216.5 16000 0
-944 216.5 12000 0

-944 116.5 12000 0
-954 116.5 12000 0

-944 116.5 16000 0
-954 116.5 16000 0

-944 116.5 12000 0
-944 116.5 16000 0

-954 116.5 12000 0
-954 116.5 16000 0

-944 216.5 16000 0
-954 216.5 16000 0

-944 216.5 12000 0
-954 216.5 12000 0

-944 216.5 16000 0
-944 216.5 12000 0

-954 216.5 16000 0
-954 216.5 12000 0

-944 -216.5 16000 0
-944 -50.0000000000005 16000 0

-944 -50.0000000000005 16000 0
-944 33.2499999999995 16000 0
-944 116.5 16000 0

-944 116.5 16000 0

-954 -216.5 16000 0
-954 116.5 16000 0

-944 -216.5 16000 0
-954 -216.5 16000 0

-944 116.5 16000 0
-954 116.5 16000 0

-954 -216.5 20000 0
-954 116.5 20000 0

-944 -216.5 20000 0
-944 116.5 20000 0

-954 -216.5 20000 0
-944 -216.5 20000 0

-954 116.5 20000 0
-944 116.5 20000 0

-954 -216.5 16000 0
-954 116.5 16000 0

-954 -216.5 20000 0
-954 116.5 20000 0

-954 -216.5 16000 0
-954 -216.5 20000 0

-954 116.5 16000 0
-954 116.5 20000 0

-944 -216.5 20000 0
-944 116.5 20000 0

-944 -216.5 16000 0
-944 116.5 16000 0

-944 -216.5 20000 0
-944 -216.5 16000 0

-944 116.5 20000 0
-944 116.5 16000 0

-944 -216.5 16000 0
-954 -216.5 16000 0

-944 -216.5 20000 0
-954 -216.5 20000 0

-944 -216.5 16000 0
-944 -216.5 20000 0

-954 -216.5 16000 0
-954 -216.5 20000 0

-944 116.5 20000 0
-954 116.5 20000 0

-944 116.5 16000 0
-954 116.5 16000 0

-944 116.5 20000 0
-944 116.5 16000 0

-954 116.5 20000 0
-954 116.5 16000 0

-944 116.5 16000 0
-944 166.5 16000 0

-944 166.5 16000 0
-944 191.5 16000 0
-944 216.5 16000 0

-944 216.5 16000 0

-954 116.5 16000 0
-954 216.5 16000 0

-944 116.5 16000 0
-954 116.5 16000 0

-944 216.5 16000 0
-954 216.5 16000 0

-954 116.5 20000 0
-954 216.5 20000 0

-944 116.5 20000 0
-944 216.5 20000 0

-954 116.5 20000 0
-944 116.5 20000 0

-954 216.5 20000 0
-944 216.5 20000 0

-954 116.5 16000 0
-954 216.5 16000 0

-954 116.5 20000 0
-954 216.5 20000 0

-954 116.5 16000 0
-954 116.5 20000 0

-954 216.5 16000 0
-954 216.5 20000 0

-944 116.5 20000 0
-944 216.5 20000 0

-944 116.5 16000 0
-944 216.5 16000 0

-944 116.5 20000 0
-944 116.5 16000 0

-944 216.5 20000 0
-944 216.5 16000 0

-944 116.5 16000 0
-954 116.5 16000 0

-944 116.5 20000 0
-954 116.5 20000 0

-944 116.5 16000 0
-944 116.5 20000 0

-954 116.5 16000 0
-954 116.5 20000 0

-944 216.5 20000 0
-954 216.5 20000 0

-944 216.5 16000 0
-954 216.5 16000 0

-944 216.5 20000 0
-944 216.5 16000 0

-954 216.5 20000 0
-954 216.5 16000 0

-944 -216.5 20000 0
-944 -50.0000000000005 20000 0

-944 -50.0000000000005 20000 0
-944 33.2499999999995 20000 0
-944 116.5 20000 0

-944 116.5 20000 0

-954 -216.5 20000 0
-954 116.5 20000 0

-944 -216.5 20000 0
-954 -216.5 20000 0

-944 116.5 20000 0
-954 116.5 20000 0

-954 -216.5 24000 0
-954 116.5 24000 0

-944 -216.5 24000 0
-944 116.5 24000 0

-954 -216.5 24000 0
-944 -216.5 24000 0

-954 116.5 24000 0
-944 116.5 24000 0

-954 -216.5 20000 0
-954 116.5 20000 0

-954 -216.5 24000 0
-954 116.5 24000 0

-954 -216.5 20000 0
-954 -216.5 24000 0

-954 116.5 20000 0
-954 116.5 24000 0

-944 -216.5 24000 0
-944 116.5 24000 0

-944 -216.5 20000 0
-944 116.5 20000 0

-944 -216.5 24000 0
-944 -216.5 20000 0

-944 116.5 24000 0
-944 116.5 20000 0

-944 -216.5 20000 0
-954 -216.5 20000 0

-944 -216.5 24000 0
-954 -216.5 24000 0

-944 -216.5 20000 0
-944 -216.5 24000 0

-954 -216.5 20000 0
-954 -216.5 24000 0

-944 116.5 24000 0
-954 116.5 24000 0

-944 116.5 20000 0
-954 116.5 20000 0

-944 116.5 24000 0
-944 116.5 20000 0

-954 116.5 24000 0
-954 116.5 20000 0

-944 116.5 20000 0
-944 166.5 20000 0

-944 166.5 20000 0
-944 191.5 20000 0
-944 216.5 20000 0

-944 216.5 20000 0

-954 116.5 20000 0
-954 216.5 20000 0

-944 116.5 20000 0
-954 116.5 20000 0

-944 216.5 20000 0
-954 216.5 20000 0

-954 116.5 24000 0
-954 216.5 24000 0

-944 116.5 24000 0
-944 216.5 24000 0

-954 116.5 24000 0
-944 116.5 24000 0

-954 216.5 24000 0
-944 216.5 24000 0

-954 116.5 20000 0
-954 216.5 20000 0

-954 116.5 24000 0
-954 216.5 24000 0

-954 116.5 20000 0
-954 116.5 24000 0

-954 216.5 20000 0
-954 216.5 24000 0

-944 116.5 24000 0
-944 216.5 24000 0

-944 116.5 20000 0
-944 216.5 20000 0

-944 116.5 24000 0
-944 116.5 20000 0

-944 216.5 24000 0
-944 216.5 20000 0

-944 116.5 20000 0
-954 116.5 20000 0

-944 116.5 24000 0
-954 116.5 24000 0

-944 116.5 20000 0
-944 116.5 24000 0

-954 116.5 20000 0
-954 116.5 24000 0

-944 216.5 24000 0
-954 216.5 24000 0

-944 216.5 20000 0
-954 216.5 20000 0

-944 216.5 24000 0
-944 216.5 20000 0

-954 216.5 24000 0
-954 216.5 20000 0

# end of label='orange'
