# Temporary file generated by the 'geomtools::gnuplot_drawer'
# class for visualization.
# label='grey'
645 -4275 -3069 0
645 0 -3069 0

645 0 -3069 0
645 2137.5 -3069 0
645 4275 -3069 0

645 4275 -3069 0

-645 -4275 -3069 0
-645 4275 -3069 0

645 -4275 -3069 0
-645 -4275 -3069 0

645 4275 -3069 0
-645 4275 -3069 0

-645 -4275 3069 0
-645 4275 3069 0

645 -4275 3069 0
645 4275 3069 0

-645 -4275 3069 0
645 -4275 3069 0

-645 4275 3069 0
645 4275 3069 0

-645 -4275 -3069 0
-645 4275 -3069 0

-645 -4275 3069 0
-645 4275 3069 0

-645 -4275 -3069 0
-645 -4275 3069 0

-645 4275 -3069 0
-645 4275 3069 0

645 -4275 3069 0
645 4275 3069 0

645 -4275 -3069 0
645 4275 -3069 0

645 -4275 3069 0
645 -4275 -3069 0

645 4275 3069 0
645 4275 -3069 0

645 -4275 -3069 0
-645 -4275 -3069 0

645 -4275 3069 0
-645 -4275 3069 0

645 -4275 -3069 0
645 -4275 3069 0

-645 -4275 -3069 0
-645 -4275 3069 0

645 4275 3069 0
-645 4275 3069 0

645 4275 -3069 0
-645 4275 -3069 0

645 4275 3069 0
645 4275 -3069 0

-645 4275 3069 0
-645 4275 -3069 0

-285 -4275 -3069 0
-285 0 -3069 0

-285 0 -3069 0
-285 2137.5 -3069 0
-285 4275 -3069 0

-285 4275 -3069 0

-645 -4275 -3069 0
-645 4275 -3069 0

-285 -4275 -3069 0
-645 -4275 -3069 0

-285 4275 -3069 0
-645 4275 -3069 0

-645 -4275 3069 0
-645 4275 3069 0

-285 -4275 3069 0
-285 4275 3069 0

-645 -4275 3069 0
-285 -4275 3069 0

-645 4275 3069 0
-285 4275 3069 0

-645 -4275 -3069 0
-645 4275 -3069 0

-645 -4275 3069 0
-645 4275 3069 0

-645 -4275 -3069 0
-645 -4275 3069 0

-645 4275 -3069 0
-645 4275 3069 0

-285 -4275 3069 0
-285 4275 3069 0

-285 -4275 -3069 0
-285 4275 -3069 0

-285 -4275 3069 0
-285 -4275 -3069 0

-285 4275 3069 0
-285 4275 -3069 0

-285 -4275 -3069 0
-645 -4275 -3069 0

-285 -4275 3069 0
-645 -4275 3069 0

-285 -4275 -3069 0
-285 -4275 3069 0

-645 -4275 -3069 0
-645 -4275 3069 0

-285 4275 3069 0
-645 4275 3069 0

-285 4275 -3069 0
-645 4275 -3069 0

-285 4275 3069 0
-285 4275 -3069 0

-645 4275 3069 0
-645 4275 -3069 0

645 -2458 -3069 0
180 -2458 -3069 0

180 -2458 -3069 0
-52.5 -2458 -3069 0
-285 -2458 -3069 0

-285 -2458 -3069 0

645 -2758 -3069 0
-285 -2758 -3069 0

645 -2458 -3069 0
645 -2758 -3069 0

-285 -2458 -3069 0
-285 -2758 -3069 0

645 -2758 -2469 0
-285 -2758 -2469 0

645 -2458 -2469 0
-285 -2458 -2469 0

645 -2758 -2469 0
645 -2458 -2469 0

-285 -2758 -2469 0
-285 -2458 -2469 0

645 -2758 -3069 0
-285 -2758 -3069 0

645 -2758 -2469 0
-285 -2758 -2469 0

645 -2758 -3069 0
645 -2758 -2469 0

-285 -2758 -3069 0
-285 -2758 -2469 0

645 -2458 -2469 0
-285 -2458 -2469 0

645 -2458 -3069 0
-285 -2458 -3069 0

645 -2458 -2469 0
645 -2458 -3069 0

-285 -2458 -2469 0
-285 -2458 -3069 0

645 -2458 -3069 0
645 -2758 -3069 0

645 -2458 -2469 0
645 -2758 -2469 0

645 -2458 -3069 0
645 -2458 -2469 0

645 -2758 -3069 0
645 -2758 -2469 0

-285 -2458 -2469 0
-285 -2758 -2469 0

-285 -2458 -3069 0
-285 -2758 -3069 0

-285 -2458 -2469 0
-285 -2458 -3069 0

-285 -2758 -2469 0
-285 -2758 -3069 0

645 150 -3069 0
180 150 -3069 0

180 150 -3069 0
-52.5 150 -3069 0
-285 150 -3069 0

-285 150 -3069 0

645 -150 -3069 0
-285 -150 -3069 0

645 150 -3069 0
645 -150 -3069 0

-285 150 -3069 0
-285 -150 -3069 0

645 -150 -2469 0
-285 -150 -2469 0

645 150 -2469 0
-285 150 -2469 0

645 -150 -2469 0
645 150 -2469 0

-285 -150 -2469 0
-285 150 -2469 0

645 -150 -3069 0
-285 -150 -3069 0

645 -150 -2469 0
-285 -150 -2469 0

645 -150 -3069 0
645 -150 -2469 0

-285 -150 -3069 0
-285 -150 -2469 0

645 150 -2469 0
-285 150 -2469 0

645 150 -3069 0
-285 150 -3069 0

645 150 -2469 0
645 150 -3069 0

-285 150 -2469 0
-285 150 -3069 0

645 150 -3069 0
645 -150 -3069 0

645 150 -2469 0
645 -150 -2469 0

645 150 -3069 0
645 150 -2469 0

645 -150 -3069 0
645 -150 -2469 0

-285 150 -2469 0
-285 -150 -2469 0

-285 150 -3069 0
-285 -150 -3069 0

-285 150 -2469 0
-285 150 -3069 0

-285 -150 -2469 0
-285 -150 -3069 0

645 2758 -3069 0
180 2758 -3069 0

180 2758 -3069 0
-52.5 2758 -3069 0
-285 2758 -3069 0

-285 2758 -3069 0

645 2458 -3069 0
-285 2458 -3069 0

645 2758 -3069 0
645 2458 -3069 0

-285 2758 -3069 0
-285 2458 -3069 0

645 2458 -2469 0
-285 2458 -2469 0

645 2758 -2469 0
-285 2758 -2469 0

645 2458 -2469 0
645 2758 -2469 0

-285 2458 -2469 0
-285 2758 -2469 0

645 2458 -3069 0
-285 2458 -3069 0

645 2458 -2469 0
-285 2458 -2469 0

645 2458 -3069 0
645 2458 -2469 0

-285 2458 -3069 0
-285 2458 -2469 0

645 2758 -2469 0
-285 2758 -2469 0

645 2758 -3069 0
-285 2758 -3069 0

645 2758 -2469 0
645 2758 -3069 0

-285 2758 -2469 0
-285 2758 -3069 0

645 2758 -3069 0
645 2458 -3069 0

645 2758 -2469 0
645 2458 -2469 0

645 2758 -3069 0
645 2758 -2469 0

645 2458 -3069 0
645 2458 -2469 0

-285 2758 -2469 0
-285 2458 -2469 0

-285 2758 -3069 0
-285 2458 -3069 0

-285 2758 -2469 0
-285 2758 -3069 0

-285 2458 -2469 0
-285 2458 -3069 0

645 -2515.5 2519 0
180 -2515.5 2519 0

180 -2515.5 2519 0
-52.5 -2515.5 2519 0
-285 -2515.5 2519 0

-285 -2515.5 2519 0

645 -2700.5 2519 0
-285 -2700.5 2519 0

645 -2515.5 2519 0
645 -2700.5 2519 0

-285 -2515.5 2519 0
-285 -2700.5 2519 0

645 -2700.5 3019 0
-285 -2700.5 3019 0

645 -2515.5 3019 0
-285 -2515.5 3019 0

645 -2700.5 3019 0
645 -2515.5 3019 0

-285 -2700.5 3019 0
-285 -2515.5 3019 0

645 -2700.5 2519 0
-285 -2700.5 2519 0

645 -2700.5 3019 0
-285 -2700.5 3019 0

645 -2700.5 2519 0
645 -2700.5 3019 0

-285 -2700.5 2519 0
-285 -2700.5 3019 0

645 -2515.5 3019 0
-285 -2515.5 3019 0

645 -2515.5 2519 0
-285 -2515.5 2519 0

645 -2515.5 3019 0
645 -2515.5 2519 0

-285 -2515.5 3019 0
-285 -2515.5 2519 0

645 -2515.5 2519 0
645 -2700.5 2519 0

645 -2515.5 3019 0
645 -2700.5 3019 0

645 -2515.5 2519 0
645 -2515.5 3019 0

645 -2700.5 2519 0
645 -2700.5 3019 0

-285 -2515.5 3019 0
-285 -2700.5 3019 0

-285 -2515.5 2519 0
-285 -2700.5 2519 0

-285 -2515.5 3019 0
-285 -2515.5 2519 0

-285 -2700.5 3019 0
-285 -2700.5 2519 0

645 92.5 2519 0
180 92.5 2519 0

180 92.5 2519 0
-52.5 92.5 2519 0
-285 92.5 2519 0

-285 92.5 2519 0

645 -92.5 2519 0
-285 -92.5 2519 0

645 92.5 2519 0
645 -92.5 2519 0

-285 92.5 2519 0
-285 -92.5 2519 0

645 -92.5 3019 0
-285 -92.5 3019 0

645 92.5 3019 0
-285 92.5 3019 0

645 -92.5 3019 0
645 92.5 3019 0

-285 -92.5 3019 0
-285 92.5 3019 0

645 -92.5 2519 0
-285 -92.5 2519 0

645 -92.5 3019 0
-285 -92.5 3019 0

645 -92.5 2519 0
645 -92.5 3019 0

-285 -92.5 2519 0
-285 -92.5 3019 0

645 92.5 3019 0
-285 92.5 3019 0

645 92.5 2519 0
-285 92.5 2519 0

645 92.5 3019 0
645 92.5 2519 0

-285 92.5 3019 0
-285 92.5 2519 0

645 92.5 2519 0
645 -92.5 2519 0

645 92.5 3019 0
645 -92.5 3019 0

645 92.5 2519 0
645 92.5 3019 0

645 -92.5 2519 0
645 -92.5 3019 0

-285 92.5 3019 0
-285 -92.5 3019 0

-285 92.5 2519 0
-285 -92.5 2519 0

-285 92.5 3019 0
-285 92.5 2519 0

-285 -92.5 3019 0
-285 -92.5 2519 0

645 2700.5 2519 0
180 2700.5 2519 0

180 2700.5 2519 0
-52.5 2700.5 2519 0
-285 2700.5 2519 0

-285 2700.5 2519 0

645 2515.5 2519 0
-285 2515.5 2519 0

645 2700.5 2519 0
645 2515.5 2519 0

-285 2700.5 2519 0
-285 2515.5 2519 0

645 2515.5 3019 0
-285 2515.5 3019 0

645 2700.5 3019 0
-285 2700.5 3019 0

645 2515.5 3019 0
645 2700.5 3019 0

-285 2515.5 3019 0
-285 2700.5 3019 0

645 2515.5 2519 0
-285 2515.5 2519 0

645 2515.5 3019 0
-285 2515.5 3019 0

645 2515.5 2519 0
645 2515.5 3019 0

-285 2515.5 2519 0
-285 2515.5 3019 0

645 2700.5 3019 0
-285 2700.5 3019 0

645 2700.5 2519 0
-285 2700.5 2519 0

645 2700.5 3019 0
645 2700.5 2519 0

-285 2700.5 3019 0
-285 2700.5 2519 0

645 2700.5 2519 0
645 2515.5 2519 0

645 2700.5 3019 0
645 2515.5 3019 0

645 2700.5 2519 0
645 2700.5 3019 0

645 2515.5 2519 0
645 2515.5 3019 0

-285 2700.5 3019 0
-285 2515.5 3019 0

-285 2700.5 2519 0
-285 2515.5 2519 0

-285 2700.5 3019 0
-285 2700.5 2519 0

-285 2515.5 3019 0
-285 2515.5 2519 0

# end of label='grey'
