# Temporary file generated by the 'geomtools::gnuplot_drawer'
# class for visualization.
# label='grey'
5000 -5000 -5000 0
5000 0 -5000 0

5000 0 -5000 0
5000 2500 -5000 0
5000 5000 -5000 0

5000 5000 -5000 0

-5000 -5000 -5000 0
-5000 5000 -5000 0

5000 -5000 -5000 0
-5000 -5000 -5000 0

5000 5000 -5000 0
-5000 5000 -5000 0

-5000 -5000 5000 0
-5000 5000 5000 0

5000 -5000 5000 0
5000 5000 5000 0

-5000 -5000 5000 0
5000 -5000 5000 0

-5000 5000 5000 0
5000 5000 5000 0

-5000 -5000 -5000 0
-5000 5000 -5000 0

-5000 -5000 5000 0
-5000 5000 5000 0

-5000 -5000 -5000 0
-5000 -5000 5000 0

-5000 5000 -5000 0
-5000 5000 5000 0

5000 -5000 5000 0
5000 5000 5000 0

5000 -5000 -5000 0
5000 5000 -5000 0

5000 -5000 5000 0
5000 -5000 -5000 0

5000 5000 5000 0
5000 5000 -5000 0

5000 -5000 -5000 0
-5000 -5000 -5000 0

5000 -5000 5000 0
-5000 -5000 5000 0

5000 -5000 -5000 0
5000 -5000 5000 0

-5000 -5000 -5000 0
-5000 -5000 5000 0

5000 5000 5000 0
-5000 5000 5000 0

5000 5000 -5000 0
-5000 5000 -5000 0

5000 5000 5000 0
5000 5000 -5000 0

-5000 5000 5000 0
-5000 5000 -5000 0

1550 -3777 -2700 0
1550 0 -2700 0

1550 0 -2700 0
1550 1888.5 -2700 0
1550 3777 -2700 0

1550 3777 -2700 0

-1550 -3777 -2700 0
-1550 3777 -2700 0

1550 -3777 -2700 0
-1550 -3777 -2700 0

1550 3777 -2700 0
-1550 3777 -2700 0

-1550 -3777 -2440 0
-1550 3777 -2440 0

1550 -3777 -2440 0
1550 3777 -2440 0

-1550 -3777 -2440 0
1550 -3777 -2440 0

-1550 3777 -2440 0
1550 3777 -2440 0

-1550 -3777 -2700 0
-1550 3777 -2700 0

-1550 -3777 -2440 0
-1550 3777 -2440 0

-1550 -3777 -2700 0
-1550 -3777 -2440 0

-1550 3777 -2700 0
-1550 3777 -2440 0

1550 -3777 -2440 0
1550 3777 -2440 0

1550 -3777 -2700 0
1550 3777 -2700 0

1550 -3777 -2440 0
1550 -3777 -2700 0

1550 3777 -2440 0
1550 3777 -2700 0

1550 -3777 -2700 0
-1550 -3777 -2700 0

1550 -3777 -2440 0
-1550 -3777 -2440 0

1550 -3777 -2700 0
1550 -3777 -2440 0

-1550 -3777 -2700 0
-1550 -3777 -2440 0

1550 3777 -2440 0
-1550 3777 -2440 0

1550 3777 -2700 0
-1550 3777 -2700 0

1550 3777 -2440 0
1550 3777 -2700 0

-1550 3777 -2440 0
-1550 3777 -2700 0

-1910 4275 -2700 0
-1910 0 -2700 0

-1910 0 -2700 0
-1910 -2137.5 -2700 0
-1910 -4275 -2700 0

-1910 -4275 -2700 0

-1550 4275 -2700 0
-1550 -4275 -2700 0

-1910 4275 -2700 0
-1550 4275 -2700 0

-1910 -4275 -2700 0
-1550 -4275 -2700 0

-1550 4275 3438 0
-1550 -4275 3438 0

-1910 4275 3438 0
-1910 -4275 3438 0

-1550 4275 3438 0
-1910 4275 3438 0

-1550 -4275 3438 0
-1910 -4275 3438 0

-1550 4275 -2700 0
-1550 -4275 -2700 0

-1550 4275 3438 0
-1550 -4275 3438 0

-1550 4275 -2700 0
-1550 4275 3438 0

-1550 -4275 -2700 0
-1550 -4275 3438 0

-1910 4275 3438 0
-1910 -4275 3438 0

-1910 4275 -2700 0
-1910 -4275 -2700 0

-1910 4275 3438 0
-1910 4275 -2700 0

-1910 -4275 3438 0
-1910 -4275 -2700 0

-1910 4275 -2700 0
-1550 4275 -2700 0

-1910 4275 3438 0
-1550 4275 3438 0

-1910 4275 -2700 0
-1910 4275 3438 0

-1550 4275 -2700 0
-1550 4275 3438 0

-1910 -4275 3438 0
-1550 -4275 3438 0

-1910 -4275 -2700 0
-1550 -4275 -2700 0

-1910 -4275 3438 0
-1910 -4275 -2700 0

-1550 -4275 3438 0
-1550 -4275 -2700 0

-1730 2515.5 2888 0
-1640 2515.5 2888 0

-1640 2515.5 2888 0
-1595 2515.5 2888 0
-1550 2515.5 2888 0

-1550 2515.5 2888 0

-1730 2700.5 2888 0
-1550 2700.5 2888 0

-1730 2515.5 2888 0
-1730 2700.5 2888 0

-1550 2515.5 2888 0
-1550 2700.5 2888 0

-1730 2700.5 3388 0
-1550 2700.5 3388 0

-1730 2515.5 3388 0
-1550 2515.5 3388 0

-1730 2700.5 3388 0
-1730 2515.5 3388 0

-1550 2700.5 3388 0
-1550 2515.5 3388 0

-1730 2700.5 2888 0
-1550 2700.5 2888 0

-1730 2700.5 3388 0
-1550 2700.5 3388 0

-1730 2700.5 2888 0
-1730 2700.5 3388 0

-1550 2700.5 2888 0
-1550 2700.5 3388 0

-1730 2515.5 3388 0
-1550 2515.5 3388 0

-1730 2515.5 2888 0
-1550 2515.5 2888 0

-1730 2515.5 3388 0
-1730 2515.5 2888 0

-1550 2515.5 3388 0
-1550 2515.5 2888 0

-1730 2515.5 2888 0
-1730 2700.5 2888 0

-1730 2515.5 3388 0
-1730 2700.5 3388 0

-1730 2515.5 2888 0
-1730 2515.5 3388 0

-1730 2700.5 2888 0
-1730 2700.5 3388 0

-1550 2515.5 3388 0
-1550 2700.5 3388 0

-1550 2515.5 2888 0
-1550 2700.5 2888 0

-1550 2515.5 3388 0
-1550 2515.5 2888 0

-1550 2700.5 3388 0
-1550 2700.5 2888 0

-1730 -92.5 2888 0
-1640 -92.5 2888 0

-1640 -92.5 2888 0
-1595 -92.5 2888 0
-1550 -92.5 2888 0

-1550 -92.5 2888 0

-1730 92.5 2888 0
-1550 92.5 2888 0

-1730 -92.5 2888 0
-1730 92.5 2888 0

-1550 -92.5 2888 0
-1550 92.5 2888 0

-1730 92.5 3388 0
-1550 92.5 3388 0

-1730 -92.5 3388 0
-1550 -92.5 3388 0

-1730 92.5 3388 0
-1730 -92.5 3388 0

-1550 92.5 3388 0
-1550 -92.5 3388 0

-1730 92.5 2888 0
-1550 92.5 2888 0

-1730 92.5 3388 0
-1550 92.5 3388 0

-1730 92.5 2888 0
-1730 92.5 3388 0

-1550 92.5 2888 0
-1550 92.5 3388 0

-1730 -92.5 3388 0
-1550 -92.5 3388 0

-1730 -92.5 2888 0
-1550 -92.5 2888 0

-1730 -92.5 3388 0
-1730 -92.5 2888 0

-1550 -92.5 3388 0
-1550 -92.5 2888 0

-1730 -92.5 2888 0
-1730 92.5 2888 0

-1730 -92.5 3388 0
-1730 92.5 3388 0

-1730 -92.5 2888 0
-1730 -92.5 3388 0

-1730 92.5 2888 0
-1730 92.5 3388 0

-1550 -92.5 3388 0
-1550 92.5 3388 0

-1550 -92.5 2888 0
-1550 92.5 2888 0

-1550 -92.5 3388 0
-1550 -92.5 2888 0

-1550 92.5 3388 0
-1550 92.5 2888 0

-1730 -2700.5 2888 0
-1640 -2700.5 2888 0

-1640 -2700.5 2888 0
-1595 -2700.5 2888 0
-1550 -2700.5 2888 0

-1550 -2700.5 2888 0

-1730 -2515.5 2888 0
-1550 -2515.5 2888 0

-1730 -2700.5 2888 0
-1730 -2515.5 2888 0

-1550 -2700.5 2888 0
-1550 -2515.5 2888 0

-1730 -2515.5 3388 0
-1550 -2515.5 3388 0

-1730 -2700.5 3388 0
-1550 -2700.5 3388 0

-1730 -2515.5 3388 0
-1730 -2700.5 3388 0

-1550 -2515.5 3388 0
-1550 -2700.5 3388 0

-1730 -2515.5 2888 0
-1550 -2515.5 2888 0

-1730 -2515.5 3388 0
-1550 -2515.5 3388 0

-1730 -2515.5 2888 0
-1730 -2515.5 3388 0

-1550 -2515.5 2888 0
-1550 -2515.5 3388 0

-1730 -2700.5 3388 0
-1550 -2700.5 3388 0

-1730 -2700.5 2888 0
-1550 -2700.5 2888 0

-1730 -2700.5 3388 0
-1730 -2700.5 2888 0

-1550 -2700.5 3388 0
-1550 -2700.5 2888 0

-1730 -2700.5 2888 0
-1730 -2515.5 2888 0

-1730 -2700.5 3388 0
-1730 -2515.5 3388 0

-1730 -2700.5 2888 0
-1730 -2700.5 3388 0

-1730 -2515.5 2888 0
-1730 -2515.5 3388 0

-1550 -2700.5 3388 0
-1550 -2515.5 3388 0

-1550 -2700.5 2888 0
-1550 -2515.5 2888 0

-1550 -2700.5 3388 0
-1550 -2700.5 2888 0

-1550 -2515.5 3388 0
-1550 -2515.5 2888 0

1910 -4275 -2700 0
1910 0 -2700 0

1910 0 -2700 0
1910 2137.5 -2700 0
1910 4275 -2700 0

1910 4275 -2700 0

1550 -4275 -2700 0
1550 4275 -2700 0

1910 -4275 -2700 0
1550 -4275 -2700 0

1910 4275 -2700 0
1550 4275 -2700 0

1550 -4275 3438 0
1550 4275 3438 0

1910 -4275 3438 0
1910 4275 3438 0

1550 -4275 3438 0
1910 -4275 3438 0

1550 4275 3438 0
1910 4275 3438 0

1550 -4275 -2700 0
1550 4275 -2700 0

1550 -4275 3438 0
1550 4275 3438 0

1550 -4275 -2700 0
1550 -4275 3438 0

1550 4275 -2700 0
1550 4275 3438 0

1910 -4275 3438 0
1910 4275 3438 0

1910 -4275 -2700 0
1910 4275 -2700 0

1910 -4275 3438 0
1910 -4275 -2700 0

1910 4275 3438 0
1910 4275 -2700 0

1910 -4275 -2700 0
1550 -4275 -2700 0

1910 -4275 3438 0
1550 -4275 3438 0

1910 -4275 -2700 0
1910 -4275 3438 0

1550 -4275 -2700 0
1550 -4275 3438 0

1910 4275 3438 0
1550 4275 3438 0

1910 4275 -2700 0
1550 4275 -2700 0

1910 4275 3438 0
1910 4275 -2700 0

1550 4275 3438 0
1550 4275 -2700 0

1730 -2515.5 2888 0
1640 -2515.5 2888 0

1640 -2515.5 2888 0
1595 -2515.5 2888 0
1550 -2515.5 2888 0

1550 -2515.5 2888 0

1730 -2700.5 2888 0
1550 -2700.5 2888 0

1730 -2515.5 2888 0
1730 -2700.5 2888 0

1550 -2515.5 2888 0
1550 -2700.5 2888 0

1730 -2700.5 3388 0
1550 -2700.5 3388 0

1730 -2515.5 3388 0
1550 -2515.5 3388 0

1730 -2700.5 3388 0
1730 -2515.5 3388 0

1550 -2700.5 3388 0
1550 -2515.5 3388 0

1730 -2700.5 2888 0
1550 -2700.5 2888 0

1730 -2700.5 3388 0
1550 -2700.5 3388 0

1730 -2700.5 2888 0
1730 -2700.5 3388 0

1550 -2700.5 2888 0
1550 -2700.5 3388 0

1730 -2515.5 3388 0
1550 -2515.5 3388 0

1730 -2515.5 2888 0
1550 -2515.5 2888 0

1730 -2515.5 3388 0
1730 -2515.5 2888 0

1550 -2515.5 3388 0
1550 -2515.5 2888 0

1730 -2515.5 2888 0
1730 -2700.5 2888 0

1730 -2515.5 3388 0
1730 -2700.5 3388 0

1730 -2515.5 2888 0
1730 -2515.5 3388 0

1730 -2700.5 2888 0
1730 -2700.5 3388 0

1550 -2515.5 3388 0
1550 -2700.5 3388 0

1550 -2515.5 2888 0
1550 -2700.5 2888 0

1550 -2515.5 3388 0
1550 -2515.5 2888 0

1550 -2700.5 3388 0
1550 -2700.5 2888 0

1730 92.5 2888 0
1640 92.5 2888 0

1640 92.5 2888 0
1595 92.5 2888 0
1550 92.5 2888 0

1550 92.5 2888 0

1730 -92.5 2888 0
1550 -92.5 2888 0

1730 92.5 2888 0
1730 -92.5 2888 0

1550 92.5 2888 0
1550 -92.5 2888 0

1730 -92.5 3388 0
1550 -92.5 3388 0

1730 92.5 3388 0
1550 92.5 3388 0

1730 -92.5 3388 0
1730 92.5 3388 0

1550 -92.5 3388 0
1550 92.5 3388 0

1730 -92.5 2888 0
1550 -92.5 2888 0

1730 -92.5 3388 0
1550 -92.5 3388 0

1730 -92.5 2888 0
1730 -92.5 3388 0

1550 -92.5 2888 0
1550 -92.5 3388 0

1730 92.5 3388 0
1550 92.5 3388 0

1730 92.5 2888 0
1550 92.5 2888 0

1730 92.5 3388 0
1730 92.5 2888 0

1550 92.5 3388 0
1550 92.5 2888 0

1730 92.5 2888 0
1730 -92.5 2888 0

1730 92.5 3388 0
1730 -92.5 3388 0

1730 92.5 2888 0
1730 92.5 3388 0

1730 -92.5 2888 0
1730 -92.5 3388 0

1550 92.5 3388 0
1550 -92.5 3388 0

1550 92.5 2888 0
1550 -92.5 2888 0

1550 92.5 3388 0
1550 92.5 2888 0

1550 -92.5 3388 0
1550 -92.5 2888 0

1730 2700.5 2888 0
1640 2700.5 2888 0

1640 2700.5 2888 0
1595 2700.5 2888 0
1550 2700.5 2888 0

1550 2700.5 2888 0

1730 2515.5 2888 0
1550 2515.5 2888 0

1730 2700.5 2888 0
1730 2515.5 2888 0

1550 2700.5 2888 0
1550 2515.5 2888 0

1730 2515.5 3388 0
1550 2515.5 3388 0

1730 2700.5 3388 0
1550 2700.5 3388 0

1730 2515.5 3388 0
1730 2700.5 3388 0

1550 2515.5 3388 0
1550 2700.5 3388 0

1730 2515.5 2888 0
1550 2515.5 2888 0

1730 2515.5 3388 0
1550 2515.5 3388 0

1730 2515.5 2888 0
1730 2515.5 3388 0

1550 2515.5 2888 0
1550 2515.5 3388 0

1730 2700.5 3388 0
1550 2700.5 3388 0

1730 2700.5 2888 0
1550 2700.5 2888 0

1730 2700.5 3388 0
1730 2700.5 2888 0

1550 2700.5 3388 0
1550 2700.5 2888 0

1730 2700.5 2888 0
1730 2515.5 2888 0

1730 2700.5 3388 0
1730 2515.5 3388 0

1730 2700.5 2888 0
1730 2700.5 3388 0

1730 2515.5 2888 0
1730 2515.5 3388 0

1550 2700.5 3388 0
1550 2515.5 3388 0

1550 2700.5 2888 0
1550 2515.5 2888 0

1550 2700.5 3388 0
1550 2700.5 2888 0

1550 2515.5 3388 0
1550 2515.5 2888 0

1910 4455 3438 0
1910 4365 3438 0

1910 4365 3438 0
1910 4320 3438 0
1910 4275 3438 0

1910 4275 3438 0

-1910 4455 3438 0
-1910 4275 3438 0

1910 4455 3438 0
-1910 4455 3438 0

1910 4275 3438 0
-1910 4275 3438 0

-1910 4455 -2700 0
-1910 4275 -2700 0

1910 4455 -2700 0
1910 4275 -2700 0

-1910 4455 -2700 0
1910 4455 -2700 0

-1910 4275 -2700 0
1910 4275 -2700 0

-1910 4455 3438 0
-1910 4275 3438 0

-1910 4455 -2700 0
-1910 4275 -2700 0

-1910 4455 3438 0
-1910 4455 -2700 0

-1910 4275 3438 0
-1910 4275 -2700 0

1910 4455 -2700 0
1910 4275 -2700 0

1910 4455 3438 0
1910 4275 3438 0

1910 4455 -2700 0
1910 4455 3438 0

1910 4275 -2700 0
1910 4275 3438 0

1910 4455 3438 0
-1910 4455 3438 0

1910 4455 -2700 0
-1910 4455 -2700 0

1910 4455 3438 0
1910 4455 -2700 0

-1910 4455 3438 0
-1910 4455 -2700 0

1910 4275 -2700 0
-1910 4275 -2700 0

1910 4275 3438 0
-1910 4275 3438 0

1910 4275 -2700 0
1910 4275 3438 0

-1910 4275 -2700 0
-1910 4275 3438 0

1910 -4455 -2700 0
1910 -4365 -2700 0

1910 -4365 -2700 0
1910 -4320 -2700 0
1910 -4275 -2700 0

1910 -4275 -2700 0

-1910 -4455 -2700 0
-1910 -4275 -2700 0

1910 -4455 -2700 0
-1910 -4455 -2700 0

1910 -4275 -2700 0
-1910 -4275 -2700 0

-1910 -4455 3438 0
-1910 -4275 3438 0

1910 -4455 3438 0
1910 -4275 3438 0

-1910 -4455 3438 0
1910 -4455 3438 0

-1910 -4275 3438 0
1910 -4275 3438 0

-1910 -4455 -2700 0
-1910 -4275 -2700 0

-1910 -4455 3438 0
-1910 -4275 3438 0

-1910 -4455 -2700 0
-1910 -4455 3438 0

-1910 -4275 -2700 0
-1910 -4275 3438 0

1910 -4455 3438 0
1910 -4275 3438 0

1910 -4455 -2700 0
1910 -4275 -2700 0

1910 -4455 3438 0
1910 -4455 -2700 0

1910 -4275 3438 0
1910 -4275 -2700 0

1910 -4455 -2700 0
-1910 -4455 -2700 0

1910 -4455 3438 0
-1910 -4455 3438 0

1910 -4455 -2700 0
1910 -4455 3438 0

-1910 -4455 -2700 0
-1910 -4455 3438 0

1910 -4275 3438 0
-1910 -4275 3438 0

1910 -4275 -2700 0
-1910 -4275 -2700 0

1910 -4275 3438 0
1910 -4275 -2700 0

-1910 -4275 3438 0
-1910 -4275 -2700 0

1500 -3000 2947.5 0
1500 0 2947.5 0

1500 0 2947.5 0
1500 1500 2947.5 0
1500 3000 2947.5 0

1500 3000 2947.5 0

-1500 -3000 2947.5 0
-1500 3000 2947.5 0

1500 -3000 2947.5 0
-1500 -3000 2947.5 0

1500 3000 2947.5 0
-1500 3000 2947.5 0

-1500 -3000 3447.5 0
-1500 3000 3447.5 0

1500 -3000 3447.5 0
1500 3000 3447.5 0

-1500 -3000 3447.5 0
1500 -3000 3447.5 0

-1500 3000 3447.5 0
1500 3000 3447.5 0

-1500 -3000 2947.5 0
-1500 3000 2947.5 0

-1500 -3000 3447.5 0
-1500 3000 3447.5 0

-1500 -3000 2947.5 0
-1500 -3000 3447.5 0

-1500 3000 2947.5 0
-1500 3000 3447.5 0

1500 -3000 3447.5 0
1500 3000 3447.5 0

1500 -3000 2947.5 0
1500 3000 2947.5 0

1500 -3000 3447.5 0
1500 -3000 2947.5 0

1500 3000 3447.5 0
1500 3000 2947.5 0

1500 -3000 2947.5 0
-1500 -3000 2947.5 0

1500 -3000 3447.5 0
-1500 -3000 3447.5 0

1500 -3000 2947.5 0
1500 -3000 3447.5 0

-1500 -3000 2947.5 0
-1500 -3000 3447.5 0

1500 3000 3447.5 0
-1500 3000 3447.5 0

1500 3000 2947.5 0
-1500 3000 2947.5 0

1500 3000 3447.5 0
1500 3000 2947.5 0

-1500 3000 3447.5 0
-1500 3000 2947.5 0

1500 -2515.5 2947.5 0
0 -2515.5 2947.5 0

0 -2515.5 2947.5 0
-750 -2515.5 2947.5 0
-1500 -2515.5 2947.5 0

-1500 -2515.5 2947.5 0

1500 -2700.5 2947.5 0
-1500 -2700.5 2947.5 0

1500 -2515.5 2947.5 0
1500 -2700.5 2947.5 0

-1500 -2515.5 2947.5 0
-1500 -2700.5 2947.5 0

1500 -2700.5 3447.5 0
-1500 -2700.5 3447.5 0

1500 -2515.5 3447.5 0
-1500 -2515.5 3447.5 0

1500 -2700.5 3447.5 0
1500 -2515.5 3447.5 0

-1500 -2700.5 3447.5 0
-1500 -2515.5 3447.5 0

1500 -2700.5 2947.5 0
-1500 -2700.5 2947.5 0

1500 -2700.5 3447.5 0
-1500 -2700.5 3447.5 0

1500 -2700.5 2947.5 0
1500 -2700.5 3447.5 0

-1500 -2700.5 2947.5 0
-1500 -2700.5 3447.5 0

1500 -2515.5 3447.5 0
-1500 -2515.5 3447.5 0

1500 -2515.5 2947.5 0
-1500 -2515.5 2947.5 0

1500 -2515.5 3447.5 0
1500 -2515.5 2947.5 0

-1500 -2515.5 3447.5 0
-1500 -2515.5 2947.5 0

1500 -2515.5 2947.5 0
1500 -2700.5 2947.5 0

1500 -2515.5 3447.5 0
1500 -2700.5 3447.5 0

1500 -2515.5 2947.5 0
1500 -2515.5 3447.5 0

1500 -2700.5 2947.5 0
1500 -2700.5 3447.5 0

-1500 -2515.5 3447.5 0
-1500 -2700.5 3447.5 0

-1500 -2515.5 2947.5 0
-1500 -2700.5 2947.5 0

-1500 -2515.5 3447.5 0
-1500 -2515.5 2947.5 0

-1500 -2700.5 3447.5 0
-1500 -2700.5 2947.5 0

1500 92.5 2947.5 0
0 92.5 2947.5 0

0 92.5 2947.5 0
-750 92.5 2947.5 0
-1500 92.5 2947.5 0

-1500 92.5 2947.5 0

1500 -92.5 2947.5 0
-1500 -92.5 2947.5 0

1500 92.5 2947.5 0
1500 -92.5 2947.5 0

-1500 92.5 2947.5 0
-1500 -92.5 2947.5 0

1500 -92.5 3447.5 0
-1500 -92.5 3447.5 0

1500 92.5 3447.5 0
-1500 92.5 3447.5 0

1500 -92.5 3447.5 0
1500 92.5 3447.5 0

-1500 -92.5 3447.5 0
-1500 92.5 3447.5 0

1500 -92.5 2947.5 0
-1500 -92.5 2947.5 0

1500 -92.5 3447.5 0
-1500 -92.5 3447.5 0

1500 -92.5 2947.5 0
1500 -92.5 3447.5 0

-1500 -92.5 2947.5 0
-1500 -92.5 3447.5 0

1500 92.5 3447.5 0
-1500 92.5 3447.5 0

1500 92.5 2947.5 0
-1500 92.5 2947.5 0

1500 92.5 3447.5 0
1500 92.5 2947.5 0

-1500 92.5 3447.5 0
-1500 92.5 2947.5 0

1500 92.5 2947.5 0
1500 -92.5 2947.5 0

1500 92.5 3447.5 0
1500 -92.5 3447.5 0

1500 92.5 2947.5 0
1500 92.5 3447.5 0

1500 -92.5 2947.5 0
1500 -92.5 3447.5 0

-1500 92.5 3447.5 0
-1500 -92.5 3447.5 0

-1500 92.5 2947.5 0
-1500 -92.5 2947.5 0

-1500 92.5 3447.5 0
-1500 92.5 2947.5 0

-1500 -92.5 3447.5 0
-1500 -92.5 2947.5 0

1500 2700.5 2947.5 0
0 2700.5 2947.5 0

0 2700.5 2947.5 0
-750 2700.5 2947.5 0
-1500 2700.5 2947.5 0

-1500 2700.5 2947.5 0

1500 2515.5 2947.5 0
-1500 2515.5 2947.5 0

1500 2700.5 2947.5 0
1500 2515.5 2947.5 0

-1500 2700.5 2947.5 0
-1500 2515.5 2947.5 0

1500 2515.5 3447.5 0
-1500 2515.5 3447.5 0

1500 2700.5 3447.5 0
-1500 2700.5 3447.5 0

1500 2515.5 3447.5 0
1500 2700.5 3447.5 0

-1500 2515.5 3447.5 0
-1500 2700.5 3447.5 0

1500 2515.5 2947.5 0
-1500 2515.5 2947.5 0

1500 2515.5 3447.5 0
-1500 2515.5 3447.5 0

1500 2515.5 2947.5 0
1500 2515.5 3447.5 0

-1500 2515.5 2947.5 0
-1500 2515.5 3447.5 0

1500 2700.5 3447.5 0
-1500 2700.5 3447.5 0

1500 2700.5 2947.5 0
-1500 2700.5 2947.5 0

1500 2700.5 3447.5 0
1500 2700.5 2947.5 0

-1500 2700.5 3447.5 0
-1500 2700.5 2947.5 0

1500 2700.5 2947.5 0
1500 2515.5 2947.5 0

1500 2700.5 3447.5 0
1500 2515.5 3447.5 0

1500 2700.5 2947.5 0
1500 2700.5 3447.5 0

1500 2515.5 2947.5 0
1500 2515.5 3447.5 0

-1500 2700.5 3447.5 0
-1500 2515.5 3447.5 0

-1500 2700.5 2947.5 0
-1500 2515.5 2947.5 0

-1500 2700.5 3447.5 0
-1500 2700.5 2947.5 0

-1500 2515.5 3447.5 0
-1500 2515.5 2947.5 0

-1967 -4600 -2709.5 0
-1967 0 -2709.5 0

-1967 0 -2709.5 0
-1967 2300 -2709.5 0
-1967 4600 -2709.5 0

-1967 4600 -2709.5 0

-2467 -4600 -2709.5 0
-2467 4600 -2709.5 0

-1967 -4600 -2709.5 0
-2467 -4600 -2709.5 0

-1967 4600 -2709.5 0
-2467 4600 -2709.5 0

-2467 -4600 3447.5 0
-2467 4600 3447.5 0

-1967 -4600 3447.5 0
-1967 4600 3447.5 0

-2467 -4600 3447.5 0
-1967 -4600 3447.5 0

-2467 4600 3447.5 0
-1967 4600 3447.5 0

-2467 -4600 -2709.5 0
-2467 4600 -2709.5 0

-2467 -4600 3447.5 0
-2467 4600 3447.5 0

-2467 -4600 -2709.5 0
-2467 -4600 3447.5 0

-2467 4600 -2709.5 0
-2467 4600 3447.5 0

-1967 -4600 3447.5 0
-1967 4600 3447.5 0

-1967 -4600 -2709.5 0
-1967 4600 -2709.5 0

-1967 -4600 3447.5 0
-1967 -4600 -2709.5 0

-1967 4600 3447.5 0
-1967 4600 -2709.5 0

-1967 -4600 -2709.5 0
-2467 -4600 -2709.5 0

-1967 -4600 3447.5 0
-2467 -4600 3447.5 0

-1967 -4600 -2709.5 0
-1967 -4600 3447.5 0

-2467 -4600 -2709.5 0
-2467 -4600 3447.5 0

-1967 4600 3447.5 0
-2467 4600 3447.5 0

-1967 4600 -2709.5 0
-2467 4600 -2709.5 0

-1967 4600 3447.5 0
-1967 4600 -2709.5 0

-2467 4600 3447.5 0
-2467 4600 -2709.5 0

-2282 92.5 2947.5 0
-2282 1301 2947.5 0

-2282 1301 2947.5 0
-2282 1905.25 2947.5 0
-2282 2509.5 2947.5 0

-2282 2509.5 2947.5 0

-2467 92.5 2947.5 0
-2467 2509.5 2947.5 0

-2282 92.5 2947.5 0
-2467 92.5 2947.5 0

-2282 2509.5 2947.5 0
-2467 2509.5 2947.5 0

-2467 92.5 3447.5 0
-2467 2509.5 3447.5 0

-2282 92.5 3447.5 0
-2282 2509.5 3447.5 0

-2467 92.5 3447.5 0
-2282 92.5 3447.5 0

-2467 2509.5 3447.5 0
-2282 2509.5 3447.5 0

-2467 92.5 2947.5 0
-2467 2509.5 2947.5 0

-2467 92.5 3447.5 0
-2467 2509.5 3447.5 0

-2467 92.5 2947.5 0
-2467 92.5 3447.5 0

-2467 2509.5 2947.5 0
-2467 2509.5 3447.5 0

-2282 92.5 3447.5 0
-2282 2509.5 3447.5 0

-2282 92.5 2947.5 0
-2282 2509.5 2947.5 0

-2282 92.5 3447.5 0
-2282 92.5 2947.5 0

-2282 2509.5 3447.5 0
-2282 2509.5 2947.5 0

-2282 92.5 2947.5 0
-2467 92.5 2947.5 0

-2282 92.5 3447.5 0
-2467 92.5 3447.5 0

-2282 92.5 2947.5 0
-2282 92.5 3447.5 0

-2467 92.5 2947.5 0
-2467 92.5 3447.5 0

-2282 2509.5 3447.5 0
-2467 2509.5 3447.5 0

-2282 2509.5 2947.5 0
-2467 2509.5 2947.5 0

-2282 2509.5 3447.5 0
-2282 2509.5 2947.5 0

-2467 2509.5 3447.5 0
-2467 2509.5 2947.5 0

-2282 -2509.5 2947.5 0
-2282 -1301 2947.5 0

-2282 -1301 2947.5 0
-2282 -696.75 2947.5 0
-2282 -92.5 2947.5 0

-2282 -92.5 2947.5 0

-2467 -2509.5 2947.5 0
-2467 -92.5 2947.5 0

-2282 -2509.5 2947.5 0
-2467 -2509.5 2947.5 0

-2282 -92.5 2947.5 0
-2467 -92.5 2947.5 0

-2467 -2509.5 3447.5 0
-2467 -92.5 3447.5 0

-2282 -2509.5 3447.5 0
-2282 -92.5 3447.5 0

-2467 -2509.5 3447.5 0
-2282 -2509.5 3447.5 0

-2467 -92.5 3447.5 0
-2282 -92.5 3447.5 0

-2467 -2509.5 2947.5 0
-2467 -92.5 2947.5 0

-2467 -2509.5 3447.5 0
-2467 -92.5 3447.5 0

-2467 -2509.5 2947.5 0
-2467 -2509.5 3447.5 0

-2467 -92.5 2947.5 0
-2467 -92.5 3447.5 0

-2282 -2509.5 3447.5 0
-2282 -92.5 3447.5 0

-2282 -2509.5 2947.5 0
-2282 -92.5 2947.5 0

-2282 -2509.5 3447.5 0
-2282 -2509.5 2947.5 0

-2282 -92.5 3447.5 0
-2282 -92.5 2947.5 0

-2282 -2509.5 2947.5 0
-2467 -2509.5 2947.5 0

-2282 -2509.5 3447.5 0
-2467 -2509.5 3447.5 0

-2282 -2509.5 2947.5 0
-2282 -2509.5 3447.5 0

-2467 -2509.5 2947.5 0
-2467 -2509.5 3447.5 0

-2282 -92.5 3447.5 0
-2467 -92.5 3447.5 0

-2282 -92.5 2947.5 0
-2467 -92.5 2947.5 0

-2282 -92.5 3447.5 0
-2282 -92.5 2947.5 0

-2467 -92.5 3447.5 0
-2467 -92.5 2947.5 0

-2467 -2694.5 3447.5 0
-2467 -2602 3447.5 0

-2467 -2602 3447.5 0
-2467 -2555.75 3447.5 0
-2467 -2509.5 3447.5 0

-2467 -2509.5 3447.5 0

-1967 -2694.5 3447.5 0
-1967 -2509.5 3447.5 0

-2467 -2694.5 3447.5 0
-1967 -2694.5 3447.5 0

-2467 -2509.5 3447.5 0
-1967 -2509.5 3447.5 0

-1967 -2694.5 -2709.5 0
-1967 -2509.5 -2709.5 0

-2467 -2694.5 -2709.5 0
-2467 -2509.5 -2709.5 0

-1967 -2694.5 -2709.5 0
-2467 -2694.5 -2709.5 0

-1967 -2509.5 -2709.5 0
-2467 -2509.5 -2709.5 0

-1967 -2694.5 3447.5 0
-1967 -2509.5 3447.5 0

-1967 -2694.5 -2709.5 0
-1967 -2509.5 -2709.5 0

-1967 -2694.5 3447.5 0
-1967 -2694.5 -2709.5 0

-1967 -2509.5 3447.5 0
-1967 -2509.5 -2709.5 0

-2467 -2694.5 -2709.5 0
-2467 -2509.5 -2709.5 0

-2467 -2694.5 3447.5 0
-2467 -2509.5 3447.5 0

-2467 -2694.5 -2709.5 0
-2467 -2694.5 3447.5 0

-2467 -2509.5 -2709.5 0
-2467 -2509.5 3447.5 0

-2467 -2694.5 3447.5 0
-1967 -2694.5 3447.5 0

-2467 -2694.5 -2709.5 0
-1967 -2694.5 -2709.5 0

-2467 -2694.5 3447.5 0
-2467 -2694.5 -2709.5 0

-1967 -2694.5 3447.5 0
-1967 -2694.5 -2709.5 0

-2467 -2509.5 -2709.5 0
-1967 -2509.5 -2709.5 0

-2467 -2509.5 3447.5 0
-1967 -2509.5 3447.5 0

-2467 -2509.5 -2709.5 0
-2467 -2509.5 3447.5 0

-1967 -2509.5 -2709.5 0
-1967 -2509.5 3447.5 0

-2467 -92.5 3447.5 0
-2467 0 3447.5 0

-2467 0 3447.5 0
-2467 46.25 3447.5 0
-2467 92.5 3447.5 0

-2467 92.5 3447.5 0

-1967 -92.5 3447.5 0
-1967 92.5 3447.5 0

-2467 -92.5 3447.5 0
-1967 -92.5 3447.5 0

-2467 92.5 3447.5 0
-1967 92.5 3447.5 0

-1967 -92.5 -2709.5 0
-1967 92.5 -2709.5 0

-2467 -92.5 -2709.5 0
-2467 92.5 -2709.5 0

-1967 -92.5 -2709.5 0
-2467 -92.5 -2709.5 0

-1967 92.5 -2709.5 0
-2467 92.5 -2709.5 0

-1967 -92.5 3447.5 0
-1967 92.5 3447.5 0

-1967 -92.5 -2709.5 0
-1967 92.5 -2709.5 0

-1967 -92.5 3447.5 0
-1967 -92.5 -2709.5 0

-1967 92.5 3447.5 0
-1967 92.5 -2709.5 0

-2467 -92.5 -2709.5 0
-2467 92.5 -2709.5 0

-2467 -92.5 3447.5 0
-2467 92.5 3447.5 0

-2467 -92.5 -2709.5 0
-2467 -92.5 3447.5 0

-2467 92.5 -2709.5 0
-2467 92.5 3447.5 0

-2467 -92.5 3447.5 0
-1967 -92.5 3447.5 0

-2467 -92.5 -2709.5 0
-1967 -92.5 -2709.5 0

-2467 -92.5 3447.5 0
-2467 -92.5 -2709.5 0

-1967 -92.5 3447.5 0
-1967 -92.5 -2709.5 0

-2467 92.5 -2709.5 0
-1967 92.5 -2709.5 0

-2467 92.5 3447.5 0
-1967 92.5 3447.5 0

-2467 92.5 -2709.5 0
-2467 92.5 3447.5 0

-1967 92.5 -2709.5 0
-1967 92.5 3447.5 0

-2467 2509.5 3447.5 0
-2467 2602 3447.5 0

-2467 2602 3447.5 0
-2467 2648.25 3447.5 0
-2467 2694.5 3447.5 0

-2467 2694.5 3447.5 0

-1967 2509.5 3447.5 0
-1967 2694.5 3447.5 0

-2467 2509.5 3447.5 0
-1967 2509.5 3447.5 0

-2467 2694.5 3447.5 0
-1967 2694.5 3447.5 0

-1967 2509.5 -2709.5 0
-1967 2694.5 -2709.5 0

-2467 2509.5 -2709.5 0
-2467 2694.5 -2709.5 0

-1967 2509.5 -2709.5 0
-2467 2509.5 -2709.5 0

-1967 2694.5 -2709.5 0
-2467 2694.5 -2709.5 0

-1967 2509.5 3447.5 0
-1967 2694.5 3447.5 0

-1967 2509.5 -2709.5 0
-1967 2694.5 -2709.5 0

-1967 2509.5 3447.5 0
-1967 2509.5 -2709.5 0

-1967 2694.5 3447.5 0
-1967 2694.5 -2709.5 0

-2467 2509.5 -2709.5 0
-2467 2694.5 -2709.5 0

-2467 2509.5 3447.5 0
-2467 2694.5 3447.5 0

-2467 2509.5 -2709.5 0
-2467 2509.5 3447.5 0

-2467 2694.5 -2709.5 0
-2467 2694.5 3447.5 0

-2467 2509.5 3447.5 0
-1967 2509.5 3447.5 0

-2467 2509.5 -2709.5 0
-1967 2509.5 -2709.5 0

-2467 2509.5 3447.5 0
-2467 2509.5 -2709.5 0

-1967 2509.5 3447.5 0
-1967 2509.5 -2709.5 0

-2467 2694.5 -2709.5 0
-1967 2694.5 -2709.5 0

-2467 2694.5 3447.5 0
-1967 2694.5 3447.5 0

-2467 2694.5 -2709.5 0
-2467 2694.5 3447.5 0

-1967 2694.5 -2709.5 0
-1967 2694.5 3447.5 0

3330 -4600 -2709.5 0
3330 0 -2709.5 0

3330 0 -2709.5 0
3330 2300 -2709.5 0
3330 4600 -2709.5 0

3330 4600 -2709.5 0

2830 -4600 -2709.5 0
2830 4600 -2709.5 0

3330 -4600 -2709.5 0
2830 -4600 -2709.5 0

3330 4600 -2709.5 0
2830 4600 -2709.5 0

2830 -4600 3447.5 0
2830 4600 3447.5 0

3330 -4600 3447.5 0
3330 4600 3447.5 0

2830 -4600 3447.5 0
3330 -4600 3447.5 0

2830 4600 3447.5 0
3330 4600 3447.5 0

2830 -4600 -2709.5 0
2830 4600 -2709.5 0

2830 -4600 3447.5 0
2830 4600 3447.5 0

2830 -4600 -2709.5 0
2830 -4600 3447.5 0

2830 4600 -2709.5 0
2830 4600 3447.5 0

3330 -4600 3447.5 0
3330 4600 3447.5 0

3330 -4600 -2709.5 0
3330 4600 -2709.5 0

3330 -4600 3447.5 0
3330 -4600 -2709.5 0

3330 4600 3447.5 0
3330 4600 -2709.5 0

3330 -4600 -2709.5 0
2830 -4600 -2709.5 0

3330 -4600 3447.5 0
2830 -4600 3447.5 0

3330 -4600 -2709.5 0
3330 -4600 3447.5 0

2830 -4600 -2709.5 0
2830 -4600 3447.5 0

3330 4600 3447.5 0
2830 4600 3447.5 0

3330 4600 -2709.5 0
2830 4600 -2709.5 0

3330 4600 3447.5 0
3330 4600 -2709.5 0

2830 4600 3447.5 0
2830 4600 -2709.5 0

3015 92.5 2947.5 0
3015 1301 2947.5 0

3015 1301 2947.5 0
3015 1905.25 2947.5 0
3015 2509.5 2947.5 0

3015 2509.5 2947.5 0

2830 92.5 2947.5 0
2830 2509.5 2947.5 0

3015 92.5 2947.5 0
2830 92.5 2947.5 0

3015 2509.5 2947.5 0
2830 2509.5 2947.5 0

2830 92.5 3447.5 0
2830 2509.5 3447.5 0

3015 92.5 3447.5 0
3015 2509.5 3447.5 0

2830 92.5 3447.5 0
3015 92.5 3447.5 0

2830 2509.5 3447.5 0
3015 2509.5 3447.5 0

2830 92.5 2947.5 0
2830 2509.5 2947.5 0

2830 92.5 3447.5 0
2830 2509.5 3447.5 0

2830 92.5 2947.5 0
2830 92.5 3447.5 0

2830 2509.5 2947.5 0
2830 2509.5 3447.5 0

3015 92.5 3447.5 0
3015 2509.5 3447.5 0

3015 92.5 2947.5 0
3015 2509.5 2947.5 0

3015 92.5 3447.5 0
3015 92.5 2947.5 0

3015 2509.5 3447.5 0
3015 2509.5 2947.5 0

3015 92.5 2947.5 0
2830 92.5 2947.5 0

3015 92.5 3447.5 0
2830 92.5 3447.5 0

3015 92.5 2947.5 0
3015 92.5 3447.5 0

2830 92.5 2947.5 0
2830 92.5 3447.5 0

3015 2509.5 3447.5 0
2830 2509.5 3447.5 0

3015 2509.5 2947.5 0
2830 2509.5 2947.5 0

3015 2509.5 3447.5 0
3015 2509.5 2947.5 0

2830 2509.5 3447.5 0
2830 2509.5 2947.5 0

3015 -2509.5 2947.5 0
3015 -1301 2947.5 0

3015 -1301 2947.5 0
3015 -696.75 2947.5 0
3015 -92.5 2947.5 0

3015 -92.5 2947.5 0

2830 -2509.5 2947.5 0
2830 -92.5 2947.5 0

3015 -2509.5 2947.5 0
2830 -2509.5 2947.5 0

3015 -92.5 2947.5 0
2830 -92.5 2947.5 0

2830 -2509.5 3447.5 0
2830 -92.5 3447.5 0

3015 -2509.5 3447.5 0
3015 -92.5 3447.5 0

2830 -2509.5 3447.5 0
3015 -2509.5 3447.5 0

2830 -92.5 3447.5 0
3015 -92.5 3447.5 0

2830 -2509.5 2947.5 0
2830 -92.5 2947.5 0

2830 -2509.5 3447.5 0
2830 -92.5 3447.5 0

2830 -2509.5 2947.5 0
2830 -2509.5 3447.5 0

2830 -92.5 2947.5 0
2830 -92.5 3447.5 0

3015 -2509.5 3447.5 0
3015 -92.5 3447.5 0

3015 -2509.5 2947.5 0
3015 -92.5 2947.5 0

3015 -2509.5 3447.5 0
3015 -2509.5 2947.5 0

3015 -92.5 3447.5 0
3015 -92.5 2947.5 0

3015 -2509.5 2947.5 0
2830 -2509.5 2947.5 0

3015 -2509.5 3447.5 0
2830 -2509.5 3447.5 0

3015 -2509.5 2947.5 0
3015 -2509.5 3447.5 0

2830 -2509.5 2947.5 0
2830 -2509.5 3447.5 0

3015 -92.5 3447.5 0
2830 -92.5 3447.5 0

3015 -92.5 2947.5 0
2830 -92.5 2947.5 0

3015 -92.5 3447.5 0
3015 -92.5 2947.5 0

2830 -92.5 3447.5 0
2830 -92.5 2947.5 0

2830 -2694.5 3447.5 0
2830 -2602 3447.5 0

2830 -2602 3447.5 0
2830 -2555.75 3447.5 0
2830 -2509.5 3447.5 0

2830 -2509.5 3447.5 0

3330 -2694.5 3447.5 0
3330 -2509.5 3447.5 0

2830 -2694.5 3447.5 0
3330 -2694.5 3447.5 0

2830 -2509.5 3447.5 0
3330 -2509.5 3447.5 0

3330 -2694.5 -2709.5 0
3330 -2509.5 -2709.5 0

2830 -2694.5 -2709.5 0
2830 -2509.5 -2709.5 0

3330 -2694.5 -2709.5 0
2830 -2694.5 -2709.5 0

3330 -2509.5 -2709.5 0
2830 -2509.5 -2709.5 0

3330 -2694.5 3447.5 0
3330 -2509.5 3447.5 0

3330 -2694.5 -2709.5 0
3330 -2509.5 -2709.5 0

3330 -2694.5 3447.5 0
3330 -2694.5 -2709.5 0

3330 -2509.5 3447.5 0
3330 -2509.5 -2709.5 0

2830 -2694.5 -2709.5 0
2830 -2509.5 -2709.5 0

2830 -2694.5 3447.5 0
2830 -2509.5 3447.5 0

2830 -2694.5 -2709.5 0
2830 -2694.5 3447.5 0

2830 -2509.5 -2709.5 0
2830 -2509.5 3447.5 0

2830 -2694.5 3447.5 0
3330 -2694.5 3447.5 0

2830 -2694.5 -2709.5 0
3330 -2694.5 -2709.5 0

2830 -2694.5 3447.5 0
2830 -2694.5 -2709.5 0

3330 -2694.5 3447.5 0
3330 -2694.5 -2709.5 0

2830 -2509.5 -2709.5 0
3330 -2509.5 -2709.5 0

2830 -2509.5 3447.5 0
3330 -2509.5 3447.5 0

2830 -2509.5 -2709.5 0
2830 -2509.5 3447.5 0

3330 -2509.5 -2709.5 0
3330 -2509.5 3447.5 0

2830 -92.5 3447.5 0
2830 0 3447.5 0

2830 0 3447.5 0
2830 46.25 3447.5 0
2830 92.5 3447.5 0

2830 92.5 3447.5 0

3330 -92.5 3447.5 0
3330 92.5 3447.5 0

2830 -92.5 3447.5 0
3330 -92.5 3447.5 0

2830 92.5 3447.5 0
3330 92.5 3447.5 0

3330 -92.5 -2709.5 0
3330 92.5 -2709.5 0

2830 -92.5 -2709.5 0
2830 92.5 -2709.5 0

3330 -92.5 -2709.5 0
2830 -92.5 -2709.5 0

3330 92.5 -2709.5 0
2830 92.5 -2709.5 0

3330 -92.5 3447.5 0
3330 92.5 3447.5 0

3330 -92.5 -2709.5 0
3330 92.5 -2709.5 0

3330 -92.5 3447.5 0
3330 -92.5 -2709.5 0

3330 92.5 3447.5 0
3330 92.5 -2709.5 0

2830 -92.5 -2709.5 0
2830 92.5 -2709.5 0

2830 -92.5 3447.5 0
2830 92.5 3447.5 0

2830 -92.5 -2709.5 0
2830 -92.5 3447.5 0

2830 92.5 -2709.5 0
2830 92.5 3447.5 0

2830 -92.5 3447.5 0
3330 -92.5 3447.5 0

2830 -92.5 -2709.5 0
3330 -92.5 -2709.5 0

2830 -92.5 3447.5 0
2830 -92.5 -2709.5 0

3330 -92.5 3447.5 0
3330 -92.5 -2709.5 0

2830 92.5 -2709.5 0
3330 92.5 -2709.5 0

2830 92.5 3447.5 0
3330 92.5 3447.5 0

2830 92.5 -2709.5 0
2830 92.5 3447.5 0

3330 92.5 -2709.5 0
3330 92.5 3447.5 0

2830 2509.5 3447.5 0
2830 2602 3447.5 0

2830 2602 3447.5 0
2830 2648.25 3447.5 0
2830 2694.5 3447.5 0

2830 2694.5 3447.5 0

3330 2509.5 3447.5 0
3330 2694.5 3447.5 0

2830 2509.5 3447.5 0
3330 2509.5 3447.5 0

2830 2694.5 3447.5 0
3330 2694.5 3447.5 0

3330 2509.5 -2709.5 0
3330 2694.5 -2709.5 0

2830 2509.5 -2709.5 0
2830 2694.5 -2709.5 0

3330 2509.5 -2709.5 0
2830 2509.5 -2709.5 0

3330 2694.5 -2709.5 0
2830 2694.5 -2709.5 0

3330 2509.5 3447.5 0
3330 2694.5 3447.5 0

3330 2509.5 -2709.5 0
3330 2694.5 -2709.5 0

3330 2509.5 3447.5 0
3330 2509.5 -2709.5 0

3330 2694.5 3447.5 0
3330 2694.5 -2709.5 0

2830 2509.5 -2709.5 0
2830 2694.5 -2709.5 0

2830 2509.5 3447.5 0
2830 2694.5 3447.5 0

2830 2509.5 -2709.5 0
2830 2509.5 3447.5 0

2830 2694.5 -2709.5 0
2830 2694.5 3447.5 0

2830 2509.5 3447.5 0
3330 2509.5 3447.5 0

2830 2509.5 -2709.5 0
3330 2509.5 -2709.5 0

2830 2509.5 3447.5 0
2830 2509.5 -2709.5 0

3330 2509.5 3447.5 0
3330 2509.5 -2709.5 0

2830 2694.5 -2709.5 0
3330 2694.5 -2709.5 0

2830 2694.5 3447.5 0
3330 2694.5 3447.5 0

2830 2694.5 -2709.5 0
2830 2694.5 3447.5 0

3330 2694.5 -2709.5 0
3330 2694.5 3447.5 0

2831 -4275 -2700 0
2831 0 -2700 0

2831 0 -2700 0
2831 2137.5 -2700 0
2831 4275 -2700 0

2831 4275 -2700 0

1901 -4275 -2700 0
1901 4275 -2700 0

2831 -4275 -2700 0
1901 -4275 -2700 0

2831 4275 -2700 0
1901 4275 -2700 0

1901 -4275 3438 0
1901 4275 3438 0

2831 -4275 3438 0
2831 4275 3438 0

1901 -4275 3438 0
2831 -4275 3438 0

1901 4275 3438 0
2831 4275 3438 0

1901 -4275 -2700 0
1901 4275 -2700 0

1901 -4275 3438 0
1901 4275 3438 0

1901 -4275 -2700 0
1901 -4275 3438 0

1901 4275 -2700 0
1901 4275 3438 0

2831 -4275 3438 0
2831 4275 3438 0

2831 -4275 -2700 0
2831 4275 -2700 0

2831 -4275 3438 0
2831 -4275 -2700 0

2831 4275 3438 0
2831 4275 -2700 0

2831 -4275 -2700 0
1901 -4275 -2700 0

2831 -4275 3438 0
1901 -4275 3438 0

2831 -4275 -2700 0
2831 -4275 3438 0

1901 -4275 -2700 0
1901 -4275 3438 0

2831 4275 3438 0
1901 4275 3438 0

2831 4275 -2700 0
1901 4275 -2700 0

2831 4275 3438 0
2831 4275 -2700 0

1901 4275 3438 0
1901 4275 -2700 0

3011 -2458 -2700 0
2546 -2458 -2700 0

2546 -2458 -2700 0
2313.5 -2458 -2700 0
2081 -2458 -2700 0

2081 -2458 -2700 0

3011 -2758 -2700 0
2081 -2758 -2700 0

3011 -2458 -2700 0
3011 -2758 -2700 0

2081 -2458 -2700 0
2081 -2758 -2700 0

3011 -2758 -2100 0
2081 -2758 -2100 0

3011 -2458 -2100 0
2081 -2458 -2100 0

3011 -2758 -2100 0
3011 -2458 -2100 0

2081 -2758 -2100 0
2081 -2458 -2100 0

3011 -2758 -2700 0
2081 -2758 -2700 0

3011 -2758 -2100 0
2081 -2758 -2100 0

3011 -2758 -2700 0
3011 -2758 -2100 0

2081 -2758 -2700 0
2081 -2758 -2100 0

3011 -2458 -2100 0
2081 -2458 -2100 0

3011 -2458 -2700 0
2081 -2458 -2700 0

3011 -2458 -2100 0
3011 -2458 -2700 0

2081 -2458 -2100 0
2081 -2458 -2700 0

3011 -2458 -2700 0
3011 -2758 -2700 0

3011 -2458 -2100 0
3011 -2758 -2100 0

3011 -2458 -2700 0
3011 -2458 -2100 0

3011 -2758 -2700 0
3011 -2758 -2100 0

2081 -2458 -2100 0
2081 -2758 -2100 0

2081 -2458 -2700 0
2081 -2758 -2700 0

2081 -2458 -2100 0
2081 -2458 -2700 0

2081 -2758 -2100 0
2081 -2758 -2700 0

3011 150 -2700 0
2546 150 -2700 0

2546 150 -2700 0
2313.5 150 -2700 0
2081 150 -2700 0

2081 150 -2700 0

3011 -150 -2700 0
2081 -150 -2700 0

3011 150 -2700 0
3011 -150 -2700 0

2081 150 -2700 0
2081 -150 -2700 0

3011 -150 -2100 0
2081 -150 -2100 0

3011 150 -2100 0
2081 150 -2100 0

3011 -150 -2100 0
3011 150 -2100 0

2081 -150 -2100 0
2081 150 -2100 0

3011 -150 -2700 0
2081 -150 -2700 0

3011 -150 -2100 0
2081 -150 -2100 0

3011 -150 -2700 0
3011 -150 -2100 0

2081 -150 -2700 0
2081 -150 -2100 0

3011 150 -2100 0
2081 150 -2100 0

3011 150 -2700 0
2081 150 -2700 0

3011 150 -2100 0
3011 150 -2700 0

2081 150 -2100 0
2081 150 -2700 0

3011 150 -2700 0
3011 -150 -2700 0

3011 150 -2100 0
3011 -150 -2100 0

3011 150 -2700 0
3011 150 -2100 0

3011 -150 -2700 0
3011 -150 -2100 0

2081 150 -2100 0
2081 -150 -2100 0

2081 150 -2700 0
2081 -150 -2700 0

2081 150 -2100 0
2081 150 -2700 0

2081 -150 -2100 0
2081 -150 -2700 0

3011 2758 -2700 0
2546 2758 -2700 0

2546 2758 -2700 0
2313.5 2758 -2700 0
2081 2758 -2700 0

2081 2758 -2700 0

3011 2458 -2700 0
2081 2458 -2700 0

3011 2758 -2700 0
3011 2458 -2700 0

2081 2758 -2700 0
2081 2458 -2700 0

3011 2458 -2100 0
2081 2458 -2100 0

3011 2758 -2100 0
2081 2758 -2100 0

3011 2458 -2100 0
3011 2758 -2100 0

2081 2458 -2100 0
2081 2758 -2100 0

3011 2458 -2700 0
2081 2458 -2700 0

3011 2458 -2100 0
2081 2458 -2100 0

3011 2458 -2700 0
3011 2458 -2100 0

2081 2458 -2700 0
2081 2458 -2100 0

3011 2758 -2100 0
2081 2758 -2100 0

3011 2758 -2700 0
2081 2758 -2700 0

3011 2758 -2100 0
3011 2758 -2700 0

2081 2758 -2100 0
2081 2758 -2700 0

3011 2758 -2700 0
3011 2458 -2700 0

3011 2758 -2100 0
3011 2458 -2100 0

3011 2758 -2700 0
3011 2758 -2100 0

3011 2458 -2700 0
3011 2458 -2100 0

2081 2758 -2100 0
2081 2458 -2100 0

2081 2758 -2700 0
2081 2458 -2700 0

2081 2758 -2100 0
2081 2758 -2700 0

2081 2458 -2100 0
2081 2458 -2700 0

3011 -2515.5 2888 0
2546 -2515.5 2888 0

2546 -2515.5 2888 0
2313.5 -2515.5 2888 0
2081 -2515.5 2888 0

2081 -2515.5 2888 0

3011 -2700.5 2888 0
2081 -2700.5 2888 0

3011 -2515.5 2888 0
3011 -2700.5 2888 0

2081 -2515.5 2888 0
2081 -2700.5 2888 0

3011 -2700.5 3388 0
2081 -2700.5 3388 0

3011 -2515.5 3388 0
2081 -2515.5 3388 0

3011 -2700.5 3388 0
3011 -2515.5 3388 0

2081 -2700.5 3388 0
2081 -2515.5 3388 0

3011 -2700.5 2888 0
2081 -2700.5 2888 0

3011 -2700.5 3388 0
2081 -2700.5 3388 0

3011 -2700.5 2888 0
3011 -2700.5 3388 0

2081 -2700.5 2888 0
2081 -2700.5 3388 0

3011 -2515.5 3388 0
2081 -2515.5 3388 0

3011 -2515.5 2888 0
2081 -2515.5 2888 0

3011 -2515.5 3388 0
3011 -2515.5 2888 0

2081 -2515.5 3388 0
2081 -2515.5 2888 0

3011 -2515.5 2888 0
3011 -2700.5 2888 0

3011 -2515.5 3388 0
3011 -2700.5 3388 0

3011 -2515.5 2888 0
3011 -2515.5 3388 0

3011 -2700.5 2888 0
3011 -2700.5 3388 0

2081 -2515.5 3388 0
2081 -2700.5 3388 0

2081 -2515.5 2888 0
2081 -2700.5 2888 0

2081 -2515.5 3388 0
2081 -2515.5 2888 0

2081 -2700.5 3388 0
2081 -2700.5 2888 0

3011 92.5 2888 0
2546 92.5 2888 0

2546 92.5 2888 0
2313.5 92.5 2888 0
2081 92.5 2888 0

2081 92.5 2888 0

3011 -92.5 2888 0
2081 -92.5 2888 0

3011 92.5 2888 0
3011 -92.5 2888 0

2081 92.5 2888 0
2081 -92.5 2888 0

3011 -92.5 3388 0
2081 -92.5 3388 0

3011 92.5 3388 0
2081 92.5 3388 0

3011 -92.5 3388 0
3011 92.5 3388 0

2081 -92.5 3388 0
2081 92.5 3388 0

3011 -92.5 2888 0
2081 -92.5 2888 0

3011 -92.5 3388 0
2081 -92.5 3388 0

3011 -92.5 2888 0
3011 -92.5 3388 0

2081 -92.5 2888 0
2081 -92.5 3388 0

3011 92.5 3388 0
2081 92.5 3388 0

3011 92.5 2888 0
2081 92.5 2888 0

3011 92.5 3388 0
3011 92.5 2888 0

2081 92.5 3388 0
2081 92.5 2888 0

3011 92.5 2888 0
3011 -92.5 2888 0

3011 92.5 3388 0
3011 -92.5 3388 0

3011 92.5 2888 0
3011 92.5 3388 0

3011 -92.5 2888 0
3011 -92.5 3388 0

2081 92.5 3388 0
2081 -92.5 3388 0

2081 92.5 2888 0
2081 -92.5 2888 0

2081 92.5 3388 0
2081 92.5 2888 0

2081 -92.5 3388 0
2081 -92.5 2888 0

3011 2700.5 2888 0
2546 2700.5 2888 0

2546 2700.5 2888 0
2313.5 2700.5 2888 0
2081 2700.5 2888 0

2081 2700.5 2888 0

3011 2515.5 2888 0
2081 2515.5 2888 0

3011 2700.5 2888 0
3011 2515.5 2888 0

2081 2700.5 2888 0
2081 2515.5 2888 0

3011 2515.5 3388 0
2081 2515.5 3388 0

3011 2700.5 3388 0
2081 2700.5 3388 0

3011 2515.5 3388 0
3011 2700.5 3388 0

2081 2515.5 3388 0
2081 2700.5 3388 0

3011 2515.5 2888 0
2081 2515.5 2888 0

3011 2515.5 3388 0
2081 2515.5 3388 0

3011 2515.5 2888 0
3011 2515.5 3388 0

2081 2515.5 2888 0
2081 2515.5 3388 0

3011 2700.5 3388 0
2081 2700.5 3388 0

3011 2700.5 2888 0
2081 2700.5 2888 0

3011 2700.5 3388 0
3011 2700.5 2888 0

2081 2700.5 3388 0
2081 2700.5 2888 0

3011 2700.5 2888 0
3011 2515.5 2888 0

3011 2700.5 3388 0
3011 2515.5 3388 0

3011 2700.5 2888 0
3011 2700.5 3388 0

3011 2515.5 2888 0
3011 2515.5 3388 0

2081 2700.5 3388 0
2081 2515.5 3388 0

2081 2700.5 2888 0
2081 2515.5 2888 0

2081 2700.5 3388 0
2081 2700.5 2888 0

2081 2515.5 3388 0
2081 2515.5 2888 0

# end of label='grey'
