# Temporary file generated by the 'geomtools::gnuplot_drawer'
# class for visualization.
# label='grey'
430 -4600 -3078.5 0
430 0 -3078.5 0

430 0 -3078.5 0
430 2300 -3078.5 0
430 4600 -3078.5 0

430 4600 -3078.5 0

-430 -4600 -3078.5 0
-430 4600 -3078.5 0

430 -4600 -3078.5 0
-430 -4600 -3078.5 0

430 4600 -3078.5 0
-430 4600 -3078.5 0

-430 -4600 3078.5 0
-430 4600 3078.5 0

430 -4600 3078.5 0
430 4600 3078.5 0

-430 -4600 3078.5 0
430 -4600 3078.5 0

-430 4600 3078.5 0
430 4600 3078.5 0

-430 -4600 -3078.5 0
-430 4600 -3078.5 0

-430 -4600 3078.5 0
-430 4600 3078.5 0

-430 -4600 -3078.5 0
-430 -4600 3078.5 0

-430 4600 -3078.5 0
-430 4600 3078.5 0

430 -4600 3078.5 0
430 4600 3078.5 0

430 -4600 -3078.5 0
430 4600 -3078.5 0

430 -4600 3078.5 0
430 -4600 -3078.5 0

430 4600 3078.5 0
430 4600 -3078.5 0

430 -4600 -3078.5 0
-430 -4600 -3078.5 0

430 -4600 3078.5 0
-430 -4600 3078.5 0

430 -4600 -3078.5 0
430 -4600 3078.5 0

-430 -4600 -3078.5 0
-430 -4600 3078.5 0

430 4600 3078.5 0
-430 4600 3078.5 0

430 4600 -3078.5 0
-430 4600 -3078.5 0

430 4600 3078.5 0
430 4600 -3078.5 0

-430 4600 3078.5 0
-430 4600 -3078.5 0

-70 -4275 -3069 0
-70 0 -3069 0

-70 0 -3069 0
-70 2137.5 -3069 0
-70 4275 -3069 0

-70 4275 -3069 0

-430 -4275 -3069 0
-430 4275 -3069 0

-70 -4275 -3069 0
-430 -4275 -3069 0

-70 4275 -3069 0
-430 4275 -3069 0

-430 -4275 3069 0
-430 4275 3069 0

-70 -4275 3069 0
-70 4275 3069 0

-430 -4275 3069 0
-70 -4275 3069 0

-430 4275 3069 0
-70 4275 3069 0

-430 -4275 -3069 0
-430 4275 -3069 0

-430 -4275 3069 0
-430 4275 3069 0

-430 -4275 -3069 0
-430 -4275 3069 0

-430 4275 -3069 0
-430 4275 3069 0

-70 -4275 3069 0
-70 4275 3069 0

-70 -4275 -3069 0
-70 4275 -3069 0

-70 -4275 3069 0
-70 -4275 -3069 0

-70 4275 3069 0
-70 4275 -3069 0

-70 -4275 -3069 0
-430 -4275 -3069 0

-70 -4275 3069 0
-430 -4275 3069 0

-70 -4275 -3069 0
-70 -4275 3069 0

-430 -4275 -3069 0
-430 -4275 3069 0

-70 4275 3069 0
-430 4275 3069 0

-70 4275 -3069 0
-430 4275 -3069 0

-70 4275 3069 0
-70 4275 -3069 0

-430 4275 3069 0
-430 4275 -3069 0

-250 -2515.5 2519 0
-340 -2515.5 2519 0

-340 -2515.5 2519 0
-385 -2515.5 2519 0
-430 -2515.5 2519 0

-430 -2515.5 2519 0

-250 -2700.5 2519 0
-430 -2700.5 2519 0

-250 -2515.5 2519 0
-250 -2700.5 2519 0

-430 -2515.5 2519 0
-430 -2700.5 2519 0

-250 -2700.5 3019 0
-430 -2700.5 3019 0

-250 -2515.5 3019 0
-430 -2515.5 3019 0

-250 -2700.5 3019 0
-250 -2515.5 3019 0

-430 -2700.5 3019 0
-430 -2515.5 3019 0

-250 -2700.5 2519 0
-430 -2700.5 2519 0

-250 -2700.5 3019 0
-430 -2700.5 3019 0

-250 -2700.5 2519 0
-250 -2700.5 3019 0

-430 -2700.5 2519 0
-430 -2700.5 3019 0

-250 -2515.5 3019 0
-430 -2515.5 3019 0

-250 -2515.5 2519 0
-430 -2515.5 2519 0

-250 -2515.5 3019 0
-250 -2515.5 2519 0

-430 -2515.5 3019 0
-430 -2515.5 2519 0

-250 -2515.5 2519 0
-250 -2700.5 2519 0

-250 -2515.5 3019 0
-250 -2700.5 3019 0

-250 -2515.5 2519 0
-250 -2515.5 3019 0

-250 -2700.5 2519 0
-250 -2700.5 3019 0

-430 -2515.5 3019 0
-430 -2700.5 3019 0

-430 -2515.5 2519 0
-430 -2700.5 2519 0

-430 -2515.5 3019 0
-430 -2515.5 2519 0

-430 -2700.5 3019 0
-430 -2700.5 2519 0

-250 92.5 2519 0
-340 92.5 2519 0

-340 92.5 2519 0
-385 92.5 2519 0
-430 92.5 2519 0

-430 92.5 2519 0

-250 -92.5 2519 0
-430 -92.5 2519 0

-250 92.5 2519 0
-250 -92.5 2519 0

-430 92.5 2519 0
-430 -92.5 2519 0

-250 -92.5 3019 0
-430 -92.5 3019 0

-250 92.5 3019 0
-430 92.5 3019 0

-250 -92.5 3019 0
-250 92.5 3019 0

-430 -92.5 3019 0
-430 92.5 3019 0

-250 -92.5 2519 0
-430 -92.5 2519 0

-250 -92.5 3019 0
-430 -92.5 3019 0

-250 -92.5 2519 0
-250 -92.5 3019 0

-430 -92.5 2519 0
-430 -92.5 3019 0

-250 92.5 3019 0
-430 92.5 3019 0

-250 92.5 2519 0
-430 92.5 2519 0

-250 92.5 3019 0
-250 92.5 2519 0

-430 92.5 3019 0
-430 92.5 2519 0

-250 92.5 2519 0
-250 -92.5 2519 0

-250 92.5 3019 0
-250 -92.5 3019 0

-250 92.5 2519 0
-250 92.5 3019 0

-250 -92.5 2519 0
-250 -92.5 3019 0

-430 92.5 3019 0
-430 -92.5 3019 0

-430 92.5 2519 0
-430 -92.5 2519 0

-430 92.5 3019 0
-430 92.5 2519 0

-430 -92.5 3019 0
-430 -92.5 2519 0

-250 2700.5 2519 0
-340 2700.5 2519 0

-340 2700.5 2519 0
-385 2700.5 2519 0
-430 2700.5 2519 0

-430 2700.5 2519 0

-250 2515.5 2519 0
-430 2515.5 2519 0

-250 2700.5 2519 0
-250 2515.5 2519 0

-430 2700.5 2519 0
-430 2515.5 2519 0

-250 2515.5 3019 0
-430 2515.5 3019 0

-250 2700.5 3019 0
-430 2700.5 3019 0

-250 2515.5 3019 0
-250 2700.5 3019 0

-430 2515.5 3019 0
-430 2700.5 3019 0

-250 2515.5 2519 0
-430 2515.5 2519 0

-250 2515.5 3019 0
-430 2515.5 3019 0

-250 2515.5 2519 0
-250 2515.5 3019 0

-430 2515.5 2519 0
-430 2515.5 3019 0

-250 2700.5 3019 0
-430 2700.5 3019 0

-250 2700.5 2519 0
-430 2700.5 2519 0

-250 2700.5 3019 0
-250 2700.5 2519 0

-430 2700.5 3019 0
-430 2700.5 2519 0

-250 2700.5 2519 0
-250 2515.5 2519 0

-250 2700.5 3019 0
-250 2515.5 3019 0

-250 2700.5 2519 0
-250 2700.5 3019 0

-250 2515.5 2519 0
-250 2515.5 3019 0

-430 2700.5 3019 0
-430 2515.5 3019 0

-430 2700.5 2519 0
-430 2515.5 2519 0

-430 2700.5 3019 0
-430 2700.5 2519 0

-430 2515.5 3019 0
-430 2515.5 2519 0

430 -4600 -3078.5 0
430 0 -3078.5 0

430 0 -3078.5 0
430 2300 -3078.5 0
430 4600 -3078.5 0

430 4600 -3078.5 0

-70 -4600 -3078.5 0
-70 4600 -3078.5 0

430 -4600 -3078.5 0
-70 -4600 -3078.5 0

430 4600 -3078.5 0
-70 4600 -3078.5 0

-70 -4600 3078.5 0
-70 4600 3078.5 0

430 -4600 3078.5 0
430 4600 3078.5 0

-70 -4600 3078.5 0
430 -4600 3078.5 0

-70 4600 3078.5 0
430 4600 3078.5 0

-70 -4600 -3078.5 0
-70 4600 -3078.5 0

-70 -4600 3078.5 0
-70 4600 3078.5 0

-70 -4600 -3078.5 0
-70 -4600 3078.5 0

-70 4600 -3078.5 0
-70 4600 3078.5 0

430 -4600 3078.5 0
430 4600 3078.5 0

430 -4600 -3078.5 0
430 4600 -3078.5 0

430 -4600 3078.5 0
430 -4600 -3078.5 0

430 4600 3078.5 0
430 4600 -3078.5 0

430 -4600 -3078.5 0
-70 -4600 -3078.5 0

430 -4600 3078.5 0
-70 -4600 3078.5 0

430 -4600 -3078.5 0
430 -4600 3078.5 0

-70 -4600 -3078.5 0
-70 -4600 3078.5 0

430 4600 3078.5 0
-70 4600 3078.5 0

430 4600 -3078.5 0
-70 4600 -3078.5 0

430 4600 3078.5 0
430 4600 -3078.5 0

-70 4600 3078.5 0
-70 4600 -3078.5 0

115 92.5 2578.5 0
115 1301 2578.5 0

115 1301 2578.5 0
115 1905.25 2578.5 0
115 2509.5 2578.5 0

115 2509.5 2578.5 0

-70 92.5 2578.5 0
-70 2509.5 2578.5 0

115 92.5 2578.5 0
-70 92.5 2578.5 0

115 2509.5 2578.5 0
-70 2509.5 2578.5 0

-70 92.5 3078.5 0
-70 2509.5 3078.5 0

115 92.5 3078.5 0
115 2509.5 3078.5 0

-70 92.5 3078.5 0
115 92.5 3078.5 0

-70 2509.5 3078.5 0
115 2509.5 3078.5 0

-70 92.5 2578.5 0
-70 2509.5 2578.5 0

-70 92.5 3078.5 0
-70 2509.5 3078.5 0

-70 92.5 2578.5 0
-70 92.5 3078.5 0

-70 2509.5 2578.5 0
-70 2509.5 3078.5 0

115 92.5 3078.5 0
115 2509.5 3078.5 0

115 92.5 2578.5 0
115 2509.5 2578.5 0

115 92.5 3078.5 0
115 92.5 2578.5 0

115 2509.5 3078.5 0
115 2509.5 2578.5 0

115 92.5 2578.5 0
-70 92.5 2578.5 0

115 92.5 3078.5 0
-70 92.5 3078.5 0

115 92.5 2578.5 0
115 92.5 3078.5 0

-70 92.5 2578.5 0
-70 92.5 3078.5 0

115 2509.5 3078.5 0
-70 2509.5 3078.5 0

115 2509.5 2578.5 0
-70 2509.5 2578.5 0

115 2509.5 3078.5 0
115 2509.5 2578.5 0

-70 2509.5 3078.5 0
-70 2509.5 2578.5 0

115 -2509.5 2578.5 0
115 -1301 2578.5 0

115 -1301 2578.5 0
115 -696.75 2578.5 0
115 -92.5 2578.5 0

115 -92.5 2578.5 0

-70 -2509.5 2578.5 0
-70 -92.5 2578.5 0

115 -2509.5 2578.5 0
-70 -2509.5 2578.5 0

115 -92.5 2578.5 0
-70 -92.5 2578.5 0

-70 -2509.5 3078.5 0
-70 -92.5 3078.5 0

115 -2509.5 3078.5 0
115 -92.5 3078.5 0

-70 -2509.5 3078.5 0
115 -2509.5 3078.5 0

-70 -92.5 3078.5 0
115 -92.5 3078.5 0

-70 -2509.5 2578.5 0
-70 -92.5 2578.5 0

-70 -2509.5 3078.5 0
-70 -92.5 3078.5 0

-70 -2509.5 2578.5 0
-70 -2509.5 3078.5 0

-70 -92.5 2578.5 0
-70 -92.5 3078.5 0

115 -2509.5 3078.5 0
115 -92.5 3078.5 0

115 -2509.5 2578.5 0
115 -92.5 2578.5 0

115 -2509.5 3078.5 0
115 -2509.5 2578.5 0

115 -92.5 3078.5 0
115 -92.5 2578.5 0

115 -2509.5 2578.5 0
-70 -2509.5 2578.5 0

115 -2509.5 3078.5 0
-70 -2509.5 3078.5 0

115 -2509.5 2578.5 0
115 -2509.5 3078.5 0

-70 -2509.5 2578.5 0
-70 -2509.5 3078.5 0

115 -92.5 3078.5 0
-70 -92.5 3078.5 0

115 -92.5 2578.5 0
-70 -92.5 2578.5 0

115 -92.5 3078.5 0
115 -92.5 2578.5 0

-70 -92.5 3078.5 0
-70 -92.5 2578.5 0

-70 -2694.5 3078.5 0
-70 -2602 3078.5 0

-70 -2602 3078.5 0
-70 -2555.75 3078.5 0
-70 -2509.5 3078.5 0

-70 -2509.5 3078.5 0

430 -2694.5 3078.5 0
430 -2509.5 3078.5 0

-70 -2694.5 3078.5 0
430 -2694.5 3078.5 0

-70 -2509.5 3078.5 0
430 -2509.5 3078.5 0

430 -2694.5 -3078.5 0
430 -2509.5 -3078.5 0

-70 -2694.5 -3078.5 0
-70 -2509.5 -3078.5 0

430 -2694.5 -3078.5 0
-70 -2694.5 -3078.5 0

430 -2509.5 -3078.5 0
-70 -2509.5 -3078.5 0

430 -2694.5 3078.5 0
430 -2509.5 3078.5 0

430 -2694.5 -3078.5 0
430 -2509.5 -3078.5 0

430 -2694.5 3078.5 0
430 -2694.5 -3078.5 0

430 -2509.5 3078.5 0
430 -2509.5 -3078.5 0

-70 -2694.5 -3078.5 0
-70 -2509.5 -3078.5 0

-70 -2694.5 3078.5 0
-70 -2509.5 3078.5 0

-70 -2694.5 -3078.5 0
-70 -2694.5 3078.5 0

-70 -2509.5 -3078.5 0
-70 -2509.5 3078.5 0

-70 -2694.5 3078.5 0
430 -2694.5 3078.5 0

-70 -2694.5 -3078.5 0
430 -2694.5 -3078.5 0

-70 -2694.5 3078.5 0
-70 -2694.5 -3078.5 0

430 -2694.5 3078.5 0
430 -2694.5 -3078.5 0

-70 -2509.5 -3078.5 0
430 -2509.5 -3078.5 0

-70 -2509.5 3078.5 0
430 -2509.5 3078.5 0

-70 -2509.5 -3078.5 0
-70 -2509.5 3078.5 0

430 -2509.5 -3078.5 0
430 -2509.5 3078.5 0

-70 -92.5 3078.5 0
-70 0 3078.5 0

-70 0 3078.5 0
-70 46.25 3078.5 0
-70 92.5 3078.5 0

-70 92.5 3078.5 0

430 -92.5 3078.5 0
430 92.5 3078.5 0

-70 -92.5 3078.5 0
430 -92.5 3078.5 0

-70 92.5 3078.5 0
430 92.5 3078.5 0

430 -92.5 -3078.5 0
430 92.5 -3078.5 0

-70 -92.5 -3078.5 0
-70 92.5 -3078.5 0

430 -92.5 -3078.5 0
-70 -92.5 -3078.5 0

430 92.5 -3078.5 0
-70 92.5 -3078.5 0

430 -92.5 3078.5 0
430 92.5 3078.5 0

430 -92.5 -3078.5 0
430 92.5 -3078.5 0

430 -92.5 3078.5 0
430 -92.5 -3078.5 0

430 92.5 3078.5 0
430 92.5 -3078.5 0

-70 -92.5 -3078.5 0
-70 92.5 -3078.5 0

-70 -92.5 3078.5 0
-70 92.5 3078.5 0

-70 -92.5 -3078.5 0
-70 -92.5 3078.5 0

-70 92.5 -3078.5 0
-70 92.5 3078.5 0

-70 -92.5 3078.5 0
430 -92.5 3078.5 0

-70 -92.5 -3078.5 0
430 -92.5 -3078.5 0

-70 -92.5 3078.5 0
-70 -92.5 -3078.5 0

430 -92.5 3078.5 0
430 -92.5 -3078.5 0

-70 92.5 -3078.5 0
430 92.5 -3078.5 0

-70 92.5 3078.5 0
430 92.5 3078.5 0

-70 92.5 -3078.5 0
-70 92.5 3078.5 0

430 92.5 -3078.5 0
430 92.5 3078.5 0

-70 2509.5 3078.5 0
-70 2602 3078.5 0

-70 2602 3078.5 0
-70 2648.25 3078.5 0
-70 2694.5 3078.5 0

-70 2694.5 3078.5 0

430 2509.5 3078.5 0
430 2694.5 3078.5 0

-70 2509.5 3078.5 0
430 2509.5 3078.5 0

-70 2694.5 3078.5 0
430 2694.5 3078.5 0

430 2509.5 -3078.5 0
430 2694.5 -3078.5 0

-70 2509.5 -3078.5 0
-70 2694.5 -3078.5 0

430 2509.5 -3078.5 0
-70 2509.5 -3078.5 0

430 2694.5 -3078.5 0
-70 2694.5 -3078.5 0

430 2509.5 3078.5 0
430 2694.5 3078.5 0

430 2509.5 -3078.5 0
430 2694.5 -3078.5 0

430 2509.5 3078.5 0
430 2509.5 -3078.5 0

430 2694.5 3078.5 0
430 2694.5 -3078.5 0

-70 2509.5 -3078.5 0
-70 2694.5 -3078.5 0

-70 2509.5 3078.5 0
-70 2694.5 3078.5 0

-70 2509.5 -3078.5 0
-70 2509.5 3078.5 0

-70 2694.5 -3078.5 0
-70 2694.5 3078.5 0

-70 2509.5 3078.5 0
430 2509.5 3078.5 0

-70 2509.5 -3078.5 0
430 2509.5 -3078.5 0

-70 2509.5 3078.5 0
-70 2509.5 -3078.5 0

430 2509.5 3078.5 0
430 2509.5 -3078.5 0

-70 2694.5 -3078.5 0
430 2694.5 -3078.5 0

-70 2694.5 3078.5 0
430 2694.5 3078.5 0

-70 2694.5 -3078.5 0
-70 2694.5 3078.5 0

430 2694.5 -3078.5 0
430 2694.5 3078.5 0

# end of label='grey'
