# Temporary file generated by the 'geomtools::gnuplot_drawer'
# class for visualization.
# label='green'
-250 -2599 2539 0
-340 -2599 2539 0

-340 -2599 2539 0
-385 -2599 2539 0
-430 -2599 2539 0

-430 -2599 2539 0

-250 -2617 2539 0
-430 -2617 2539 0

-250 -2599 2539 0
-250 -2617 2539 0

-430 -2599 2539 0
-430 -2617 2539 0

-250 -2617 2999 0
-430 -2617 2999 0

-250 -2599 2999 0
-430 -2599 2999 0

-250 -2617 2999 0
-250 -2599 2999 0

-430 -2617 2999 0
-430 -2599 2999 0

-250 -2617 2539 0
-430 -2617 2539 0

-250 -2617 2999 0
-430 -2617 2999 0

-250 -2617 2539 0
-250 -2617 2999 0

-430 -2617 2539 0
-430 -2617 2999 0

-250 -2599 2999 0
-430 -2599 2999 0

-250 -2599 2539 0
-430 -2599 2539 0

-250 -2599 2999 0
-250 -2599 2539 0

-430 -2599 2999 0
-430 -2599 2539 0

-250 -2599 2539 0
-250 -2617 2539 0

-250 -2599 2999 0
-250 -2617 2999 0

-250 -2599 2539 0
-250 -2599 2999 0

-250 -2617 2539 0
-250 -2617 2999 0

-430 -2599 2999 0
-430 -2617 2999 0

-430 -2599 2539 0
-430 -2617 2539 0

-430 -2599 2999 0
-430 -2599 2539 0

-430 -2617 2999 0
-430 -2617 2539 0

-250 -2515.5 2519 0
-340 -2515.5 2519 0

-340 -2515.5 2519 0
-385 -2515.5 2519 0
-430 -2515.5 2519 0

-430 -2515.5 2519 0

-250 -2700.5 2519 0
-430 -2700.5 2519 0

-250 -2515.5 2519 0
-250 -2700.5 2519 0

-430 -2515.5 2519 0
-430 -2700.5 2519 0

-250 -2700.5 2539 0
-430 -2700.5 2539 0

-250 -2515.5 2539 0
-430 -2515.5 2539 0

-250 -2700.5 2539 0
-250 -2515.5 2539 0

-430 -2700.5 2539 0
-430 -2515.5 2539 0

-250 -2700.5 2519 0
-430 -2700.5 2519 0

-250 -2700.5 2539 0
-430 -2700.5 2539 0

-250 -2700.5 2519 0
-250 -2700.5 2539 0

-430 -2700.5 2519 0
-430 -2700.5 2539 0

-250 -2515.5 2539 0
-430 -2515.5 2539 0

-250 -2515.5 2519 0
-430 -2515.5 2519 0

-250 -2515.5 2539 0
-250 -2515.5 2519 0

-430 -2515.5 2539 0
-430 -2515.5 2519 0

-250 -2515.5 2519 0
-250 -2700.5 2519 0

-250 -2515.5 2539 0
-250 -2700.5 2539 0

-250 -2515.5 2519 0
-250 -2515.5 2539 0

-250 -2700.5 2519 0
-250 -2700.5 2539 0

-430 -2515.5 2539 0
-430 -2700.5 2539 0

-430 -2515.5 2519 0
-430 -2700.5 2519 0

-430 -2515.5 2539 0
-430 -2515.5 2519 0

-430 -2700.5 2539 0
-430 -2700.5 2519 0

-250 -2515.5 2999 0
-340 -2515.5 2999 0

-340 -2515.5 2999 0
-385 -2515.5 2999 0
-430 -2515.5 2999 0

-430 -2515.5 2999 0

-250 -2700.5 2999 0
-430 -2700.5 2999 0

-250 -2515.5 2999 0
-250 -2700.5 2999 0

-430 -2515.5 2999 0
-430 -2700.5 2999 0

-250 -2700.5 3019 0
-430 -2700.5 3019 0

-250 -2515.5 3019 0
-430 -2515.5 3019 0

-250 -2700.5 3019 0
-250 -2515.5 3019 0

-430 -2700.5 3019 0
-430 -2515.5 3019 0

-250 -2700.5 2999 0
-430 -2700.5 2999 0

-250 -2700.5 3019 0
-430 -2700.5 3019 0

-250 -2700.5 2999 0
-250 -2700.5 3019 0

-430 -2700.5 2999 0
-430 -2700.5 3019 0

-250 -2515.5 3019 0
-430 -2515.5 3019 0

-250 -2515.5 2999 0
-430 -2515.5 2999 0

-250 -2515.5 3019 0
-250 -2515.5 2999 0

-430 -2515.5 3019 0
-430 -2515.5 2999 0

-250 -2515.5 2999 0
-250 -2700.5 2999 0

-250 -2515.5 3019 0
-250 -2700.5 3019 0

-250 -2515.5 2999 0
-250 -2515.5 3019 0

-250 -2700.5 2999 0
-250 -2700.5 3019 0

-430 -2515.5 3019 0
-430 -2700.5 3019 0

-430 -2515.5 2999 0
-430 -2700.5 2999 0

-430 -2515.5 3019 0
-430 -2515.5 2999 0

-430 -2700.5 3019 0
-430 -2700.5 2999 0

-250 9 2539 0
-340 9 2539 0

-340 9 2539 0
-385 9 2539 0
-430 9 2539 0

-430 9 2539 0

-250 -9 2539 0
-430 -9 2539 0

-250 9 2539 0
-250 -9 2539 0

-430 9 2539 0
-430 -9 2539 0

-250 -9 2999 0
-430 -9 2999 0

-250 9 2999 0
-430 9 2999 0

-250 -9 2999 0
-250 9 2999 0

-430 -9 2999 0
-430 9 2999 0

-250 -9 2539 0
-430 -9 2539 0

-250 -9 2999 0
-430 -9 2999 0

-250 -9 2539 0
-250 -9 2999 0

-430 -9 2539 0
-430 -9 2999 0

-250 9 2999 0
-430 9 2999 0

-250 9 2539 0
-430 9 2539 0

-250 9 2999 0
-250 9 2539 0

-430 9 2999 0
-430 9 2539 0

-250 9 2539 0
-250 -9 2539 0

-250 9 2999 0
-250 -9 2999 0

-250 9 2539 0
-250 9 2999 0

-250 -9 2539 0
-250 -9 2999 0

-430 9 2999 0
-430 -9 2999 0

-430 9 2539 0
-430 -9 2539 0

-430 9 2999 0
-430 9 2539 0

-430 -9 2999 0
-430 -9 2539 0

-250 92.5 2519 0
-340 92.5 2519 0

-340 92.5 2519 0
-385 92.5 2519 0
-430 92.5 2519 0

-430 92.5 2519 0

-250 -92.5 2519 0
-430 -92.5 2519 0

-250 92.5 2519 0
-250 -92.5 2519 0

-430 92.5 2519 0
-430 -92.5 2519 0

-250 -92.5 2539 0
-430 -92.5 2539 0

-250 92.5 2539 0
-430 92.5 2539 0

-250 -92.5 2539 0
-250 92.5 2539 0

-430 -92.5 2539 0
-430 92.5 2539 0

-250 -92.5 2519 0
-430 -92.5 2519 0

-250 -92.5 2539 0
-430 -92.5 2539 0

-250 -92.5 2519 0
-250 -92.5 2539 0

-430 -92.5 2519 0
-430 -92.5 2539 0

-250 92.5 2539 0
-430 92.5 2539 0

-250 92.5 2519 0
-430 92.5 2519 0

-250 92.5 2539 0
-250 92.5 2519 0

-430 92.5 2539 0
-430 92.5 2519 0

-250 92.5 2519 0
-250 -92.5 2519 0

-250 92.5 2539 0
-250 -92.5 2539 0

-250 92.5 2519 0
-250 92.5 2539 0

-250 -92.5 2519 0
-250 -92.5 2539 0

-430 92.5 2539 0
-430 -92.5 2539 0

-430 92.5 2519 0
-430 -92.5 2519 0

-430 92.5 2539 0
-430 92.5 2519 0

-430 -92.5 2539 0
-430 -92.5 2519 0

-250 92.5 2999 0
-340 92.5 2999 0

-340 92.5 2999 0
-385 92.5 2999 0
-430 92.5 2999 0

-430 92.5 2999 0

-250 -92.5 2999 0
-430 -92.5 2999 0

-250 92.5 2999 0
-250 -92.5 2999 0

-430 92.5 2999 0
-430 -92.5 2999 0

-250 -92.5 3019 0
-430 -92.5 3019 0

-250 92.5 3019 0
-430 92.5 3019 0

-250 -92.5 3019 0
-250 92.5 3019 0

-430 -92.5 3019 0
-430 92.5 3019 0

-250 -92.5 2999 0
-430 -92.5 2999 0

-250 -92.5 3019 0
-430 -92.5 3019 0

-250 -92.5 2999 0
-250 -92.5 3019 0

-430 -92.5 2999 0
-430 -92.5 3019 0

-250 92.5 3019 0
-430 92.5 3019 0

-250 92.5 2999 0
-430 92.5 2999 0

-250 92.5 3019 0
-250 92.5 2999 0

-430 92.5 3019 0
-430 92.5 2999 0

-250 92.5 2999 0
-250 -92.5 2999 0

-250 92.5 3019 0
-250 -92.5 3019 0

-250 92.5 2999 0
-250 92.5 3019 0

-250 -92.5 2999 0
-250 -92.5 3019 0

-430 92.5 3019 0
-430 -92.5 3019 0

-430 92.5 2999 0
-430 -92.5 2999 0

-430 92.5 3019 0
-430 92.5 2999 0

-430 -92.5 3019 0
-430 -92.5 2999 0

-250 2617 2539 0
-340 2617 2539 0

-340 2617 2539 0
-385 2617 2539 0
-430 2617 2539 0

-430 2617 2539 0

-250 2599 2539 0
-430 2599 2539 0

-250 2617 2539 0
-250 2599 2539 0

-430 2617 2539 0
-430 2599 2539 0

-250 2599 2999 0
-430 2599 2999 0

-250 2617 2999 0
-430 2617 2999 0

-250 2599 2999 0
-250 2617 2999 0

-430 2599 2999 0
-430 2617 2999 0

-250 2599 2539 0
-430 2599 2539 0

-250 2599 2999 0
-430 2599 2999 0

-250 2599 2539 0
-250 2599 2999 0

-430 2599 2539 0
-430 2599 2999 0

-250 2617 2999 0
-430 2617 2999 0

-250 2617 2539 0
-430 2617 2539 0

-250 2617 2999 0
-250 2617 2539 0

-430 2617 2999 0
-430 2617 2539 0

-250 2617 2539 0
-250 2599 2539 0

-250 2617 2999 0
-250 2599 2999 0

-250 2617 2539 0
-250 2617 2999 0

-250 2599 2539 0
-250 2599 2999 0

-430 2617 2999 0
-430 2599 2999 0

-430 2617 2539 0
-430 2599 2539 0

-430 2617 2999 0
-430 2617 2539 0

-430 2599 2999 0
-430 2599 2539 0

-250 2700.5 2519 0
-340 2700.5 2519 0

-340 2700.5 2519 0
-385 2700.5 2519 0
-430 2700.5 2519 0

-430 2700.5 2519 0

-250 2515.5 2519 0
-430 2515.5 2519 0

-250 2700.5 2519 0
-250 2515.5 2519 0

-430 2700.5 2519 0
-430 2515.5 2519 0

-250 2515.5 2539 0
-430 2515.5 2539 0

-250 2700.5 2539 0
-430 2700.5 2539 0

-250 2515.5 2539 0
-250 2700.5 2539 0

-430 2515.5 2539 0
-430 2700.5 2539 0

-250 2515.5 2519 0
-430 2515.5 2519 0

-250 2515.5 2539 0
-430 2515.5 2539 0

-250 2515.5 2519 0
-250 2515.5 2539 0

-430 2515.5 2519 0
-430 2515.5 2539 0

-250 2700.5 2539 0
-430 2700.5 2539 0

-250 2700.5 2519 0
-430 2700.5 2519 0

-250 2700.5 2539 0
-250 2700.5 2519 0

-430 2700.5 2539 0
-430 2700.5 2519 0

-250 2700.5 2519 0
-250 2515.5 2519 0

-250 2700.5 2539 0
-250 2515.5 2539 0

-250 2700.5 2519 0
-250 2700.5 2539 0

-250 2515.5 2519 0
-250 2515.5 2539 0

-430 2700.5 2539 0
-430 2515.5 2539 0

-430 2700.5 2519 0
-430 2515.5 2519 0

-430 2700.5 2539 0
-430 2700.5 2519 0

-430 2515.5 2539 0
-430 2515.5 2519 0

-250 2700.5 2999 0
-340 2700.5 2999 0

-340 2700.5 2999 0
-385 2700.5 2999 0
-430 2700.5 2999 0

-430 2700.5 2999 0

-250 2515.5 2999 0
-430 2515.5 2999 0

-250 2700.5 2999 0
-250 2515.5 2999 0

-430 2700.5 2999 0
-430 2515.5 2999 0

-250 2515.5 3019 0
-430 2515.5 3019 0

-250 2700.5 3019 0
-430 2700.5 3019 0

-250 2515.5 3019 0
-250 2700.5 3019 0

-430 2515.5 3019 0
-430 2700.5 3019 0

-250 2515.5 2999 0
-430 2515.5 2999 0

-250 2515.5 3019 0
-430 2515.5 3019 0

-250 2515.5 2999 0
-250 2515.5 3019 0

-430 2515.5 2999 0
-430 2515.5 3019 0

-250 2700.5 3019 0
-430 2700.5 3019 0

-250 2700.5 2999 0
-430 2700.5 2999 0

-250 2700.5 3019 0
-250 2700.5 2999 0

-430 2700.5 3019 0
-430 2700.5 2999 0

-250 2700.5 2999 0
-250 2515.5 2999 0

-250 2700.5 3019 0
-250 2515.5 3019 0

-250 2700.5 2999 0
-250 2700.5 3019 0

-250 2515.5 2999 0
-250 2515.5 3019 0

-430 2700.5 3019 0
-430 2515.5 3019 0

-430 2700.5 2999 0
-430 2515.5 2999 0

-430 2700.5 3019 0
-430 2700.5 2999 0

-430 2515.5 3019 0
-430 2515.5 2999 0

31.5 92.5 2598.5 0
31.5 1301 2598.5 0

31.5 1301 2598.5 0
31.5 1905.25 2598.5 0
31.5 2509.5 2598.5 0

31.5 2509.5 2598.5 0

13.5 92.5 2598.5 0
13.5 2509.5 2598.5 0

31.5 92.5 2598.5 0
13.5 92.5 2598.5 0

31.5 2509.5 2598.5 0
13.5 2509.5 2598.5 0

13.5 92.5 3058.5 0
13.5 2509.5 3058.5 0

31.5 92.5 3058.5 0
31.5 2509.5 3058.5 0

13.5 92.5 3058.5 0
31.5 92.5 3058.5 0

13.5 2509.5 3058.5 0
31.5 2509.5 3058.5 0

13.5 92.5 2598.5 0
13.5 2509.5 2598.5 0

13.5 92.5 3058.5 0
13.5 2509.5 3058.5 0

13.5 92.5 2598.5 0
13.5 92.5 3058.5 0

13.5 2509.5 2598.5 0
13.5 2509.5 3058.5 0

31.5 92.5 3058.5 0
31.5 2509.5 3058.5 0

31.5 92.5 2598.5 0
31.5 2509.5 2598.5 0

31.5 92.5 3058.5 0
31.5 92.5 2598.5 0

31.5 2509.5 3058.5 0
31.5 2509.5 2598.5 0

31.5 92.5 2598.5 0
13.5 92.5 2598.5 0

31.5 92.5 3058.5 0
13.5 92.5 3058.5 0

31.5 92.5 2598.5 0
31.5 92.5 3058.5 0

13.5 92.5 2598.5 0
13.5 92.5 3058.5 0

31.5 2509.5 3058.5 0
13.5 2509.5 3058.5 0

31.5 2509.5 2598.5 0
13.5 2509.5 2598.5 0

31.5 2509.5 3058.5 0
31.5 2509.5 2598.5 0

13.5 2509.5 3058.5 0
13.5 2509.5 2598.5 0

115 92.5 2578.5 0
115 1301 2578.5 0

115 1301 2578.5 0
115 1905.25 2578.5 0
115 2509.5 2578.5 0

115 2509.5 2578.5 0

-70 92.5 2578.5 0
-70 2509.5 2578.5 0

115 92.5 2578.5 0
-70 92.5 2578.5 0

115 2509.5 2578.5 0
-70 2509.5 2578.5 0

-70 92.5 2598.5 0
-70 2509.5 2598.5 0

115 92.5 2598.5 0
115 2509.5 2598.5 0

-70 92.5 2598.5 0
115 92.5 2598.5 0

-70 2509.5 2598.5 0
115 2509.5 2598.5 0

-70 92.5 2578.5 0
-70 2509.5 2578.5 0

-70 92.5 2598.5 0
-70 2509.5 2598.5 0

-70 92.5 2578.5 0
-70 92.5 2598.5 0

-70 2509.5 2578.5 0
-70 2509.5 2598.5 0

115 92.5 2598.5 0
115 2509.5 2598.5 0

115 92.5 2578.5 0
115 2509.5 2578.5 0

115 92.5 2598.5 0
115 92.5 2578.5 0

115 2509.5 2598.5 0
115 2509.5 2578.5 0

115 92.5 2578.5 0
-70 92.5 2578.5 0

115 92.5 2598.5 0
-70 92.5 2598.5 0

115 92.5 2578.5 0
115 92.5 2598.5 0

-70 92.5 2578.5 0
-70 92.5 2598.5 0

115 2509.5 2598.5 0
-70 2509.5 2598.5 0

115 2509.5 2578.5 0
-70 2509.5 2578.5 0

115 2509.5 2598.5 0
115 2509.5 2578.5 0

-70 2509.5 2598.5 0
-70 2509.5 2578.5 0

115 92.5 3058.5 0
115 1301 3058.5 0

115 1301 3058.5 0
115 1905.25 3058.5 0
115 2509.5 3058.5 0

115 2509.5 3058.5 0

-70 92.5 3058.5 0
-70 2509.5 3058.5 0

115 92.5 3058.5 0
-70 92.5 3058.5 0

115 2509.5 3058.5 0
-70 2509.5 3058.5 0

-70 92.5 3078.5 0
-70 2509.5 3078.5 0

115 92.5 3078.5 0
115 2509.5 3078.5 0

-70 92.5 3078.5 0
115 92.5 3078.5 0

-70 2509.5 3078.5 0
115 2509.5 3078.5 0

-70 92.5 3058.5 0
-70 2509.5 3058.5 0

-70 92.5 3078.5 0
-70 2509.5 3078.5 0

-70 92.5 3058.5 0
-70 92.5 3078.5 0

-70 2509.5 3058.5 0
-70 2509.5 3078.5 0

115 92.5 3078.5 0
115 2509.5 3078.5 0

115 92.5 3058.5 0
115 2509.5 3058.5 0

115 92.5 3078.5 0
115 92.5 3058.5 0

115 2509.5 3078.5 0
115 2509.5 3058.5 0

115 92.5 3058.5 0
-70 92.5 3058.5 0

115 92.5 3078.5 0
-70 92.5 3078.5 0

115 92.5 3058.5 0
115 92.5 3078.5 0

-70 92.5 3058.5 0
-70 92.5 3078.5 0

115 2509.5 3078.5 0
-70 2509.5 3078.5 0

115 2509.5 3058.5 0
-70 2509.5 3058.5 0

115 2509.5 3078.5 0
115 2509.5 3058.5 0

-70 2509.5 3078.5 0
-70 2509.5 3058.5 0

31.5 -2509.5 2598.5 0
31.5 -1301 2598.5 0

31.5 -1301 2598.5 0
31.5 -696.75 2598.5 0
31.5 -92.5 2598.5 0

31.5 -92.5 2598.5 0

13.5 -2509.5 2598.5 0
13.5 -92.5 2598.5 0

31.5 -2509.5 2598.5 0
13.5 -2509.5 2598.5 0

31.5 -92.5 2598.5 0
13.5 -92.5 2598.5 0

13.5 -2509.5 3058.5 0
13.5 -92.5 3058.5 0

31.5 -2509.5 3058.5 0
31.5 -92.5 3058.5 0

13.5 -2509.5 3058.5 0
31.5 -2509.5 3058.5 0

13.5 -92.5 3058.5 0
31.5 -92.5 3058.5 0

13.5 -2509.5 2598.5 0
13.5 -92.5 2598.5 0

13.5 -2509.5 3058.5 0
13.5 -92.5 3058.5 0

13.5 -2509.5 2598.5 0
13.5 -2509.5 3058.5 0

13.5 -92.5 2598.5 0
13.5 -92.5 3058.5 0

31.5 -2509.5 3058.5 0
31.5 -92.5 3058.5 0

31.5 -2509.5 2598.5 0
31.5 -92.5 2598.5 0

31.5 -2509.5 3058.5 0
31.5 -2509.5 2598.5 0

31.5 -92.5 3058.5 0
31.5 -92.5 2598.5 0

31.5 -2509.5 2598.5 0
13.5 -2509.5 2598.5 0

31.5 -2509.5 3058.5 0
13.5 -2509.5 3058.5 0

31.5 -2509.5 2598.5 0
31.5 -2509.5 3058.5 0

13.5 -2509.5 2598.5 0
13.5 -2509.5 3058.5 0

31.5 -92.5 3058.5 0
13.5 -92.5 3058.5 0

31.5 -92.5 2598.5 0
13.5 -92.5 2598.5 0

31.5 -92.5 3058.5 0
31.5 -92.5 2598.5 0

13.5 -92.5 3058.5 0
13.5 -92.5 2598.5 0

115 -2509.5 2578.5 0
115 -1301 2578.5 0

115 -1301 2578.5 0
115 -696.75 2578.5 0
115 -92.5 2578.5 0

115 -92.5 2578.5 0

-70 -2509.5 2578.5 0
-70 -92.5 2578.5 0

115 -2509.5 2578.5 0
-70 -2509.5 2578.5 0

115 -92.5 2578.5 0
-70 -92.5 2578.5 0

-70 -2509.5 2598.5 0
-70 -92.5 2598.5 0

115 -2509.5 2598.5 0
115 -92.5 2598.5 0

-70 -2509.5 2598.5 0
115 -2509.5 2598.5 0

-70 -92.5 2598.5 0
115 -92.5 2598.5 0

-70 -2509.5 2578.5 0
-70 -92.5 2578.5 0

-70 -2509.5 2598.5 0
-70 -92.5 2598.5 0

-70 -2509.5 2578.5 0
-70 -2509.5 2598.5 0

-70 -92.5 2578.5 0
-70 -92.5 2598.5 0

115 -2509.5 2598.5 0
115 -92.5 2598.5 0

115 -2509.5 2578.5 0
115 -92.5 2578.5 0

115 -2509.5 2598.5 0
115 -2509.5 2578.5 0

115 -92.5 2598.5 0
115 -92.5 2578.5 0

115 -2509.5 2578.5 0
-70 -2509.5 2578.5 0

115 -2509.5 2598.5 0
-70 -2509.5 2598.5 0

115 -2509.5 2578.5 0
115 -2509.5 2598.5 0

-70 -2509.5 2578.5 0
-70 -2509.5 2598.5 0

115 -92.5 2598.5 0
-70 -92.5 2598.5 0

115 -92.5 2578.5 0
-70 -92.5 2578.5 0

115 -92.5 2598.5 0
115 -92.5 2578.5 0

-70 -92.5 2598.5 0
-70 -92.5 2578.5 0

115 -2509.5 3058.5 0
115 -1301 3058.5 0

115 -1301 3058.5 0
115 -696.75 3058.5 0
115 -92.5 3058.5 0

115 -92.5 3058.5 0

-70 -2509.5 3058.5 0
-70 -92.5 3058.5 0

115 -2509.5 3058.5 0
-70 -2509.5 3058.5 0

115 -92.5 3058.5 0
-70 -92.5 3058.5 0

-70 -2509.5 3078.5 0
-70 -92.5 3078.5 0

115 -2509.5 3078.5 0
115 -92.5 3078.5 0

-70 -2509.5 3078.5 0
115 -2509.5 3078.5 0

-70 -92.5 3078.5 0
115 -92.5 3078.5 0

-70 -2509.5 3058.5 0
-70 -92.5 3058.5 0

-70 -2509.5 3078.5 0
-70 -92.5 3078.5 0

-70 -2509.5 3058.5 0
-70 -2509.5 3078.5 0

-70 -92.5 3058.5 0
-70 -92.5 3078.5 0

115 -2509.5 3078.5 0
115 -92.5 3078.5 0

115 -2509.5 3058.5 0
115 -92.5 3058.5 0

115 -2509.5 3078.5 0
115 -2509.5 3058.5 0

115 -92.5 3078.5 0
115 -92.5 3058.5 0

115 -2509.5 3058.5 0
-70 -2509.5 3058.5 0

115 -2509.5 3078.5 0
-70 -2509.5 3078.5 0

115 -2509.5 3058.5 0
115 -2509.5 3078.5 0

-70 -2509.5 3058.5 0
-70 -2509.5 3078.5 0

115 -92.5 3078.5 0
-70 -92.5 3078.5 0

115 -92.5 3058.5 0
-70 -92.5 3058.5 0

115 -92.5 3078.5 0
115 -92.5 3058.5 0

-70 -92.5 3078.5 0
-70 -92.5 3058.5 0

305 2940.50776702965 383.722871352797 0
305 2818.15621577971 326.669406017802 0

305 2818.15621577971 326.669406017802 0
305 2756.98044015473 298.142673350305 0
305 2695.80466452976 269.615940682808 0

305 2695.80466452976 269.615940682808 0

55 2940.50776702965 383.722871352797 0
55 2695.80466452976 269.615940682808 0

305 2940.50776702965 383.722871352797 0
55 2940.50776702965 383.722871352797 0

305 2695.80466452976 269.615940682808 0
55 2695.80466452976 269.615940682808 0

55 4504.19533547024 -2969.61594068281 0
55 4259.49223297035 -3083.7228713528 0

305 4504.19533547024 -2969.61594068281 0
305 4259.49223297035 -3083.7228713528 0

55 4504.19533547024 -2969.61594068281 0
305 4504.19533547024 -2969.61594068281 0

55 4259.49223297035 -3083.7228713528 0
305 4259.49223297035 -3083.7228713528 0

55 2940.50776702965 383.722871352797 0
55 2695.80466452976 269.615940682808 0

55 4504.19533547024 -2969.61594068281 0
55 4259.49223297035 -3083.7228713528 0

55 2940.50776702965 383.722871352797 0
55 4504.19533547024 -2969.61594068281 0

55 2695.80466452976 269.615940682808 0
55 4259.49223297035 -3083.7228713528 0

305 4504.19533547024 -2969.61594068281 0
305 4259.49223297035 -3083.7228713528 0

305 2940.50776702965 383.722871352797 0
305 2695.80466452976 269.615940682808 0

305 4504.19533547024 -2969.61594068281 0
305 2940.50776702965 383.722871352797 0

305 4259.49223297035 -3083.7228713528 0
305 2695.80466452976 269.615940682808 0

305 2940.50776702965 383.722871352797 0
55 2940.50776702965 383.722871352797 0

305 4504.19533547024 -2969.61594068281 0
55 4504.19533547024 -2969.61594068281 0

305 2940.50776702965 383.722871352797 0
305 4504.19533547024 -2969.61594068281 0

55 2940.50776702965 383.722871352797 0
55 4504.19533547024 -2969.61594068281 0

305 4259.49223297035 -3083.7228713528 0
55 4259.49223297035 -3083.7228713528 0

305 2695.80466452976 269.615940682808 0
55 2695.80466452976 269.615940682808 0

305 4259.49223297035 -3083.7228713528 0
305 2695.80466452976 269.615940682808 0

55 4259.49223297035 -3083.7228713528 0
55 2695.80466452976 269.615940682808 0

305 -2695.80466452976 269.615940682808 0
305 -2818.15621577971 326.669406017802 0

305 -2818.15621577971 326.669406017802 0
305 -2879.33199140468 355.1961386853 0
305 -2940.50776702965 383.722871352797 0

305 -2940.50776702965 383.722871352797 0

55 -2695.80466452976 269.615940682808 0
55 -2940.50776702965 383.722871352797 0

305 -2695.80466452976 269.615940682808 0
55 -2695.80466452976 269.615940682808 0

305 -2940.50776702965 383.722871352797 0
55 -2940.50776702965 383.722871352797 0

55 -4259.49223297035 -3083.7228713528 0
55 -4504.19533547024 -2969.61594068281 0

305 -4259.49223297035 -3083.7228713528 0
305 -4504.19533547024 -2969.61594068281 0

55 -4259.49223297035 -3083.7228713528 0
305 -4259.49223297035 -3083.7228713528 0

55 -4504.19533547024 -2969.61594068281 0
305 -4504.19533547024 -2969.61594068281 0

55 -2695.80466452976 269.615940682808 0
55 -2940.50776702965 383.722871352797 0

55 -4259.49223297035 -3083.7228713528 0
55 -4504.19533547024 -2969.61594068281 0

55 -2695.80466452976 269.615940682808 0
55 -4259.49223297035 -3083.7228713528 0

55 -2940.50776702965 383.722871352797 0
55 -4504.19533547024 -2969.61594068281 0

305 -4259.49223297035 -3083.7228713528 0
305 -4504.19533547024 -2969.61594068281 0

305 -2695.80466452976 269.615940682808 0
305 -2940.50776702965 383.722871352797 0

305 -4259.49223297035 -3083.7228713528 0
305 -2695.80466452976 269.615940682808 0

305 -4504.19533547024 -2969.61594068281 0
305 -2940.50776702965 383.722871352797 0

305 -2695.80466452976 269.615940682808 0
55 -2695.80466452976 269.615940682808 0

305 -4259.49223297035 -3083.7228713528 0
55 -4259.49223297035 -3083.7228713528 0

305 -2695.80466452976 269.615940682808 0
305 -4259.49223297035 -3083.7228713528 0

55 -2695.80466452976 269.615940682808 0
55 -4259.49223297035 -3083.7228713528 0

305 -4504.19533547024 -2969.61594068281 0
55 -4504.19533547024 -2969.61594068281 0

305 -2940.50776702965 383.722871352797 0
55 -2940.50776702965 383.722871352797 0

305 -4504.19533547024 -2969.61594068281 0
305 -2940.50776702965 383.722871352797 0

55 -4504.19533547024 -2969.61594068281 0
55 -2940.50776702965 383.722871352797 0

-50 -2611 3078.5 0
-50 -2602 3078.5 0

-50 -2602 3078.5 0
-50 -2597.5 3078.5 0
-50 -2593 3078.5 0

-50 -2593 3078.5 0

410 -2611 3078.5 0
410 -2593 3078.5 0

-50 -2611 3078.5 0
410 -2611 3078.5 0

-50 -2593 3078.5 0
410 -2593 3078.5 0

410 -2611 -3078.5 0
410 -2593 -3078.5 0

-50 -2611 -3078.5 0
-50 -2593 -3078.5 0

410 -2611 -3078.5 0
-50 -2611 -3078.5 0

410 -2593 -3078.5 0
-50 -2593 -3078.5 0

410 -2611 3078.5 0
410 -2593 3078.5 0

410 -2611 -3078.5 0
410 -2593 -3078.5 0

410 -2611 3078.5 0
410 -2611 -3078.5 0

410 -2593 3078.5 0
410 -2593 -3078.5 0

-50 -2611 -3078.5 0
-50 -2593 -3078.5 0

-50 -2611 3078.5 0
-50 -2593 3078.5 0

-50 -2611 -3078.5 0
-50 -2611 3078.5 0

-50 -2593 -3078.5 0
-50 -2593 3078.5 0

-50 -2611 3078.5 0
410 -2611 3078.5 0

-50 -2611 -3078.5 0
410 -2611 -3078.5 0

-50 -2611 3078.5 0
-50 -2611 -3078.5 0

410 -2611 3078.5 0
410 -2611 -3078.5 0

-50 -2593 -3078.5 0
410 -2593 -3078.5 0

-50 -2593 3078.5 0
410 -2593 3078.5 0

-50 -2593 -3078.5 0
-50 -2593 3078.5 0

410 -2593 -3078.5 0
410 -2593 3078.5 0

410 -2694.5 3078.5 0
410 -2602 3078.5 0

410 -2602 3078.5 0
410 -2555.75 3078.5 0
410 -2509.5 3078.5 0

410 -2509.5 3078.5 0

430 -2694.5 3078.5 0
430 -2509.5 3078.5 0

410 -2694.5 3078.5 0
430 -2694.5 3078.5 0

410 -2509.5 3078.5 0
430 -2509.5 3078.5 0

430 -2694.5 -3078.5 0
430 -2509.5 -3078.5 0

410 -2694.5 -3078.5 0
410 -2509.5 -3078.5 0

430 -2694.5 -3078.5 0
410 -2694.5 -3078.5 0

430 -2509.5 -3078.5 0
410 -2509.5 -3078.5 0

430 -2694.5 3078.5 0
430 -2509.5 3078.5 0

430 -2694.5 -3078.5 0
430 -2509.5 -3078.5 0

430 -2694.5 3078.5 0
430 -2694.5 -3078.5 0

430 -2509.5 3078.5 0
430 -2509.5 -3078.5 0

410 -2694.5 -3078.5 0
410 -2509.5 -3078.5 0

410 -2694.5 3078.5 0
410 -2509.5 3078.5 0

410 -2694.5 -3078.5 0
410 -2694.5 3078.5 0

410 -2509.5 -3078.5 0
410 -2509.5 3078.5 0

410 -2694.5 3078.5 0
430 -2694.5 3078.5 0

410 -2694.5 -3078.5 0
430 -2694.5 -3078.5 0

410 -2694.5 3078.5 0
410 -2694.5 -3078.5 0

430 -2694.5 3078.5 0
430 -2694.5 -3078.5 0

410 -2509.5 -3078.5 0
430 -2509.5 -3078.5 0

410 -2509.5 3078.5 0
430 -2509.5 3078.5 0

410 -2509.5 -3078.5 0
410 -2509.5 3078.5 0

430 -2509.5 -3078.5 0
430 -2509.5 3078.5 0

-70 -2694.5 3078.5 0
-70 -2602 3078.5 0

-70 -2602 3078.5 0
-70 -2555.75 3078.5 0
-70 -2509.5 3078.5 0

-70 -2509.5 3078.5 0

-50 -2694.5 3078.5 0
-50 -2509.5 3078.5 0

-70 -2694.5 3078.5 0
-50 -2694.5 3078.5 0

-70 -2509.5 3078.5 0
-50 -2509.5 3078.5 0

-50 -2694.5 -3078.5 0
-50 -2509.5 -3078.5 0

-70 -2694.5 -3078.5 0
-70 -2509.5 -3078.5 0

-50 -2694.5 -3078.5 0
-70 -2694.5 -3078.5 0

-50 -2509.5 -3078.5 0
-70 -2509.5 -3078.5 0

-50 -2694.5 3078.5 0
-50 -2509.5 3078.5 0

-50 -2694.5 -3078.5 0
-50 -2509.5 -3078.5 0

-50 -2694.5 3078.5 0
-50 -2694.5 -3078.5 0

-50 -2509.5 3078.5 0
-50 -2509.5 -3078.5 0

-70 -2694.5 -3078.5 0
-70 -2509.5 -3078.5 0

-70 -2694.5 3078.5 0
-70 -2509.5 3078.5 0

-70 -2694.5 -3078.5 0
-70 -2694.5 3078.5 0

-70 -2509.5 -3078.5 0
-70 -2509.5 3078.5 0

-70 -2694.5 3078.5 0
-50 -2694.5 3078.5 0

-70 -2694.5 -3078.5 0
-50 -2694.5 -3078.5 0

-70 -2694.5 3078.5 0
-70 -2694.5 -3078.5 0

-50 -2694.5 3078.5 0
-50 -2694.5 -3078.5 0

-70 -2509.5 -3078.5 0
-50 -2509.5 -3078.5 0

-70 -2509.5 3078.5 0
-50 -2509.5 3078.5 0

-70 -2509.5 -3078.5 0
-70 -2509.5 3078.5 0

-50 -2509.5 -3078.5 0
-50 -2509.5 3078.5 0

-50 -9 3078.5 0
-50 0 3078.5 0

-50 0 3078.5 0
-50 4.5 3078.5 0
-50 9 3078.5 0

-50 9 3078.5 0

410 -9 3078.5 0
410 9 3078.5 0

-50 -9 3078.5 0
410 -9 3078.5 0

-50 9 3078.5 0
410 9 3078.5 0

410 -9 -3078.5 0
410 9 -3078.5 0

-50 -9 -3078.5 0
-50 9 -3078.5 0

410 -9 -3078.5 0
-50 -9 -3078.5 0

410 9 -3078.5 0
-50 9 -3078.5 0

410 -9 3078.5 0
410 9 3078.5 0

410 -9 -3078.5 0
410 9 -3078.5 0

410 -9 3078.5 0
410 -9 -3078.5 0

410 9 3078.5 0
410 9 -3078.5 0

-50 -9 -3078.5 0
-50 9 -3078.5 0

-50 -9 3078.5 0
-50 9 3078.5 0

-50 -9 -3078.5 0
-50 -9 3078.5 0

-50 9 -3078.5 0
-50 9 3078.5 0

-50 -9 3078.5 0
410 -9 3078.5 0

-50 -9 -3078.5 0
410 -9 -3078.5 0

-50 -9 3078.5 0
-50 -9 -3078.5 0

410 -9 3078.5 0
410 -9 -3078.5 0

-50 9 -3078.5 0
410 9 -3078.5 0

-50 9 3078.5 0
410 9 3078.5 0

-50 9 -3078.5 0
-50 9 3078.5 0

410 9 -3078.5 0
410 9 3078.5 0

410 -92.5 3078.5 0
410 0 3078.5 0

410 0 3078.5 0
410 46.25 3078.5 0
410 92.5 3078.5 0

410 92.5 3078.5 0

430 -92.5 3078.5 0
430 92.5 3078.5 0

410 -92.5 3078.5 0
430 -92.5 3078.5 0

410 92.5 3078.5 0
430 92.5 3078.5 0

430 -92.5 -3078.5 0
430 92.5 -3078.5 0

410 -92.5 -3078.5 0
410 92.5 -3078.5 0

430 -92.5 -3078.5 0
410 -92.5 -3078.5 0

430 92.5 -3078.5 0
410 92.5 -3078.5 0

430 -92.5 3078.5 0
430 92.5 3078.5 0

430 -92.5 -3078.5 0
430 92.5 -3078.5 0

430 -92.5 3078.5 0
430 -92.5 -3078.5 0

430 92.5 3078.5 0
430 92.5 -3078.5 0

410 -92.5 -3078.5 0
410 92.5 -3078.5 0

410 -92.5 3078.5 0
410 92.5 3078.5 0

410 -92.5 -3078.5 0
410 -92.5 3078.5 0

410 92.5 -3078.5 0
410 92.5 3078.5 0

410 -92.5 3078.5 0
430 -92.5 3078.5 0

410 -92.5 -3078.5 0
430 -92.5 -3078.5 0

410 -92.5 3078.5 0
410 -92.5 -3078.5 0

430 -92.5 3078.5 0
430 -92.5 -3078.5 0

410 92.5 -3078.5 0
430 92.5 -3078.5 0

410 92.5 3078.5 0
430 92.5 3078.5 0

410 92.5 -3078.5 0
410 92.5 3078.5 0

430 92.5 -3078.5 0
430 92.5 3078.5 0

-70 -92.5 3078.5 0
-70 0 3078.5 0

-70 0 3078.5 0
-70 46.25 3078.5 0
-70 92.5 3078.5 0

-70 92.5 3078.5 0

-50 -92.5 3078.5 0
-50 92.5 3078.5 0

-70 -92.5 3078.5 0
-50 -92.5 3078.5 0

-70 92.5 3078.5 0
-50 92.5 3078.5 0

-50 -92.5 -3078.5 0
-50 92.5 -3078.5 0

-70 -92.5 -3078.5 0
-70 92.5 -3078.5 0

-50 -92.5 -3078.5 0
-70 -92.5 -3078.5 0

-50 92.5 -3078.5 0
-70 92.5 -3078.5 0

-50 -92.5 3078.5 0
-50 92.5 3078.5 0

-50 -92.5 -3078.5 0
-50 92.5 -3078.5 0

-50 -92.5 3078.5 0
-50 -92.5 -3078.5 0

-50 92.5 3078.5 0
-50 92.5 -3078.5 0

-70 -92.5 -3078.5 0
-70 92.5 -3078.5 0

-70 -92.5 3078.5 0
-70 92.5 3078.5 0

-70 -92.5 -3078.5 0
-70 -92.5 3078.5 0

-70 92.5 -3078.5 0
-70 92.5 3078.5 0

-70 -92.5 3078.5 0
-50 -92.5 3078.5 0

-70 -92.5 -3078.5 0
-50 -92.5 -3078.5 0

-70 -92.5 3078.5 0
-70 -92.5 -3078.5 0

-50 -92.5 3078.5 0
-50 -92.5 -3078.5 0

-70 92.5 -3078.5 0
-50 92.5 -3078.5 0

-70 92.5 3078.5 0
-50 92.5 3078.5 0

-70 92.5 -3078.5 0
-70 92.5 3078.5 0

-50 92.5 -3078.5 0
-50 92.5 3078.5 0

-50 2593 3078.5 0
-50 2602 3078.5 0

-50 2602 3078.5 0
-50 2606.5 3078.5 0
-50 2611 3078.5 0

-50 2611 3078.5 0

410 2593 3078.5 0
410 2611 3078.5 0

-50 2593 3078.5 0
410 2593 3078.5 0

-50 2611 3078.5 0
410 2611 3078.5 0

410 2593 -3078.5 0
410 2611 -3078.5 0

-50 2593 -3078.5 0
-50 2611 -3078.5 0

410 2593 -3078.5 0
-50 2593 -3078.5 0

410 2611 -3078.5 0
-50 2611 -3078.5 0

410 2593 3078.5 0
410 2611 3078.5 0

410 2593 -3078.5 0
410 2611 -3078.5 0

410 2593 3078.5 0
410 2593 -3078.5 0

410 2611 3078.5 0
410 2611 -3078.5 0

-50 2593 -3078.5 0
-50 2611 -3078.5 0

-50 2593 3078.5 0
-50 2611 3078.5 0

-50 2593 -3078.5 0
-50 2593 3078.5 0

-50 2611 -3078.5 0
-50 2611 3078.5 0

-50 2593 3078.5 0
410 2593 3078.5 0

-50 2593 -3078.5 0
410 2593 -3078.5 0

-50 2593 3078.5 0
-50 2593 -3078.5 0

410 2593 3078.5 0
410 2593 -3078.5 0

-50 2611 -3078.5 0
410 2611 -3078.5 0

-50 2611 3078.5 0
410 2611 3078.5 0

-50 2611 -3078.5 0
-50 2611 3078.5 0

410 2611 -3078.5 0
410 2611 3078.5 0

410 2509.5 3078.5 0
410 2602 3078.5 0

410 2602 3078.5 0
410 2648.25 3078.5 0
410 2694.5 3078.5 0

410 2694.5 3078.5 0

430 2509.5 3078.5 0
430 2694.5 3078.5 0

410 2509.5 3078.5 0
430 2509.5 3078.5 0

410 2694.5 3078.5 0
430 2694.5 3078.5 0

430 2509.5 -3078.5 0
430 2694.5 -3078.5 0

410 2509.5 -3078.5 0
410 2694.5 -3078.5 0

430 2509.5 -3078.5 0
410 2509.5 -3078.5 0

430 2694.5 -3078.5 0
410 2694.5 -3078.5 0

430 2509.5 3078.5 0
430 2694.5 3078.5 0

430 2509.5 -3078.5 0
430 2694.5 -3078.5 0

430 2509.5 3078.5 0
430 2509.5 -3078.5 0

430 2694.5 3078.5 0
430 2694.5 -3078.5 0

410 2509.5 -3078.5 0
410 2694.5 -3078.5 0

410 2509.5 3078.5 0
410 2694.5 3078.5 0

410 2509.5 -3078.5 0
410 2509.5 3078.5 0

410 2694.5 -3078.5 0
410 2694.5 3078.5 0

410 2509.5 3078.5 0
430 2509.5 3078.5 0

410 2509.5 -3078.5 0
430 2509.5 -3078.5 0

410 2509.5 3078.5 0
410 2509.5 -3078.5 0

430 2509.5 3078.5 0
430 2509.5 -3078.5 0

410 2694.5 -3078.5 0
430 2694.5 -3078.5 0

410 2694.5 3078.5 0
430 2694.5 3078.5 0

410 2694.5 -3078.5 0
410 2694.5 3078.5 0

430 2694.5 -3078.5 0
430 2694.5 3078.5 0

-70 2509.5 3078.5 0
-70 2602 3078.5 0

-70 2602 3078.5 0
-70 2648.25 3078.5 0
-70 2694.5 3078.5 0

-70 2694.5 3078.5 0

-50 2509.5 3078.5 0
-50 2694.5 3078.5 0

-70 2509.5 3078.5 0
-50 2509.5 3078.5 0

-70 2694.5 3078.5 0
-50 2694.5 3078.5 0

-50 2509.5 -3078.5 0
-50 2694.5 -3078.5 0

-70 2509.5 -3078.5 0
-70 2694.5 -3078.5 0

-50 2509.5 -3078.5 0
-70 2509.5 -3078.5 0

-50 2694.5 -3078.5 0
-70 2694.5 -3078.5 0

-50 2509.5 3078.5 0
-50 2694.5 3078.5 0

-50 2509.5 -3078.5 0
-50 2694.5 -3078.5 0

-50 2509.5 3078.5 0
-50 2509.5 -3078.5 0

-50 2694.5 3078.5 0
-50 2694.5 -3078.5 0

-70 2509.5 -3078.5 0
-70 2694.5 -3078.5 0

-70 2509.5 3078.5 0
-70 2694.5 3078.5 0

-70 2509.5 -3078.5 0
-70 2509.5 3078.5 0

-70 2694.5 -3078.5 0
-70 2694.5 3078.5 0

-70 2509.5 3078.5 0
-50 2509.5 3078.5 0

-70 2509.5 -3078.5 0
-50 2509.5 -3078.5 0

-70 2509.5 3078.5 0
-70 2509.5 -3078.5 0

-50 2509.5 3078.5 0
-50 2509.5 -3078.5 0

-70 2694.5 -3078.5 0
-50 2694.5 -3078.5 0

-70 2694.5 3078.5 0
-50 2694.5 3078.5 0

-70 2694.5 -3078.5 0
-70 2694.5 3078.5 0

-50 2694.5 -3078.5 0
-50 2694.5 3078.5 0

# end of label='green'
