# Temporary file generated by the 'geomtools::gnuplot_drawer'
# class for visualization.
# label='grey'
4500 -4500 -4500 0
4500 0 -4500 0

4500 0 -4500 0
4500 2250 -4500 0
4500 4500 -4500 0

4500 4500 -4500 0

-4500 -4500 -4500 0
-4500 4500 -4500 0

4500 -4500 -4500 0
-4500 -4500 -4500 0

4500 4500 -4500 0
-4500 4500 -4500 0

-4500 -4500 4500 0
-4500 4500 4500 0

4500 -4500 4500 0
4500 4500 4500 0

-4500 -4500 4500 0
4500 -4500 4500 0

-4500 4500 4500 0
4500 4500 4500 0

-4500 -4500 -4500 0
-4500 4500 -4500 0

-4500 -4500 4500 0
-4500 4500 4500 0

-4500 -4500 -4500 0
-4500 -4500 4500 0

-4500 4500 -4500 0
-4500 4500 4500 0

4500 -4500 4500 0
4500 4500 4500 0

4500 -4500 -4500 0
4500 4500 -4500 0

4500 -4500 4500 0
4500 -4500 -4500 0

4500 4500 4500 0
4500 4500 -4500 0

4500 -4500 -4500 0
-4500 -4500 -4500 0

4500 -4500 4500 0
-4500 -4500 4500 0

4500 -4500 -4500 0
4500 -4500 4500 0

-4500 -4500 -4500 0
-4500 -4500 4500 0

4500 4500 4500 0
-4500 4500 4500 0

4500 4500 -4500 0
-4500 4500 -4500 0

4500 4500 4500 0
4500 4500 -4500 0

-4500 4500 4500 0
-4500 4500 -4500 0

2810 3358 2951 0
460 3358 2951 0

460 3358 2951 0
-715 3358 2951 0
-1890 3358 2951 0

-1890 3358 2951 0

2810 -3358 2951 0
-1890 -3358 2951 0

2810 3358 2951 0
2810 -3358 2951 0

-1890 3358 2951 0
-1890 -3358 2951 0

2810 -3358 3455 0
-1890 -3358 3455 0

2810 3358 3455 0
-1890 3358 3455 0

2810 -3358 3455 0
2810 3358 3455 0

-1890 -3358 3455 0
-1890 3358 3455 0

2810 -3358 2951 0
-1890 -3358 2951 0

2810 -3358 3455 0
-1890 -3358 3455 0

2810 -3358 2951 0
2810 -3358 3455 0

-1890 -3358 2951 0
-1890 -3358 3455 0

2810 3358 3455 0
-1890 3358 3455 0

2810 3358 2951 0
-1890 3358 2951 0

2810 3358 3455 0
2810 3358 2951 0

-1890 3358 3455 0
-1890 3358 2951 0

2810 3358 2951 0
2810 -3358 2951 0

2810 3358 3455 0
2810 -3358 3455 0

2810 3358 2951 0
2810 3358 3455 0

2810 -3358 2951 0
2810 -3358 3455 0

-1890 3358 3455 0
-1890 -3358 3455 0

-1890 3358 2951 0
-1890 -3358 2951 0

-1890 3358 3455 0
-1890 3358 2951 0

-1890 -3358 3455 0
-1890 -3358 2951 0

2810 -2701 3455 0
460 -2701 3455 0

460 -2701 3455 0
-715 -2701 3455 0
-1890 -2701 3455 0

-1890 -2701 3455 0

2810 -2515 3455 0
-1890 -2515 3455 0

2810 -2701 3455 0
2810 -2515 3455 0

-1890 -2701 3455 0
-1890 -2515 3455 0

2810 -2515 2951 0
-1890 -2515 2951 0

2810 -2701 2951 0
-1890 -2701 2951 0

2810 -2515 2951 0
2810 -2701 2951 0

-1890 -2515 2951 0
-1890 -2701 2951 0

2810 -2515 3455 0
-1890 -2515 3455 0

2810 -2515 2951 0
-1890 -2515 2951 0

2810 -2515 3455 0
2810 -2515 2951 0

-1890 -2515 3455 0
-1890 -2515 2951 0

2810 -2701 2951 0
-1890 -2701 2951 0

2810 -2701 3455 0
-1890 -2701 3455 0

2810 -2701 2951 0
2810 -2701 3455 0

-1890 -2701 2951 0
-1890 -2701 3455 0

2810 -2701 3455 0
2810 -2515 3455 0

2810 -2701 2951 0
2810 -2515 2951 0

2810 -2701 3455 0
2810 -2701 2951 0

2810 -2515 3455 0
2810 -2515 2951 0

-1890 -2701 2951 0
-1890 -2515 2951 0

-1890 -2701 3455 0
-1890 -2515 3455 0

-1890 -2701 2951 0
-1890 -2701 3455 0

-1890 -2515 2951 0
-1890 -2515 3455 0

2810 -93 3455 0
460 -93 3455 0

460 -93 3455 0
-715 -93 3455 0
-1890 -93 3455 0

-1890 -93 3455 0

2810 93 3455 0
-1890 93 3455 0

2810 -93 3455 0
2810 93 3455 0

-1890 -93 3455 0
-1890 93 3455 0

2810 93 2951 0
-1890 93 2951 0

2810 -93 2951 0
-1890 -93 2951 0

2810 93 2951 0
2810 -93 2951 0

-1890 93 2951 0
-1890 -93 2951 0

2810 93 3455 0
-1890 93 3455 0

2810 93 2951 0
-1890 93 2951 0

2810 93 3455 0
2810 93 2951 0

-1890 93 3455 0
-1890 93 2951 0

2810 -93 2951 0
-1890 -93 2951 0

2810 -93 3455 0
-1890 -93 3455 0

2810 -93 2951 0
2810 -93 3455 0

-1890 -93 2951 0
-1890 -93 3455 0

2810 -93 3455 0
2810 93 3455 0

2810 -93 2951 0
2810 93 2951 0

2810 -93 3455 0
2810 -93 2951 0

2810 93 3455 0
2810 93 2951 0

-1890 -93 2951 0
-1890 93 2951 0

-1890 -93 3455 0
-1890 93 3455 0

-1890 -93 2951 0
-1890 -93 3455 0

-1890 93 2951 0
-1890 93 3455 0

2810 2515 3455 0
460 2515 3455 0

460 2515 3455 0
-715 2515 3455 0
-1890 2515 3455 0

-1890 2515 3455 0

2810 2701 3455 0
-1890 2701 3455 0

2810 2515 3455 0
2810 2701 3455 0

-1890 2515 3455 0
-1890 2701 3455 0

2810 2701 2951 0
-1890 2701 2951 0

2810 2515 2951 0
-1890 2515 2951 0

2810 2701 2951 0
2810 2515 2951 0

-1890 2701 2951 0
-1890 2515 2951 0

2810 2701 3455 0
-1890 2701 3455 0

2810 2701 2951 0
-1890 2701 2951 0

2810 2701 3455 0
2810 2701 2951 0

-1890 2701 3455 0
-1890 2701 2951 0

2810 2515 2951 0
-1890 2515 2951 0

2810 2515 3455 0
-1890 2515 3455 0

2810 2515 2951 0
2810 2515 3455 0

-1890 2515 2951 0
-1890 2515 3455 0

2810 2515 3455 0
2810 2701 3455 0

2810 2515 2951 0
2810 2701 2951 0

2810 2515 3455 0
2810 2515 2951 0

2810 2701 3455 0
2810 2701 2951 0

-1890 2515 2951 0
-1890 2701 2951 0

-1890 2515 3455 0
-1890 2701 3455 0

-1890 2515 2951 0
-1890 2515 3455 0

-1890 2701 2951 0
-1890 2701 3455 0

2810 3358 -2719.5 0
460 3358 -2719.5 0

460 3358 -2719.5 0
-715 3358 -2719.5 0
-1890 3358 -2719.5 0

-1890 3358 -2719.5 0

2810 -3358 -2719.5 0
-1890 -3358 -2719.5 0

2810 3358 -2719.5 0
2810 -3358 -2719.5 0

-1890 3358 -2719.5 0
-1890 -3358 -2719.5 0

2810 -3358 -2215.5 0
-1890 -3358 -2215.5 0

2810 3358 -2215.5 0
-1890 3358 -2215.5 0

2810 -3358 -2215.5 0
2810 3358 -2215.5 0

-1890 -3358 -2215.5 0
-1890 3358 -2215.5 0

2810 -3358 -2719.5 0
-1890 -3358 -2719.5 0

2810 -3358 -2215.5 0
-1890 -3358 -2215.5 0

2810 -3358 -2719.5 0
2810 -3358 -2215.5 0

-1890 -3358 -2719.5 0
-1890 -3358 -2215.5 0

2810 3358 -2215.5 0
-1890 3358 -2215.5 0

2810 3358 -2719.5 0
-1890 3358 -2719.5 0

2810 3358 -2215.5 0
2810 3358 -2719.5 0

-1890 3358 -2215.5 0
-1890 3358 -2719.5 0

2810 3358 -2719.5 0
2810 -3358 -2719.5 0

2810 3358 -2215.5 0
2810 -3358 -2215.5 0

2810 3358 -2719.5 0
2810 3358 -2215.5 0

2810 -3358 -2719.5 0
2810 -3358 -2215.5 0

-1890 3358 -2215.5 0
-1890 -3358 -2215.5 0

-1890 3358 -2719.5 0
-1890 -3358 -2719.5 0

-1890 3358 -2215.5 0
-1890 3358 -2719.5 0

-1890 -3358 -2215.5 0
-1890 -3358 -2719.5 0

2810 -2701 -2215.5 0
460 -2701 -2215.5 0

460 -2701 -2215.5 0
-715 -2701 -2215.5 0
-1890 -2701 -2215.5 0

-1890 -2701 -2215.5 0

2810 -2515 -2215.5 0
-1890 -2515 -2215.5 0

2810 -2701 -2215.5 0
2810 -2515 -2215.5 0

-1890 -2701 -2215.5 0
-1890 -2515 -2215.5 0

2810 -2515 -2719.5 0
-1890 -2515 -2719.5 0

2810 -2701 -2719.5 0
-1890 -2701 -2719.5 0

2810 -2515 -2719.5 0
2810 -2701 -2719.5 0

-1890 -2515 -2719.5 0
-1890 -2701 -2719.5 0

2810 -2515 -2215.5 0
-1890 -2515 -2215.5 0

2810 -2515 -2719.5 0
-1890 -2515 -2719.5 0

2810 -2515 -2215.5 0
2810 -2515 -2719.5 0

-1890 -2515 -2215.5 0
-1890 -2515 -2719.5 0

2810 -2701 -2719.5 0
-1890 -2701 -2719.5 0

2810 -2701 -2215.5 0
-1890 -2701 -2215.5 0

2810 -2701 -2719.5 0
2810 -2701 -2215.5 0

-1890 -2701 -2719.5 0
-1890 -2701 -2215.5 0

2810 -2701 -2215.5 0
2810 -2515 -2215.5 0

2810 -2701 -2719.5 0
2810 -2515 -2719.5 0

2810 -2701 -2215.5 0
2810 -2701 -2719.5 0

2810 -2515 -2215.5 0
2810 -2515 -2719.5 0

-1890 -2701 -2719.5 0
-1890 -2515 -2719.5 0

-1890 -2701 -2215.5 0
-1890 -2515 -2215.5 0

-1890 -2701 -2719.5 0
-1890 -2701 -2215.5 0

-1890 -2515 -2719.5 0
-1890 -2515 -2215.5 0

2810 -93 -2215.5 0
460 -93 -2215.5 0

460 -93 -2215.5 0
-715 -93 -2215.5 0
-1890 -93 -2215.5 0

-1890 -93 -2215.5 0

2810 93 -2215.5 0
-1890 93 -2215.5 0

2810 -93 -2215.5 0
2810 93 -2215.5 0

-1890 -93 -2215.5 0
-1890 93 -2215.5 0

2810 93 -2719.5 0
-1890 93 -2719.5 0

2810 -93 -2719.5 0
-1890 -93 -2719.5 0

2810 93 -2719.5 0
2810 -93 -2719.5 0

-1890 93 -2719.5 0
-1890 -93 -2719.5 0

2810 93 -2215.5 0
-1890 93 -2215.5 0

2810 93 -2719.5 0
-1890 93 -2719.5 0

2810 93 -2215.5 0
2810 93 -2719.5 0

-1890 93 -2215.5 0
-1890 93 -2719.5 0

2810 -93 -2719.5 0
-1890 -93 -2719.5 0

2810 -93 -2215.5 0
-1890 -93 -2215.5 0

2810 -93 -2719.5 0
2810 -93 -2215.5 0

-1890 -93 -2719.5 0
-1890 -93 -2215.5 0

2810 -93 -2215.5 0
2810 93 -2215.5 0

2810 -93 -2719.5 0
2810 93 -2719.5 0

2810 -93 -2215.5 0
2810 -93 -2719.5 0

2810 93 -2215.5 0
2810 93 -2719.5 0

-1890 -93 -2719.5 0
-1890 93 -2719.5 0

-1890 -93 -2215.5 0
-1890 93 -2215.5 0

-1890 -93 -2719.5 0
-1890 -93 -2215.5 0

-1890 93 -2719.5 0
-1890 93 -2215.5 0

2810 2515 -2215.5 0
460 2515 -2215.5 0

460 2515 -2215.5 0
-715 2515 -2215.5 0
-1890 2515 -2215.5 0

-1890 2515 -2215.5 0

2810 2701 -2215.5 0
-1890 2701 -2215.5 0

2810 2515 -2215.5 0
2810 2701 -2215.5 0

-1890 2515 -2215.5 0
-1890 2701 -2215.5 0

2810 2701 -2719.5 0
-1890 2701 -2719.5 0

2810 2515 -2719.5 0
-1890 2515 -2719.5 0

2810 2701 -2719.5 0
2810 2515 -2719.5 0

-1890 2701 -2719.5 0
-1890 2515 -2719.5 0

2810 2701 -2215.5 0
-1890 2701 -2215.5 0

2810 2701 -2719.5 0
-1890 2701 -2719.5 0

2810 2701 -2215.5 0
2810 2701 -2719.5 0

-1890 2701 -2215.5 0
-1890 2701 -2719.5 0

2810 2515 -2719.5 0
-1890 2515 -2719.5 0

2810 2515 -2215.5 0
-1890 2515 -2215.5 0

2810 2515 -2719.5 0
2810 2515 -2215.5 0

-1890 2515 -2719.5 0
-1890 2515 -2215.5 0

2810 2515 -2215.5 0
2810 2701 -2215.5 0

2810 2515 -2719.5 0
2810 2701 -2719.5 0

2810 2515 -2215.5 0
2810 2515 -2719.5 0

2810 2701 -2215.5 0
2810 2701 -2719.5 0

-1890 2515 -2719.5 0
-1890 2701 -2719.5 0

-1890 2515 -2215.5 0
-1890 2701 -2215.5 0

-1890 2515 -2719.5 0
-1890 2515 -2215.5 0

-1890 2701 -2719.5 0
-1890 2701 -2215.5 0

-1965 -4500 -2700 0
-1965 0 -2700 0

-1965 0 -2700 0
-1965 2250 -2700 0
-1965 4500 -2700 0

-1965 4500 -2700 0

-2469 -4500 -2700 0
-2469 4500 -2700 0

-1965 -4500 -2700 0
-2469 -4500 -2700 0

-1965 4500 -2700 0
-2469 4500 -2700 0

-2469 -4500 3438 0
-2469 4500 3438 0

-1965 -4500 3438 0
-1965 4500 3438 0

-2469 -4500 3438 0
-1965 -4500 3438 0

-2469 4500 3438 0
-1965 4500 3438 0

-2469 -4500 -2700 0
-2469 4500 -2700 0

-2469 -4500 3438 0
-2469 4500 3438 0

-2469 -4500 -2700 0
-2469 -4500 3438 0

-2469 4500 -2700 0
-2469 4500 3438 0

-1965 -4500 3438 0
-1965 4500 3438 0

-1965 -4500 -2700 0
-1965 4500 -2700 0

-1965 -4500 3438 0
-1965 -4500 -2700 0

-1965 4500 3438 0
-1965 4500 -2700 0

-1965 -4500 -2700 0
-2469 -4500 -2700 0

-1965 -4500 3438 0
-2469 -4500 3438 0

-1965 -4500 -2700 0
-1965 -4500 3438 0

-2469 -4500 -2700 0
-2469 -4500 3438 0

-1965 4500 3438 0
-2469 4500 3438 0

-1965 4500 -2700 0
-2469 4500 -2700 0

-1965 4500 3438 0
-1965 4500 -2700 0

-2469 4500 3438 0
-2469 4500 -2700 0

-2124 96 2942 0
-2124 1304 2942 0

-2124 1304 2942 0
-2124 1908 2942 0
-2124 2512 2942 0

-2124 2512 2942 0

-2310 96 2942 0
-2310 2512 2942 0

-2124 96 2942 0
-2310 96 2942 0

-2124 2512 2942 0
-2310 2512 2942 0

-2310 96 3446 0
-2310 2512 3446 0

-2124 96 3446 0
-2124 2512 3446 0

-2310 96 3446 0
-2124 96 3446 0

-2310 2512 3446 0
-2124 2512 3446 0

-2310 96 2942 0
-2310 2512 2942 0

-2310 96 3446 0
-2310 2512 3446 0

-2310 96 2942 0
-2310 96 3446 0

-2310 2512 2942 0
-2310 2512 3446 0

-2124 96 3446 0
-2124 2512 3446 0

-2124 96 2942 0
-2124 2512 2942 0

-2124 96 3446 0
-2124 96 2942 0

-2124 2512 3446 0
-2124 2512 2942 0

-2124 96 2942 0
-2310 96 2942 0

-2124 96 3446 0
-2310 96 3446 0

-2124 96 2942 0
-2124 96 3446 0

-2310 96 2942 0
-2310 96 3446 0

-2124 2512 3446 0
-2310 2512 3446 0

-2124 2512 2942 0
-2310 2512 2942 0

-2124 2512 3446 0
-2124 2512 2942 0

-2310 2512 3446 0
-2310 2512 2942 0

-2124 -2512 2942 0
-2124 -1304 2942 0

-2124 -1304 2942 0
-2124 -700 2942 0
-2124 -96 2942 0

-2124 -96 2942 0

-2310 -2512 2942 0
-2310 -96 2942 0

-2124 -2512 2942 0
-2310 -2512 2942 0

-2124 -96 2942 0
-2310 -96 2942 0

-2310 -2512 3446 0
-2310 -96 3446 0

-2124 -2512 3446 0
-2124 -96 3446 0

-2310 -2512 3446 0
-2124 -2512 3446 0

-2310 -96 3446 0
-2124 -96 3446 0

-2310 -2512 2942 0
-2310 -96 2942 0

-2310 -2512 3446 0
-2310 -96 3446 0

-2310 -2512 2942 0
-2310 -2512 3446 0

-2310 -96 2942 0
-2310 -96 3446 0

-2124 -2512 3446 0
-2124 -96 3446 0

-2124 -2512 2942 0
-2124 -96 2942 0

-2124 -2512 3446 0
-2124 -2512 2942 0

-2124 -96 3446 0
-2124 -96 2942 0

-2124 -2512 2942 0
-2310 -2512 2942 0

-2124 -2512 3446 0
-2310 -2512 3446 0

-2124 -2512 2942 0
-2124 -2512 3446 0

-2310 -2512 2942 0
-2310 -2512 3446 0

-2124 -96 3446 0
-2310 -96 3446 0

-2124 -96 2942 0
-2310 -96 2942 0

-2124 -96 3446 0
-2124 -96 2942 0

-2310 -96 3446 0
-2310 -96 2942 0

-2469 -2700.5 3438 0
-2469 -2608 3438 0

-2469 -2608 3438 0
-2469 -2561.75 3438 0
-2469 -2515.5 3438 0

-2469 -2515.5 3438 0

-1965 -2700.5 3438 0
-1965 -2515.5 3438 0

-2469 -2700.5 3438 0
-1965 -2700.5 3438 0

-2469 -2515.5 3438 0
-1965 -2515.5 3438 0

-1965 -2700.5 -2700 0
-1965 -2515.5 -2700 0

-2469 -2700.5 -2700 0
-2469 -2515.5 -2700 0

-1965 -2700.5 -2700 0
-2469 -2700.5 -2700 0

-1965 -2515.5 -2700 0
-2469 -2515.5 -2700 0

-1965 -2700.5 3438 0
-1965 -2515.5 3438 0

-1965 -2700.5 -2700 0
-1965 -2515.5 -2700 0

-1965 -2700.5 3438 0
-1965 -2700.5 -2700 0

-1965 -2515.5 3438 0
-1965 -2515.5 -2700 0

-2469 -2700.5 -2700 0
-2469 -2515.5 -2700 0

-2469 -2700.5 3438 0
-2469 -2515.5 3438 0

-2469 -2700.5 -2700 0
-2469 -2700.5 3438 0

-2469 -2515.5 -2700 0
-2469 -2515.5 3438 0

-2469 -2700.5 3438 0
-1965 -2700.5 3438 0

-2469 -2700.5 -2700 0
-1965 -2700.5 -2700 0

-2469 -2700.5 3438 0
-2469 -2700.5 -2700 0

-1965 -2700.5 3438 0
-1965 -2700.5 -2700 0

-2469 -2515.5 -2700 0
-1965 -2515.5 -2700 0

-2469 -2515.5 3438 0
-1965 -2515.5 3438 0

-2469 -2515.5 -2700 0
-2469 -2515.5 3438 0

-1965 -2515.5 -2700 0
-1965 -2515.5 3438 0

-2469 -92.5 3438 0
-2469 0 3438 0

-2469 0 3438 0
-2469 46.25 3438 0
-2469 92.5 3438 0

-2469 92.5 3438 0

-1965 -92.5 3438 0
-1965 92.5 3438 0

-2469 -92.5 3438 0
-1965 -92.5 3438 0

-2469 92.5 3438 0
-1965 92.5 3438 0

-1965 -92.5 -2700 0
-1965 92.5 -2700 0

-2469 -92.5 -2700 0
-2469 92.5 -2700 0

-1965 -92.5 -2700 0
-2469 -92.5 -2700 0

-1965 92.5 -2700 0
-2469 92.5 -2700 0

-1965 -92.5 3438 0
-1965 92.5 3438 0

-1965 -92.5 -2700 0
-1965 92.5 -2700 0

-1965 -92.5 3438 0
-1965 -92.5 -2700 0

-1965 92.5 3438 0
-1965 92.5 -2700 0

-2469 -92.5 -2700 0
-2469 92.5 -2700 0

-2469 -92.5 3438 0
-2469 92.5 3438 0

-2469 -92.5 -2700 0
-2469 -92.5 3438 0

-2469 92.5 -2700 0
-2469 92.5 3438 0

-2469 -92.5 3438 0
-1965 -92.5 3438 0

-2469 -92.5 -2700 0
-1965 -92.5 -2700 0

-2469 -92.5 3438 0
-2469 -92.5 -2700 0

-1965 -92.5 3438 0
-1965 -92.5 -2700 0

-2469 92.5 -2700 0
-1965 92.5 -2700 0

-2469 92.5 3438 0
-1965 92.5 3438 0

-2469 92.5 -2700 0
-2469 92.5 3438 0

-1965 92.5 -2700 0
-1965 92.5 3438 0

-2469 2515.5 3438 0
-2469 2608 3438 0

-2469 2608 3438 0
-2469 2654.25 3438 0
-2469 2700.5 3438 0

-2469 2700.5 3438 0

-1965 2515.5 3438 0
-1965 2700.5 3438 0

-2469 2515.5 3438 0
-1965 2515.5 3438 0

-2469 2700.5 3438 0
-1965 2700.5 3438 0

-1965 2515.5 -2700 0
-1965 2700.5 -2700 0

-2469 2515.5 -2700 0
-2469 2700.5 -2700 0

-1965 2515.5 -2700 0
-2469 2515.5 -2700 0

-1965 2700.5 -2700 0
-2469 2700.5 -2700 0

-1965 2515.5 3438 0
-1965 2700.5 3438 0

-1965 2515.5 -2700 0
-1965 2700.5 -2700 0

-1965 2515.5 3438 0
-1965 2515.5 -2700 0

-1965 2700.5 3438 0
-1965 2700.5 -2700 0

-2469 2515.5 -2700 0
-2469 2700.5 -2700 0

-2469 2515.5 3438 0
-2469 2700.5 3438 0

-2469 2515.5 -2700 0
-2469 2515.5 3438 0

-2469 2700.5 -2700 0
-2469 2700.5 3438 0

-2469 2515.5 3438 0
-1965 2515.5 3438 0

-2469 2515.5 -2700 0
-1965 2515.5 -2700 0

-2469 2515.5 3438 0
-2469 2515.5 -2700 0

-1965 2515.5 3438 0
-1965 2515.5 -2700 0

-2469 2700.5 -2700 0
-1965 2700.5 -2700 0

-2469 2700.5 3438 0
-1965 2700.5 3438 0

-2469 2700.5 -2700 0
-2469 2700.5 3438 0

-1965 2700.5 -2700 0
-1965 2700.5 3438 0

3332 -4500 -2700 0
3332 0 -2700 0

3332 0 -2700 0
3332 2250 -2700 0
3332 4500 -2700 0

3332 4500 -2700 0

2828 -4500 -2700 0
2828 4500 -2700 0

3332 -4500 -2700 0
2828 -4500 -2700 0

3332 4500 -2700 0
2828 4500 -2700 0

2828 -4500 3438 0
2828 4500 3438 0

3332 -4500 3438 0
3332 4500 3438 0

2828 -4500 3438 0
3332 -4500 3438 0

2828 4500 3438 0
3332 4500 3438 0

2828 -4500 -2700 0
2828 4500 -2700 0

2828 -4500 3438 0
2828 4500 3438 0

2828 -4500 -2700 0
2828 -4500 3438 0

2828 4500 -2700 0
2828 4500 3438 0

3332 -4500 3438 0
3332 4500 3438 0

3332 -4500 -2700 0
3332 4500 -2700 0

3332 -4500 3438 0
3332 -4500 -2700 0

3332 4500 3438 0
3332 4500 -2700 0

3332 -4500 -2700 0
2828 -4500 -2700 0

3332 -4500 3438 0
2828 -4500 3438 0

3332 -4500 -2700 0
3332 -4500 3438 0

2828 -4500 -2700 0
2828 -4500 3438 0

3332 4500 3438 0
2828 4500 3438 0

3332 4500 -2700 0
2828 4500 -2700 0

3332 4500 3438 0
3332 4500 -2700 0

2828 4500 3438 0
2828 4500 -2700 0

3173 96 2942 0
3173 1304 2942 0

3173 1304 2942 0
3173 1908 2942 0
3173 2512 2942 0

3173 2512 2942 0

2987 96 2942 0
2987 2512 2942 0

3173 96 2942 0
2987 96 2942 0

3173 2512 2942 0
2987 2512 2942 0

2987 96 3446 0
2987 2512 3446 0

3173 96 3446 0
3173 2512 3446 0

2987 96 3446 0
3173 96 3446 0

2987 2512 3446 0
3173 2512 3446 0

2987 96 2942 0
2987 2512 2942 0

2987 96 3446 0
2987 2512 3446 0

2987 96 2942 0
2987 96 3446 0

2987 2512 2942 0
2987 2512 3446 0

3173 96 3446 0
3173 2512 3446 0

3173 96 2942 0
3173 2512 2942 0

3173 96 3446 0
3173 96 2942 0

3173 2512 3446 0
3173 2512 2942 0

3173 96 2942 0
2987 96 2942 0

3173 96 3446 0
2987 96 3446 0

3173 96 2942 0
3173 96 3446 0

2987 96 2942 0
2987 96 3446 0

3173 2512 3446 0
2987 2512 3446 0

3173 2512 2942 0
2987 2512 2942 0

3173 2512 3446 0
3173 2512 2942 0

2987 2512 3446 0
2987 2512 2942 0

3173 -2512 2942 0
3173 -1304 2942 0

3173 -1304 2942 0
3173 -700 2942 0
3173 -96 2942 0

3173 -96 2942 0

2987 -2512 2942 0
2987 -96 2942 0

3173 -2512 2942 0
2987 -2512 2942 0

3173 -96 2942 0
2987 -96 2942 0

2987 -2512 3446 0
2987 -96 3446 0

3173 -2512 3446 0
3173 -96 3446 0

2987 -2512 3446 0
3173 -2512 3446 0

2987 -96 3446 0
3173 -96 3446 0

2987 -2512 2942 0
2987 -96 2942 0

2987 -2512 3446 0
2987 -96 3446 0

2987 -2512 2942 0
2987 -2512 3446 0

2987 -96 2942 0
2987 -96 3446 0

3173 -2512 3446 0
3173 -96 3446 0

3173 -2512 2942 0
3173 -96 2942 0

3173 -2512 3446 0
3173 -2512 2942 0

3173 -96 3446 0
3173 -96 2942 0

3173 -2512 2942 0
2987 -2512 2942 0

3173 -2512 3446 0
2987 -2512 3446 0

3173 -2512 2942 0
3173 -2512 3446 0

2987 -2512 2942 0
2987 -2512 3446 0

3173 -96 3446 0
2987 -96 3446 0

3173 -96 2942 0
2987 -96 2942 0

3173 -96 3446 0
3173 -96 2942 0

2987 -96 3446 0
2987 -96 2942 0

2828 -2700.5 3438 0
2828 -2608 3438 0

2828 -2608 3438 0
2828 -2561.75 3438 0
2828 -2515.5 3438 0

2828 -2515.5 3438 0

3332 -2700.5 3438 0
3332 -2515.5 3438 0

2828 -2700.5 3438 0
3332 -2700.5 3438 0

2828 -2515.5 3438 0
3332 -2515.5 3438 0

3332 -2700.5 -2700 0
3332 -2515.5 -2700 0

2828 -2700.5 -2700 0
2828 -2515.5 -2700 0

3332 -2700.5 -2700 0
2828 -2700.5 -2700 0

3332 -2515.5 -2700 0
2828 -2515.5 -2700 0

3332 -2700.5 3438 0
3332 -2515.5 3438 0

3332 -2700.5 -2700 0
3332 -2515.5 -2700 0

3332 -2700.5 3438 0
3332 -2700.5 -2700 0

3332 -2515.5 3438 0
3332 -2515.5 -2700 0

2828 -2700.5 -2700 0
2828 -2515.5 -2700 0

2828 -2700.5 3438 0
2828 -2515.5 3438 0

2828 -2700.5 -2700 0
2828 -2700.5 3438 0

2828 -2515.5 -2700 0
2828 -2515.5 3438 0

2828 -2700.5 3438 0
3332 -2700.5 3438 0

2828 -2700.5 -2700 0
3332 -2700.5 -2700 0

2828 -2700.5 3438 0
2828 -2700.5 -2700 0

3332 -2700.5 3438 0
3332 -2700.5 -2700 0

2828 -2515.5 -2700 0
3332 -2515.5 -2700 0

2828 -2515.5 3438 0
3332 -2515.5 3438 0

2828 -2515.5 -2700 0
2828 -2515.5 3438 0

3332 -2515.5 -2700 0
3332 -2515.5 3438 0

2828 -92.5 3438 0
2828 0 3438 0

2828 0 3438 0
2828 46.25 3438 0
2828 92.5 3438 0

2828 92.5 3438 0

3332 -92.5 3438 0
3332 92.5 3438 0

2828 -92.5 3438 0
3332 -92.5 3438 0

2828 92.5 3438 0
3332 92.5 3438 0

3332 -92.5 -2700 0
3332 92.5 -2700 0

2828 -92.5 -2700 0
2828 92.5 -2700 0

3332 -92.5 -2700 0
2828 -92.5 -2700 0

3332 92.5 -2700 0
2828 92.5 -2700 0

3332 -92.5 3438 0
3332 92.5 3438 0

3332 -92.5 -2700 0
3332 92.5 -2700 0

3332 -92.5 3438 0
3332 -92.5 -2700 0

3332 92.5 3438 0
3332 92.5 -2700 0

2828 -92.5 -2700 0
2828 92.5 -2700 0

2828 -92.5 3438 0
2828 92.5 3438 0

2828 -92.5 -2700 0
2828 -92.5 3438 0

2828 92.5 -2700 0
2828 92.5 3438 0

2828 -92.5 3438 0
3332 -92.5 3438 0

2828 -92.5 -2700 0
3332 -92.5 -2700 0

2828 -92.5 3438 0
2828 -92.5 -2700 0

3332 -92.5 3438 0
3332 -92.5 -2700 0

2828 92.5 -2700 0
3332 92.5 -2700 0

2828 92.5 3438 0
3332 92.5 3438 0

2828 92.5 -2700 0
2828 92.5 3438 0

3332 92.5 -2700 0
3332 92.5 3438 0

2828 2515.5 3438 0
2828 2608 3438 0

2828 2608 3438 0
2828 2654.25 3438 0
2828 2700.5 3438 0

2828 2700.5 3438 0

3332 2515.5 3438 0
3332 2700.5 3438 0

2828 2515.5 3438 0
3332 2515.5 3438 0

2828 2700.5 3438 0
3332 2700.5 3438 0

3332 2515.5 -2700 0
3332 2700.5 -2700 0

2828 2515.5 -2700 0
2828 2700.5 -2700 0

3332 2515.5 -2700 0
2828 2515.5 -2700 0

3332 2700.5 -2700 0
2828 2700.5 -2700 0

3332 2515.5 3438 0
3332 2700.5 3438 0

3332 2515.5 -2700 0
3332 2700.5 -2700 0

3332 2515.5 3438 0
3332 2515.5 -2700 0

3332 2700.5 3438 0
3332 2700.5 -2700 0

2828 2515.5 -2700 0
2828 2700.5 -2700 0

2828 2515.5 3438 0
2828 2700.5 3438 0

2828 2515.5 -2700 0
2828 2515.5 3438 0

2828 2700.5 -2700 0
2828 2700.5 3438 0

2828 2515.5 3438 0
3332 2515.5 3438 0

2828 2515.5 -2700 0
3332 2515.5 -2700 0

2828 2515.5 3438 0
2828 2515.5 -2700 0

3332 2515.5 3438 0
3332 2515.5 -2700 0

2828 2700.5 -2700 0
3332 2700.5 -2700 0

2828 2700.5 3438 0
3332 2700.5 3438 0

2828 2700.5 -2700 0
2828 2700.5 3438 0

3332 2700.5 -2700 0
3332 2700.5 3438 0

# end of label='grey'
