# Temporary file generated by the 'geomtools::gnuplot_drawer'
# class for visualization.
# label='blue'
-954 -2658.5 0 0
-954 0 0 0

-954 0 0 0
-954 1329.25 0 0
-954 2658.5 0 0

-954 2658.5 0 0

-967 -2658.5 0 0
-967 2658.5 0 0

-954 -2658.5 0 0
-967 -2658.5 0 0

-954 2658.5 0 0
-967 2658.5 0 0

-967 -2658.5 13 0
-967 2658.5 13 0

-954 -2658.5 13 0
-954 2658.5 13 0

-967 -2658.5 13 0
-954 -2658.5 13 0

-967 2658.5 13 0
-954 2658.5 13 0

-967 -2658.5 0 0
-967 2658.5 0 0

-967 -2658.5 13 0
-967 2658.5 13 0

-967 -2658.5 0 0
-967 -2658.5 13 0

-967 2658.5 0 0
-967 2658.5 13 0

-954 -2658.5 13 0
-954 2658.5 13 0

-954 -2658.5 0 0
-954 2658.5 0 0

-954 -2658.5 13 0
-954 -2658.5 0 0

-954 2658.5 13 0
-954 2658.5 0 0

-954 -2658.5 0 0
-967 -2658.5 0 0

-954 -2658.5 13 0
-967 -2658.5 13 0

-954 -2658.5 0 0
-954 -2658.5 13 0

-967 -2658.5 0 0
-967 -2658.5 13 0

-954 2658.5 13 0
-967 2658.5 13 0

-954 2658.5 0 0
-967 2658.5 0 0

-954 2658.5 13 0
-954 2658.5 0 0

-967 2658.5 13 0
-967 2658.5 0 0

# end of label='blue'
