# Temporary file generated by the 'geomtools::gnuplot_drawer'
# class for visualization.
# label='grey'
2610 -4500 -470 0
2610 0 -470 0

2610 0 -470 0
2610 2250 -470 0
2610 4500 -470 0

2610 4500 -470 0

-2610 -4500 -470 0
-2610 4500 -470 0

2610 -4500 -470 0
-2610 -4500 -470 0

2610 4500 -470 0
-2610 4500 -470 0

-2610 -4500 470 0
-2610 4500 470 0

2610 -4500 470 0
2610 4500 470 0

-2610 -4500 470 0
2610 -4500 470 0

-2610 4500 470 0
2610 4500 470 0

-2610 -4500 -470 0
-2610 4500 -470 0

-2610 -4500 470 0
-2610 4500 470 0

-2610 -4500 -470 0
-2610 -4500 470 0

-2610 4500 -470 0
-2610 4500 470 0

2610 -4500 470 0
2610 4500 470 0

2610 -4500 -470 0
2610 4500 -470 0

2610 -4500 470 0
2610 -4500 -470 0

2610 4500 470 0
2610 4500 -470 0

2610 -4500 -470 0
-2610 -4500 -470 0

2610 -4500 470 0
-2610 -4500 470 0

2610 -4500 -470 0
2610 -4500 470 0

-2610 -4500 -470 0
-2610 -4500 470 0

2610 4500 470 0
-2610 4500 470 0

2610 4500 -470 0
-2610 4500 -470 0

2610 4500 470 0
2610 4500 -470 0

-2610 4500 470 0
-2610 4500 -470 0

1500 -3000 -470 0
1500 0 -470 0

1500 0 -470 0
1500 1500 -470 0
1500 3000 -470 0

1500 3000 -470 0

-1500 -3000 -470 0
-1500 3000 -470 0

1500 -3000 -470 0
-1500 -3000 -470 0

1500 3000 -470 0
-1500 3000 -470 0

-1500 -3000 30 0
-1500 3000 30 0

1500 -3000 30 0
1500 3000 30 0

-1500 -3000 30 0
1500 -3000 30 0

-1500 3000 30 0
1500 3000 30 0

-1500 -3000 -470 0
-1500 3000 -470 0

-1500 -3000 30 0
-1500 3000 30 0

-1500 -3000 -470 0
-1500 -3000 30 0

-1500 3000 -470 0
-1500 3000 30 0

1500 -3000 30 0
1500 3000 30 0

1500 -3000 -470 0
1500 3000 -470 0

1500 -3000 30 0
1500 -3000 -470 0

1500 3000 30 0
1500 3000 -470 0

1500 -3000 -470 0
-1500 -3000 -470 0

1500 -3000 30 0
-1500 -3000 30 0

1500 -3000 -470 0
1500 -3000 30 0

-1500 -3000 -470 0
-1500 -3000 30 0

1500 3000 30 0
-1500 3000 30 0

1500 3000 -470 0
-1500 3000 -470 0

1500 3000 30 0
1500 3000 -470 0

-1500 3000 30 0
-1500 3000 -470 0

1500 -2515.5 -470 0
0 -2515.5 -470 0

0 -2515.5 -470 0
-750 -2515.5 -470 0
-1500 -2515.5 -470 0

-1500 -2515.5 -470 0

1500 -2700.5 -470 0
-1500 -2700.5 -470 0

1500 -2515.5 -470 0
1500 -2700.5 -470 0

-1500 -2515.5 -470 0
-1500 -2700.5 -470 0

1500 -2700.5 30 0
-1500 -2700.5 30 0

1500 -2515.5 30 0
-1500 -2515.5 30 0

1500 -2700.5 30 0
1500 -2515.5 30 0

-1500 -2700.5 30 0
-1500 -2515.5 30 0

1500 -2700.5 -470 0
-1500 -2700.5 -470 0

1500 -2700.5 30 0
-1500 -2700.5 30 0

1500 -2700.5 -470 0
1500 -2700.5 30 0

-1500 -2700.5 -470 0
-1500 -2700.5 30 0

1500 -2515.5 30 0
-1500 -2515.5 30 0

1500 -2515.5 -470 0
-1500 -2515.5 -470 0

1500 -2515.5 30 0
1500 -2515.5 -470 0

-1500 -2515.5 30 0
-1500 -2515.5 -470 0

1500 -2515.5 -470 0
1500 -2700.5 -470 0

1500 -2515.5 30 0
1500 -2700.5 30 0

1500 -2515.5 -470 0
1500 -2515.5 30 0

1500 -2700.5 -470 0
1500 -2700.5 30 0

-1500 -2515.5 30 0
-1500 -2700.5 30 0

-1500 -2515.5 -470 0
-1500 -2700.5 -470 0

-1500 -2515.5 30 0
-1500 -2515.5 -470 0

-1500 -2700.5 30 0
-1500 -2700.5 -470 0

1500 92.5 -470 0
0 92.5 -470 0

0 92.5 -470 0
-750 92.5 -470 0
-1500 92.5 -470 0

-1500 92.5 -470 0

1500 -92.5 -470 0
-1500 -92.5 -470 0

1500 92.5 -470 0
1500 -92.5 -470 0

-1500 92.5 -470 0
-1500 -92.5 -470 0

1500 -92.5 30 0
-1500 -92.5 30 0

1500 92.5 30 0
-1500 92.5 30 0

1500 -92.5 30 0
1500 92.5 30 0

-1500 -92.5 30 0
-1500 92.5 30 0

1500 -92.5 -470 0
-1500 -92.5 -470 0

1500 -92.5 30 0
-1500 -92.5 30 0

1500 -92.5 -470 0
1500 -92.5 30 0

-1500 -92.5 -470 0
-1500 -92.5 30 0

1500 92.5 30 0
-1500 92.5 30 0

1500 92.5 -470 0
-1500 92.5 -470 0

1500 92.5 30 0
1500 92.5 -470 0

-1500 92.5 30 0
-1500 92.5 -470 0

1500 92.5 -470 0
1500 -92.5 -470 0

1500 92.5 30 0
1500 -92.5 30 0

1500 92.5 -470 0
1500 92.5 30 0

1500 -92.5 -470 0
1500 -92.5 30 0

-1500 92.5 30 0
-1500 -92.5 30 0

-1500 92.5 -470 0
-1500 -92.5 -470 0

-1500 92.5 30 0
-1500 92.5 -470 0

-1500 -92.5 30 0
-1500 -92.5 -470 0

1500 2700.5 -470 0
0 2700.5 -470 0

0 2700.5 -470 0
-750 2700.5 -470 0
-1500 2700.5 -470 0

-1500 2700.5 -470 0

1500 2515.5 -470 0
-1500 2515.5 -470 0

1500 2700.5 -470 0
1500 2515.5 -470 0

-1500 2700.5 -470 0
-1500 2515.5 -470 0

1500 2515.5 30 0
-1500 2515.5 30 0

1500 2700.5 30 0
-1500 2700.5 30 0

1500 2515.5 30 0
1500 2700.5 30 0

-1500 2515.5 30 0
-1500 2700.5 30 0

1500 2515.5 -470 0
-1500 2515.5 -470 0

1500 2515.5 30 0
-1500 2515.5 30 0

1500 2515.5 -470 0
1500 2515.5 30 0

-1500 2515.5 -470 0
-1500 2515.5 30 0

1500 2700.5 30 0
-1500 2700.5 30 0

1500 2700.5 -470 0
-1500 2700.5 -470 0

1500 2700.5 30 0
1500 2700.5 -470 0

-1500 2700.5 30 0
-1500 2700.5 -470 0

1500 2700.5 -470 0
1500 2515.5 -470 0

1500 2700.5 30 0
1500 2515.5 30 0

1500 2700.5 -470 0
1500 2700.5 30 0

1500 2515.5 -470 0
1500 2515.5 30 0

-1500 2700.5 30 0
-1500 2515.5 30 0

-1500 2700.5 -470 0
-1500 2515.5 -470 0

-1500 2700.5 30 0
-1500 2700.5 -470 0

-1500 2515.5 30 0
-1500 2515.5 -470 0

# end of label='grey'
