# Temporary file generated by the 'geomtools::gnuplot_drawer'
# class for visualization.
# label='grey'
645 -8875 -3078.5 0
645 0 -3078.5 0

645 0 -3078.5 0
645 4437.5 -3078.5 0
645 8875 -3078.5 0

645 8875 -3078.5 0

-645 -8875 -3078.5 0
-645 8875 -3078.5 0

645 -8875 -3078.5 0
-645 -8875 -3078.5 0

645 8875 -3078.5 0
-645 8875 -3078.5 0

-645 -8875 3078.5 0
-645 8875 3078.5 0

645 -8875 3078.5 0
645 8875 3078.5 0

-645 -8875 3078.5 0
645 -8875 3078.5 0

-645 8875 3078.5 0
645 8875 3078.5 0

-645 -8875 -3078.5 0
-645 8875 -3078.5 0

-645 -8875 3078.5 0
-645 8875 3078.5 0

-645 -8875 -3078.5 0
-645 -8875 3078.5 0

-645 8875 -3078.5 0
-645 8875 3078.5 0

645 -8875 3078.5 0
645 8875 3078.5 0

645 -8875 -3078.5 0
645 8875 -3078.5 0

645 -8875 3078.5 0
645 -8875 -3078.5 0

645 8875 3078.5 0
645 8875 -3078.5 0

645 -8875 -3078.5 0
-645 -8875 -3078.5 0

645 -8875 3078.5 0
-645 -8875 3078.5 0

645 -8875 -3078.5 0
645 -8875 3078.5 0

-645 -8875 -3078.5 0
-645 -8875 3078.5 0

645 8875 3078.5 0
-645 8875 3078.5 0

645 8875 -3078.5 0
-645 8875 -3078.5 0

645 8875 3078.5 0
645 8875 -3078.5 0

-645 8875 3078.5 0
-645 8875 -3078.5 0

645 -8875 -3069 0
645 -4600 -3069 0

645 -4600 -3069 0
645 -2462.5 -3069 0
645 -325 -3069 0

645 -325 -3069 0

-645 -8875 -3069 0
-645 -325 -3069 0

645 -8875 -3069 0
-645 -8875 -3069 0

645 -325 -3069 0
-645 -325 -3069 0

-645 -8875 3069 0
-645 -325 3069 0

645 -8875 3069 0
645 -325 3069 0

-645 -8875 3069 0
645 -8875 3069 0

-645 -325 3069 0
645 -325 3069 0

-645 -8875 -3069 0
-645 -325 -3069 0

-645 -8875 3069 0
-645 -325 3069 0

-645 -8875 -3069 0
-645 -8875 3069 0

-645 -325 -3069 0
-645 -325 3069 0

645 -8875 3069 0
645 -325 3069 0

645 -8875 -3069 0
645 -325 -3069 0

645 -8875 3069 0
645 -8875 -3069 0

645 -325 3069 0
645 -325 -3069 0

645 -8875 -3069 0
-645 -8875 -3069 0

645 -8875 3069 0
-645 -8875 3069 0

645 -8875 -3069 0
645 -8875 3069 0

-645 -8875 -3069 0
-645 -8875 3069 0

645 -325 3069 0
-645 -325 3069 0

645 -325 -3069 0
-645 -325 -3069 0

645 -325 3069 0
645 -325 -3069 0

-645 -325 3069 0
-645 -325 -3069 0

-285 -8875 -3069 0
-285 -4600 -3069 0

-285 -4600 -3069 0
-285 -2462.5 -3069 0
-285 -325 -3069 0

-285 -325 -3069 0

-645 -8875 -3069 0
-645 -325 -3069 0

-285 -8875 -3069 0
-645 -8875 -3069 0

-285 -325 -3069 0
-645 -325 -3069 0

-645 -8875 3069 0
-645 -325 3069 0

-285 -8875 3069 0
-285 -325 3069 0

-645 -8875 3069 0
-285 -8875 3069 0

-645 -325 3069 0
-285 -325 3069 0

-645 -8875 -3069 0
-645 -325 -3069 0

-645 -8875 3069 0
-645 -325 3069 0

-645 -8875 -3069 0
-645 -8875 3069 0

-645 -325 -3069 0
-645 -325 3069 0

-285 -8875 3069 0
-285 -325 3069 0

-285 -8875 -3069 0
-285 -325 -3069 0

-285 -8875 3069 0
-285 -8875 -3069 0

-285 -325 3069 0
-285 -325 -3069 0

-285 -8875 -3069 0
-645 -8875 -3069 0

-285 -8875 3069 0
-645 -8875 3069 0

-285 -8875 -3069 0
-285 -8875 3069 0

-645 -8875 -3069 0
-645 -8875 3069 0

-285 -325 3069 0
-645 -325 3069 0

-285 -325 -3069 0
-645 -325 -3069 0

-285 -325 3069 0
-285 -325 -3069 0

-645 -325 3069 0
-645 -325 -3069 0

-465 -7115.5 2519 0
-555 -7115.5 2519 0

-555 -7115.5 2519 0
-600 -7115.5 2519 0
-645 -7115.5 2519 0

-645 -7115.5 2519 0

-465 -7300.5 2519 0
-645 -7300.5 2519 0

-465 -7115.5 2519 0
-465 -7300.5 2519 0

-645 -7115.5 2519 0
-645 -7300.5 2519 0

-465 -7300.5 3019 0
-645 -7300.5 3019 0

-465 -7115.5 3019 0
-645 -7115.5 3019 0

-465 -7300.5 3019 0
-465 -7115.5 3019 0

-645 -7300.5 3019 0
-645 -7115.5 3019 0

-465 -7300.5 2519 0
-645 -7300.5 2519 0

-465 -7300.5 3019 0
-645 -7300.5 3019 0

-465 -7300.5 2519 0
-465 -7300.5 3019 0

-645 -7300.5 2519 0
-645 -7300.5 3019 0

-465 -7115.5 3019 0
-645 -7115.5 3019 0

-465 -7115.5 2519 0
-645 -7115.5 2519 0

-465 -7115.5 3019 0
-465 -7115.5 2519 0

-645 -7115.5 3019 0
-645 -7115.5 2519 0

-465 -7115.5 2519 0
-465 -7300.5 2519 0

-465 -7115.5 3019 0
-465 -7300.5 3019 0

-465 -7115.5 2519 0
-465 -7115.5 3019 0

-465 -7300.5 2519 0
-465 -7300.5 3019 0

-645 -7115.5 3019 0
-645 -7300.5 3019 0

-645 -7115.5 2519 0
-645 -7300.5 2519 0

-645 -7115.5 3019 0
-645 -7115.5 2519 0

-645 -7300.5 3019 0
-645 -7300.5 2519 0

-465 -4507.5 2519 0
-555 -4507.5 2519 0

-555 -4507.5 2519 0
-600 -4507.5 2519 0
-645 -4507.5 2519 0

-645 -4507.5 2519 0

-465 -4692.5 2519 0
-645 -4692.5 2519 0

-465 -4507.5 2519 0
-465 -4692.5 2519 0

-645 -4507.5 2519 0
-645 -4692.5 2519 0

-465 -4692.5 3019 0
-645 -4692.5 3019 0

-465 -4507.5 3019 0
-645 -4507.5 3019 0

-465 -4692.5 3019 0
-465 -4507.5 3019 0

-645 -4692.5 3019 0
-645 -4507.5 3019 0

-465 -4692.5 2519 0
-645 -4692.5 2519 0

-465 -4692.5 3019 0
-645 -4692.5 3019 0

-465 -4692.5 2519 0
-465 -4692.5 3019 0

-645 -4692.5 2519 0
-645 -4692.5 3019 0

-465 -4507.5 3019 0
-645 -4507.5 3019 0

-465 -4507.5 2519 0
-645 -4507.5 2519 0

-465 -4507.5 3019 0
-465 -4507.5 2519 0

-645 -4507.5 3019 0
-645 -4507.5 2519 0

-465 -4507.5 2519 0
-465 -4692.5 2519 0

-465 -4507.5 3019 0
-465 -4692.5 3019 0

-465 -4507.5 2519 0
-465 -4507.5 3019 0

-465 -4692.5 2519 0
-465 -4692.5 3019 0

-645 -4507.5 3019 0
-645 -4692.5 3019 0

-645 -4507.5 2519 0
-645 -4692.5 2519 0

-645 -4507.5 3019 0
-645 -4507.5 2519 0

-645 -4692.5 3019 0
-645 -4692.5 2519 0

-465 -1899.5 2519 0
-555 -1899.5 2519 0

-555 -1899.5 2519 0
-600 -1899.5 2519 0
-645 -1899.5 2519 0

-645 -1899.5 2519 0

-465 -2084.5 2519 0
-645 -2084.5 2519 0

-465 -1899.5 2519 0
-465 -2084.5 2519 0

-645 -1899.5 2519 0
-645 -2084.5 2519 0

-465 -2084.5 3019 0
-645 -2084.5 3019 0

-465 -1899.5 3019 0
-645 -1899.5 3019 0

-465 -2084.5 3019 0
-465 -1899.5 3019 0

-645 -2084.5 3019 0
-645 -1899.5 3019 0

-465 -2084.5 2519 0
-645 -2084.5 2519 0

-465 -2084.5 3019 0
-645 -2084.5 3019 0

-465 -2084.5 2519 0
-465 -2084.5 3019 0

-645 -2084.5 2519 0
-645 -2084.5 3019 0

-465 -1899.5 3019 0
-645 -1899.5 3019 0

-465 -1899.5 2519 0
-645 -1899.5 2519 0

-465 -1899.5 3019 0
-465 -1899.5 2519 0

-645 -1899.5 3019 0
-645 -1899.5 2519 0

-465 -1899.5 2519 0
-465 -2084.5 2519 0

-465 -1899.5 3019 0
-465 -2084.5 3019 0

-465 -1899.5 2519 0
-465 -1899.5 3019 0

-465 -2084.5 2519 0
-465 -2084.5 3019 0

-645 -1899.5 3019 0
-645 -2084.5 3019 0

-645 -1899.5 2519 0
-645 -2084.5 2519 0

-645 -1899.5 3019 0
-645 -1899.5 2519 0

-645 -2084.5 3019 0
-645 -2084.5 2519 0

645 -7058 -3069 0
180 -7058 -3069 0

180 -7058 -3069 0
-52.5 -7058 -3069 0
-285 -7058 -3069 0

-285 -7058 -3069 0

645 -7358 -3069 0
-285 -7358 -3069 0

645 -7058 -3069 0
645 -7358 -3069 0

-285 -7058 -3069 0
-285 -7358 -3069 0

645 -7358 -2469 0
-285 -7358 -2469 0

645 -7058 -2469 0
-285 -7058 -2469 0

645 -7358 -2469 0
645 -7058 -2469 0

-285 -7358 -2469 0
-285 -7058 -2469 0

645 -7358 -3069 0
-285 -7358 -3069 0

645 -7358 -2469 0
-285 -7358 -2469 0

645 -7358 -3069 0
645 -7358 -2469 0

-285 -7358 -3069 0
-285 -7358 -2469 0

645 -7058 -2469 0
-285 -7058 -2469 0

645 -7058 -3069 0
-285 -7058 -3069 0

645 -7058 -2469 0
645 -7058 -3069 0

-285 -7058 -2469 0
-285 -7058 -3069 0

645 -7058 -3069 0
645 -7358 -3069 0

645 -7058 -2469 0
645 -7358 -2469 0

645 -7058 -3069 0
645 -7058 -2469 0

645 -7358 -3069 0
645 -7358 -2469 0

-285 -7058 -2469 0
-285 -7358 -2469 0

-285 -7058 -3069 0
-285 -7358 -3069 0

-285 -7058 -2469 0
-285 -7058 -3069 0

-285 -7358 -2469 0
-285 -7358 -3069 0

645 -4450 -3069 0
180 -4450 -3069 0

180 -4450 -3069 0
-52.5 -4450 -3069 0
-285 -4450 -3069 0

-285 -4450 -3069 0

645 -4750 -3069 0
-285 -4750 -3069 0

645 -4450 -3069 0
645 -4750 -3069 0

-285 -4450 -3069 0
-285 -4750 -3069 0

645 -4750 -2469 0
-285 -4750 -2469 0

645 -4450 -2469 0
-285 -4450 -2469 0

645 -4750 -2469 0
645 -4450 -2469 0

-285 -4750 -2469 0
-285 -4450 -2469 0

645 -4750 -3069 0
-285 -4750 -3069 0

645 -4750 -2469 0
-285 -4750 -2469 0

645 -4750 -3069 0
645 -4750 -2469 0

-285 -4750 -3069 0
-285 -4750 -2469 0

645 -4450 -2469 0
-285 -4450 -2469 0

645 -4450 -3069 0
-285 -4450 -3069 0

645 -4450 -2469 0
645 -4450 -3069 0

-285 -4450 -2469 0
-285 -4450 -3069 0

645 -4450 -3069 0
645 -4750 -3069 0

645 -4450 -2469 0
645 -4750 -2469 0

645 -4450 -3069 0
645 -4450 -2469 0

645 -4750 -3069 0
645 -4750 -2469 0

-285 -4450 -2469 0
-285 -4750 -2469 0

-285 -4450 -3069 0
-285 -4750 -3069 0

-285 -4450 -2469 0
-285 -4450 -3069 0

-285 -4750 -2469 0
-285 -4750 -3069 0

645 -1842 -3069 0
180 -1842 -3069 0

180 -1842 -3069 0
-52.5 -1842 -3069 0
-285 -1842 -3069 0

-285 -1842 -3069 0

645 -2142 -3069 0
-285 -2142 -3069 0

645 -1842 -3069 0
645 -2142 -3069 0

-285 -1842 -3069 0
-285 -2142 -3069 0

645 -2142 -2469 0
-285 -2142 -2469 0

645 -1842 -2469 0
-285 -1842 -2469 0

645 -2142 -2469 0
645 -1842 -2469 0

-285 -2142 -2469 0
-285 -1842 -2469 0

645 -2142 -3069 0
-285 -2142 -3069 0

645 -2142 -2469 0
-285 -2142 -2469 0

645 -2142 -3069 0
645 -2142 -2469 0

-285 -2142 -3069 0
-285 -2142 -2469 0

645 -1842 -2469 0
-285 -1842 -2469 0

645 -1842 -3069 0
-285 -1842 -3069 0

645 -1842 -2469 0
645 -1842 -3069 0

-285 -1842 -2469 0
-285 -1842 -3069 0

645 -1842 -3069 0
645 -2142 -3069 0

645 -1842 -2469 0
645 -2142 -2469 0

645 -1842 -3069 0
645 -1842 -2469 0

645 -2142 -3069 0
645 -2142 -2469 0

-285 -1842 -2469 0
-285 -2142 -2469 0

-285 -1842 -3069 0
-285 -2142 -3069 0

-285 -1842 -2469 0
-285 -1842 -3069 0

-285 -2142 -2469 0
-285 -2142 -3069 0

645 -7115.5 2519 0
180 -7115.5 2519 0

180 -7115.5 2519 0
-52.5 -7115.5 2519 0
-285 -7115.5 2519 0

-285 -7115.5 2519 0

645 -7300.5 2519 0
-285 -7300.5 2519 0

645 -7115.5 2519 0
645 -7300.5 2519 0

-285 -7115.5 2519 0
-285 -7300.5 2519 0

645 -7300.5 3019 0
-285 -7300.5 3019 0

645 -7115.5 3019 0
-285 -7115.5 3019 0

645 -7300.5 3019 0
645 -7115.5 3019 0

-285 -7300.5 3019 0
-285 -7115.5 3019 0

645 -7300.5 2519 0
-285 -7300.5 2519 0

645 -7300.5 3019 0
-285 -7300.5 3019 0

645 -7300.5 2519 0
645 -7300.5 3019 0

-285 -7300.5 2519 0
-285 -7300.5 3019 0

645 -7115.5 3019 0
-285 -7115.5 3019 0

645 -7115.5 2519 0
-285 -7115.5 2519 0

645 -7115.5 3019 0
645 -7115.5 2519 0

-285 -7115.5 3019 0
-285 -7115.5 2519 0

645 -7115.5 2519 0
645 -7300.5 2519 0

645 -7115.5 3019 0
645 -7300.5 3019 0

645 -7115.5 2519 0
645 -7115.5 3019 0

645 -7300.5 2519 0
645 -7300.5 3019 0

-285 -7115.5 3019 0
-285 -7300.5 3019 0

-285 -7115.5 2519 0
-285 -7300.5 2519 0

-285 -7115.5 3019 0
-285 -7115.5 2519 0

-285 -7300.5 3019 0
-285 -7300.5 2519 0

645 -4507.5 2519 0
180 -4507.5 2519 0

180 -4507.5 2519 0
-52.5 -4507.5 2519 0
-285 -4507.5 2519 0

-285 -4507.5 2519 0

645 -4692.5 2519 0
-285 -4692.5 2519 0

645 -4507.5 2519 0
645 -4692.5 2519 0

-285 -4507.5 2519 0
-285 -4692.5 2519 0

645 -4692.5 3019 0
-285 -4692.5 3019 0

645 -4507.5 3019 0
-285 -4507.5 3019 0

645 -4692.5 3019 0
645 -4507.5 3019 0

-285 -4692.5 3019 0
-285 -4507.5 3019 0

645 -4692.5 2519 0
-285 -4692.5 2519 0

645 -4692.5 3019 0
-285 -4692.5 3019 0

645 -4692.5 2519 0
645 -4692.5 3019 0

-285 -4692.5 2519 0
-285 -4692.5 3019 0

645 -4507.5 3019 0
-285 -4507.5 3019 0

645 -4507.5 2519 0
-285 -4507.5 2519 0

645 -4507.5 3019 0
645 -4507.5 2519 0

-285 -4507.5 3019 0
-285 -4507.5 2519 0

645 -4507.5 2519 0
645 -4692.5 2519 0

645 -4507.5 3019 0
645 -4692.5 3019 0

645 -4507.5 2519 0
645 -4507.5 3019 0

645 -4692.5 2519 0
645 -4692.5 3019 0

-285 -4507.5 3019 0
-285 -4692.5 3019 0

-285 -4507.5 2519 0
-285 -4692.5 2519 0

-285 -4507.5 3019 0
-285 -4507.5 2519 0

-285 -4692.5 3019 0
-285 -4692.5 2519 0

645 -1899.5 2519 0
180 -1899.5 2519 0

180 -1899.5 2519 0
-52.5 -1899.5 2519 0
-285 -1899.5 2519 0

-285 -1899.5 2519 0

645 -2084.5 2519 0
-285 -2084.5 2519 0

645 -1899.5 2519 0
645 -2084.5 2519 0

-285 -1899.5 2519 0
-285 -2084.5 2519 0

645 -2084.5 3019 0
-285 -2084.5 3019 0

645 -1899.5 3019 0
-285 -1899.5 3019 0

645 -2084.5 3019 0
645 -1899.5 3019 0

-285 -2084.5 3019 0
-285 -1899.5 3019 0

645 -2084.5 2519 0
-285 -2084.5 2519 0

645 -2084.5 3019 0
-285 -2084.5 3019 0

645 -2084.5 2519 0
645 -2084.5 3019 0

-285 -2084.5 2519 0
-285 -2084.5 3019 0

645 -1899.5 3019 0
-285 -1899.5 3019 0

645 -1899.5 2519 0
-285 -1899.5 2519 0

645 -1899.5 3019 0
645 -1899.5 2519 0

-285 -1899.5 3019 0
-285 -1899.5 2519 0

645 -1899.5 2519 0
645 -2084.5 2519 0

645 -1899.5 3019 0
645 -2084.5 3019 0

645 -1899.5 2519 0
645 -1899.5 3019 0

645 -2084.5 2519 0
645 -2084.5 3019 0

-285 -1899.5 3019 0
-285 -2084.5 3019 0

-285 -1899.5 2519 0
-285 -2084.5 2519 0

-285 -1899.5 3019 0
-285 -1899.5 2519 0

-285 -2084.5 3019 0
-285 -2084.5 2519 0

250 -325 -3078.5 0
250 4275 -3078.5 0

250 4275 -3078.5 0
250 6575 -3078.5 0
250 8875 -3078.5 0

250 8875 -3078.5 0

-250 -325 -3078.5 0
-250 8875 -3078.5 0

250 -325 -3078.5 0
-250 -325 -3078.5 0

250 8875 -3078.5 0
-250 8875 -3078.5 0

-250 -325 3078.5 0
-250 8875 3078.5 0

250 -325 3078.5 0
250 8875 3078.5 0

-250 -325 3078.5 0
250 -325 3078.5 0

-250 8875 3078.5 0
250 8875 3078.5 0

-250 -325 -3078.5 0
-250 8875 -3078.5 0

-250 -325 3078.5 0
-250 8875 3078.5 0

-250 -325 -3078.5 0
-250 -325 3078.5 0

-250 8875 -3078.5 0
-250 8875 3078.5 0

250 -325 3078.5 0
250 8875 3078.5 0

250 -325 -3078.5 0
250 8875 -3078.5 0

250 -325 3078.5 0
250 -325 -3078.5 0

250 8875 3078.5 0
250 8875 -3078.5 0

250 -325 -3078.5 0
-250 -325 -3078.5 0

250 -325 3078.5 0
-250 -325 3078.5 0

250 -325 -3078.5 0
250 -325 3078.5 0

-250 -325 -3078.5 0
-250 -325 3078.5 0

250 8875 3078.5 0
-250 8875 3078.5 0

250 8875 -3078.5 0
-250 8875 -3078.5 0

250 8875 3078.5 0
250 8875 -3078.5 0

-250 8875 3078.5 0
-250 8875 -3078.5 0

-65 4367.5 2578.5 0
-65 5576 2578.5 0

-65 5576 2578.5 0
-65 6180.25 2578.5 0
-65 6784.5 2578.5 0

-65 6784.5 2578.5 0

-250 4367.5 2578.5 0
-250 6784.5 2578.5 0

-65 4367.5 2578.5 0
-250 4367.5 2578.5 0

-65 6784.5 2578.5 0
-250 6784.5 2578.5 0

-250 4367.5 3078.5 0
-250 6784.5 3078.5 0

-65 4367.5 3078.5 0
-65 6784.5 3078.5 0

-250 4367.5 3078.5 0
-65 4367.5 3078.5 0

-250 6784.5 3078.5 0
-65 6784.5 3078.5 0

-250 4367.5 2578.5 0
-250 6784.5 2578.5 0

-250 4367.5 3078.5 0
-250 6784.5 3078.5 0

-250 4367.5 2578.5 0
-250 4367.5 3078.5 0

-250 6784.5 2578.5 0
-250 6784.5 3078.5 0

-65 4367.5 3078.5 0
-65 6784.5 3078.5 0

-65 4367.5 2578.5 0
-65 6784.5 2578.5 0

-65 4367.5 3078.5 0
-65 4367.5 2578.5 0

-65 6784.5 3078.5 0
-65 6784.5 2578.5 0

-65 4367.5 2578.5 0
-250 4367.5 2578.5 0

-65 4367.5 3078.5 0
-250 4367.5 3078.5 0

-65 4367.5 2578.5 0
-65 4367.5 3078.5 0

-250 4367.5 2578.5 0
-250 4367.5 3078.5 0

-65 6784.5 3078.5 0
-250 6784.5 3078.5 0

-65 6784.5 2578.5 0
-250 6784.5 2578.5 0

-65 6784.5 3078.5 0
-65 6784.5 2578.5 0

-250 6784.5 3078.5 0
-250 6784.5 2578.5 0

-65 1765.5 2578.5 0
-65 2974 2578.5 0

-65 2974 2578.5 0
-65 3578.25 2578.5 0
-65 4182.5 2578.5 0

-65 4182.5 2578.5 0

-250 1765.5 2578.5 0
-250 4182.5 2578.5 0

-65 1765.5 2578.5 0
-250 1765.5 2578.5 0

-65 4182.5 2578.5 0
-250 4182.5 2578.5 0

-250 1765.5 3078.5 0
-250 4182.5 3078.5 0

-65 1765.5 3078.5 0
-65 4182.5 3078.5 0

-250 1765.5 3078.5 0
-65 1765.5 3078.5 0

-250 4182.5 3078.5 0
-65 4182.5 3078.5 0

-250 1765.5 2578.5 0
-250 4182.5 2578.5 0

-250 1765.5 3078.5 0
-250 4182.5 3078.5 0

-250 1765.5 2578.5 0
-250 1765.5 3078.5 0

-250 4182.5 2578.5 0
-250 4182.5 3078.5 0

-65 1765.5 3078.5 0
-65 4182.5 3078.5 0

-65 1765.5 2578.5 0
-65 4182.5 2578.5 0

-65 1765.5 3078.5 0
-65 1765.5 2578.5 0

-65 4182.5 3078.5 0
-65 4182.5 2578.5 0

-65 1765.5 2578.5 0
-250 1765.5 2578.5 0

-65 1765.5 3078.5 0
-250 1765.5 3078.5 0

-65 1765.5 2578.5 0
-65 1765.5 3078.5 0

-250 1765.5 2578.5 0
-250 1765.5 3078.5 0

-65 4182.5 3078.5 0
-250 4182.5 3078.5 0

-65 4182.5 2578.5 0
-250 4182.5 2578.5 0

-65 4182.5 3078.5 0
-65 4182.5 2578.5 0

-250 4182.5 3078.5 0
-250 4182.5 2578.5 0

-250 1580.5 3078.5 0
-250 1673 3078.5 0

-250 1673 3078.5 0
-250 1719.25 3078.5 0
-250 1765.5 3078.5 0

-250 1765.5 3078.5 0

250 1580.5 3078.5 0
250 1765.5 3078.5 0

-250 1580.5 3078.5 0
250 1580.5 3078.5 0

-250 1765.5 3078.5 0
250 1765.5 3078.5 0

250 1580.5 -3078.5 0
250 1765.5 -3078.5 0

-250 1580.5 -3078.5 0
-250 1765.5 -3078.5 0

250 1580.5 -3078.5 0
-250 1580.5 -3078.5 0

250 1765.5 -3078.5 0
-250 1765.5 -3078.5 0

250 1580.5 3078.5 0
250 1765.5 3078.5 0

250 1580.5 -3078.5 0
250 1765.5 -3078.5 0

250 1580.5 3078.5 0
250 1580.5 -3078.5 0

250 1765.5 3078.5 0
250 1765.5 -3078.5 0

-250 1580.5 -3078.5 0
-250 1765.5 -3078.5 0

-250 1580.5 3078.5 0
-250 1765.5 3078.5 0

-250 1580.5 -3078.5 0
-250 1580.5 3078.5 0

-250 1765.5 -3078.5 0
-250 1765.5 3078.5 0

-250 1580.5 3078.5 0
250 1580.5 3078.5 0

-250 1580.5 -3078.5 0
250 1580.5 -3078.5 0

-250 1580.5 3078.5 0
-250 1580.5 -3078.5 0

250 1580.5 3078.5 0
250 1580.5 -3078.5 0

-250 1765.5 -3078.5 0
250 1765.5 -3078.5 0

-250 1765.5 3078.5 0
250 1765.5 3078.5 0

-250 1765.5 -3078.5 0
-250 1765.5 3078.5 0

250 1765.5 -3078.5 0
250 1765.5 3078.5 0

-250 4182.5 3078.5 0
-250 4275 3078.5 0

-250 4275 3078.5 0
-250 4321.25 3078.5 0
-250 4367.5 3078.5 0

-250 4367.5 3078.5 0

250 4182.5 3078.5 0
250 4367.5 3078.5 0

-250 4182.5 3078.5 0
250 4182.5 3078.5 0

-250 4367.5 3078.5 0
250 4367.5 3078.5 0

250 4182.5 -3078.5 0
250 4367.5 -3078.5 0

-250 4182.5 -3078.5 0
-250 4367.5 -3078.5 0

250 4182.5 -3078.5 0
-250 4182.5 -3078.5 0

250 4367.5 -3078.5 0
-250 4367.5 -3078.5 0

250 4182.5 3078.5 0
250 4367.5 3078.5 0

250 4182.5 -3078.5 0
250 4367.5 -3078.5 0

250 4182.5 3078.5 0
250 4182.5 -3078.5 0

250 4367.5 3078.5 0
250 4367.5 -3078.5 0

-250 4182.5 -3078.5 0
-250 4367.5 -3078.5 0

-250 4182.5 3078.5 0
-250 4367.5 3078.5 0

-250 4182.5 -3078.5 0
-250 4182.5 3078.5 0

-250 4367.5 -3078.5 0
-250 4367.5 3078.5 0

-250 4182.5 3078.5 0
250 4182.5 3078.5 0

-250 4182.5 -3078.5 0
250 4182.5 -3078.5 0

-250 4182.5 3078.5 0
-250 4182.5 -3078.5 0

250 4182.5 3078.5 0
250 4182.5 -3078.5 0

-250 4367.5 -3078.5 0
250 4367.5 -3078.5 0

-250 4367.5 3078.5 0
250 4367.5 3078.5 0

-250 4367.5 -3078.5 0
-250 4367.5 3078.5 0

250 4367.5 -3078.5 0
250 4367.5 3078.5 0

-250 6784.5 3078.5 0
-250 6877 3078.5 0

-250 6877 3078.5 0
-250 6923.25 3078.5 0
-250 6969.5 3078.5 0

-250 6969.5 3078.5 0

250 6784.5 3078.5 0
250 6969.5 3078.5 0

-250 6784.5 3078.5 0
250 6784.5 3078.5 0

-250 6969.5 3078.5 0
250 6969.5 3078.5 0

250 6784.5 -3078.5 0
250 6969.5 -3078.5 0

-250 6784.5 -3078.5 0
-250 6969.5 -3078.5 0

250 6784.5 -3078.5 0
-250 6784.5 -3078.5 0

250 6969.5 -3078.5 0
-250 6969.5 -3078.5 0

250 6784.5 3078.5 0
250 6969.5 3078.5 0

250 6784.5 -3078.5 0
250 6969.5 -3078.5 0

250 6784.5 3078.5 0
250 6784.5 -3078.5 0

250 6969.5 3078.5 0
250 6969.5 -3078.5 0

-250 6784.5 -3078.5 0
-250 6969.5 -3078.5 0

-250 6784.5 3078.5 0
-250 6969.5 3078.5 0

-250 6784.5 -3078.5 0
-250 6784.5 3078.5 0

-250 6969.5 -3078.5 0
-250 6969.5 3078.5 0

-250 6784.5 3078.5 0
250 6784.5 3078.5 0

-250 6784.5 -3078.5 0
250 6784.5 -3078.5 0

-250 6784.5 3078.5 0
-250 6784.5 -3078.5 0

250 6784.5 3078.5 0
250 6784.5 -3078.5 0

-250 6969.5 -3078.5 0
250 6969.5 -3078.5 0

-250 6969.5 3078.5 0
250 6969.5 3078.5 0

-250 6969.5 -3078.5 0
-250 6969.5 3078.5 0

250 6969.5 -3078.5 0
250 6969.5 3078.5 0

# end of label='grey'
