# Temporary file generated by the 'geomtools::gnuplot_drawer'
# class for visualization.
# label='green'
1500 -2599 -450 0
0 -2599 -450 0

0 -2599 -450 0
-750 -2599 -450 0
-1500 -2599 -450 0

-1500 -2599 -450 0

1500 -2617 -450 0
-1500 -2617 -450 0

1500 -2599 -450 0
1500 -2617 -450 0

-1500 -2599 -450 0
-1500 -2617 -450 0

1500 -2617 10 0
-1500 -2617 10 0

1500 -2599 10 0
-1500 -2599 10 0

1500 -2617 10 0
1500 -2599 10 0

-1500 -2617 10 0
-1500 -2599 10 0

1500 -2617 -450 0
-1500 -2617 -450 0

1500 -2617 10 0
-1500 -2617 10 0

1500 -2617 -450 0
1500 -2617 10 0

-1500 -2617 -450 0
-1500 -2617 10 0

1500 -2599 10 0
-1500 -2599 10 0

1500 -2599 -450 0
-1500 -2599 -450 0

1500 -2599 10 0
1500 -2599 -450 0

-1500 -2599 10 0
-1500 -2599 -450 0

1500 -2599 -450 0
1500 -2617 -450 0

1500 -2599 10 0
1500 -2617 10 0

1500 -2599 -450 0
1500 -2599 10 0

1500 -2617 -450 0
1500 -2617 10 0

-1500 -2599 10 0
-1500 -2617 10 0

-1500 -2599 -450 0
-1500 -2617 -450 0

-1500 -2599 10 0
-1500 -2599 -450 0

-1500 -2617 10 0
-1500 -2617 -450 0

1500 -2515.5 -470 0
0 -2515.5 -470 0

0 -2515.5 -470 0
-750 -2515.5 -470 0
-1500 -2515.5 -470 0

-1500 -2515.5 -470 0

1500 -2700.5 -470 0
-1500 -2700.5 -470 0

1500 -2515.5 -470 0
1500 -2700.5 -470 0

-1500 -2515.5 -470 0
-1500 -2700.5 -470 0

1500 -2700.5 -450 0
-1500 -2700.5 -450 0

1500 -2515.5 -450 0
-1500 -2515.5 -450 0

1500 -2700.5 -450 0
1500 -2515.5 -450 0

-1500 -2700.5 -450 0
-1500 -2515.5 -450 0

1500 -2700.5 -470 0
-1500 -2700.5 -470 0

1500 -2700.5 -450 0
-1500 -2700.5 -450 0

1500 -2700.5 -470 0
1500 -2700.5 -450 0

-1500 -2700.5 -470 0
-1500 -2700.5 -450 0

1500 -2515.5 -450 0
-1500 -2515.5 -450 0

1500 -2515.5 -470 0
-1500 -2515.5 -470 0

1500 -2515.5 -450 0
1500 -2515.5 -470 0

-1500 -2515.5 -450 0
-1500 -2515.5 -470 0

1500 -2515.5 -470 0
1500 -2700.5 -470 0

1500 -2515.5 -450 0
1500 -2700.5 -450 0

1500 -2515.5 -470 0
1500 -2515.5 -450 0

1500 -2700.5 -470 0
1500 -2700.5 -450 0

-1500 -2515.5 -450 0
-1500 -2700.5 -450 0

-1500 -2515.5 -470 0
-1500 -2700.5 -470 0

-1500 -2515.5 -450 0
-1500 -2515.5 -470 0

-1500 -2700.5 -450 0
-1500 -2700.5 -470 0

1500 -2515.5 10 0
0 -2515.5 10 0

0 -2515.5 10 0
-750 -2515.5 10 0
-1500 -2515.5 10 0

-1500 -2515.5 10 0

1500 -2700.5 10 0
-1500 -2700.5 10 0

1500 -2515.5 10 0
1500 -2700.5 10 0

-1500 -2515.5 10 0
-1500 -2700.5 10 0

1500 -2700.5 30 0
-1500 -2700.5 30 0

1500 -2515.5 30 0
-1500 -2515.5 30 0

1500 -2700.5 30 0
1500 -2515.5 30 0

-1500 -2700.5 30 0
-1500 -2515.5 30 0

1500 -2700.5 10 0
-1500 -2700.5 10 0

1500 -2700.5 30 0
-1500 -2700.5 30 0

1500 -2700.5 10 0
1500 -2700.5 30 0

-1500 -2700.5 10 0
-1500 -2700.5 30 0

1500 -2515.5 30 0
-1500 -2515.5 30 0

1500 -2515.5 10 0
-1500 -2515.5 10 0

1500 -2515.5 30 0
1500 -2515.5 10 0

-1500 -2515.5 30 0
-1500 -2515.5 10 0

1500 -2515.5 10 0
1500 -2700.5 10 0

1500 -2515.5 30 0
1500 -2700.5 30 0

1500 -2515.5 10 0
1500 -2515.5 30 0

1500 -2700.5 10 0
1500 -2700.5 30 0

-1500 -2515.5 30 0
-1500 -2700.5 30 0

-1500 -2515.5 10 0
-1500 -2700.5 10 0

-1500 -2515.5 30 0
-1500 -2515.5 10 0

-1500 -2700.5 30 0
-1500 -2700.5 10 0

1500 9 -450 0
0 9 -450 0

0 9 -450 0
-750 9 -450 0
-1500 9 -450 0

-1500 9 -450 0

1500 -9 -450 0
-1500 -9 -450 0

1500 9 -450 0
1500 -9 -450 0

-1500 9 -450 0
-1500 -9 -450 0

1500 -9 10 0
-1500 -9 10 0

1500 9 10 0
-1500 9 10 0

1500 -9 10 0
1500 9 10 0

-1500 -9 10 0
-1500 9 10 0

1500 -9 -450 0
-1500 -9 -450 0

1500 -9 10 0
-1500 -9 10 0

1500 -9 -450 0
1500 -9 10 0

-1500 -9 -450 0
-1500 -9 10 0

1500 9 10 0
-1500 9 10 0

1500 9 -450 0
-1500 9 -450 0

1500 9 10 0
1500 9 -450 0

-1500 9 10 0
-1500 9 -450 0

1500 9 -450 0
1500 -9 -450 0

1500 9 10 0
1500 -9 10 0

1500 9 -450 0
1500 9 10 0

1500 -9 -450 0
1500 -9 10 0

-1500 9 10 0
-1500 -9 10 0

-1500 9 -450 0
-1500 -9 -450 0

-1500 9 10 0
-1500 9 -450 0

-1500 -9 10 0
-1500 -9 -450 0

1500 92.5 -470 0
0 92.5 -470 0

0 92.5 -470 0
-750 92.5 -470 0
-1500 92.5 -470 0

-1500 92.5 -470 0

1500 -92.5 -470 0
-1500 -92.5 -470 0

1500 92.5 -470 0
1500 -92.5 -470 0

-1500 92.5 -470 0
-1500 -92.5 -470 0

1500 -92.5 -450 0
-1500 -92.5 -450 0

1500 92.5 -450 0
-1500 92.5 -450 0

1500 -92.5 -450 0
1500 92.5 -450 0

-1500 -92.5 -450 0
-1500 92.5 -450 0

1500 -92.5 -470 0
-1500 -92.5 -470 0

1500 -92.5 -450 0
-1500 -92.5 -450 0

1500 -92.5 -470 0
1500 -92.5 -450 0

-1500 -92.5 -470 0
-1500 -92.5 -450 0

1500 92.5 -450 0
-1500 92.5 -450 0

1500 92.5 -470 0
-1500 92.5 -470 0

1500 92.5 -450 0
1500 92.5 -470 0

-1500 92.5 -450 0
-1500 92.5 -470 0

1500 92.5 -470 0
1500 -92.5 -470 0

1500 92.5 -450 0
1500 -92.5 -450 0

1500 92.5 -470 0
1500 92.5 -450 0

1500 -92.5 -470 0
1500 -92.5 -450 0

-1500 92.5 -450 0
-1500 -92.5 -450 0

-1500 92.5 -470 0
-1500 -92.5 -470 0

-1500 92.5 -450 0
-1500 92.5 -470 0

-1500 -92.5 -450 0
-1500 -92.5 -470 0

1500 92.5 10 0
0 92.5 10 0

0 92.5 10 0
-750 92.5 10 0
-1500 92.5 10 0

-1500 92.5 10 0

1500 -92.5 10 0
-1500 -92.5 10 0

1500 92.5 10 0
1500 -92.5 10 0

-1500 92.5 10 0
-1500 -92.5 10 0

1500 -92.5 30 0
-1500 -92.5 30 0

1500 92.5 30 0
-1500 92.5 30 0

1500 -92.5 30 0
1500 92.5 30 0

-1500 -92.5 30 0
-1500 92.5 30 0

1500 -92.5 10 0
-1500 -92.5 10 0

1500 -92.5 30 0
-1500 -92.5 30 0

1500 -92.5 10 0
1500 -92.5 30 0

-1500 -92.5 10 0
-1500 -92.5 30 0

1500 92.5 30 0
-1500 92.5 30 0

1500 92.5 10 0
-1500 92.5 10 0

1500 92.5 30 0
1500 92.5 10 0

-1500 92.5 30 0
-1500 92.5 10 0

1500 92.5 10 0
1500 -92.5 10 0

1500 92.5 30 0
1500 -92.5 30 0

1500 92.5 10 0
1500 92.5 30 0

1500 -92.5 10 0
1500 -92.5 30 0

-1500 92.5 30 0
-1500 -92.5 30 0

-1500 92.5 10 0
-1500 -92.5 10 0

-1500 92.5 30 0
-1500 92.5 10 0

-1500 -92.5 30 0
-1500 -92.5 10 0

1500 2617 -450 0
0 2617 -450 0

0 2617 -450 0
-750 2617 -450 0
-1500 2617 -450 0

-1500 2617 -450 0

1500 2599 -450 0
-1500 2599 -450 0

1500 2617 -450 0
1500 2599 -450 0

-1500 2617 -450 0
-1500 2599 -450 0

1500 2599 10 0
-1500 2599 10 0

1500 2617 10 0
-1500 2617 10 0

1500 2599 10 0
1500 2617 10 0

-1500 2599 10 0
-1500 2617 10 0

1500 2599 -450 0
-1500 2599 -450 0

1500 2599 10 0
-1500 2599 10 0

1500 2599 -450 0
1500 2599 10 0

-1500 2599 -450 0
-1500 2599 10 0

1500 2617 10 0
-1500 2617 10 0

1500 2617 -450 0
-1500 2617 -450 0

1500 2617 10 0
1500 2617 -450 0

-1500 2617 10 0
-1500 2617 -450 0

1500 2617 -450 0
1500 2599 -450 0

1500 2617 10 0
1500 2599 10 0

1500 2617 -450 0
1500 2617 10 0

1500 2599 -450 0
1500 2599 10 0

-1500 2617 10 0
-1500 2599 10 0

-1500 2617 -450 0
-1500 2599 -450 0

-1500 2617 10 0
-1500 2617 -450 0

-1500 2599 10 0
-1500 2599 -450 0

1500 2700.5 -470 0
0 2700.5 -470 0

0 2700.5 -470 0
-750 2700.5 -470 0
-1500 2700.5 -470 0

-1500 2700.5 -470 0

1500 2515.5 -470 0
-1500 2515.5 -470 0

1500 2700.5 -470 0
1500 2515.5 -470 0

-1500 2700.5 -470 0
-1500 2515.5 -470 0

1500 2515.5 -450 0
-1500 2515.5 -450 0

1500 2700.5 -450 0
-1500 2700.5 -450 0

1500 2515.5 -450 0
1500 2700.5 -450 0

-1500 2515.5 -450 0
-1500 2700.5 -450 0

1500 2515.5 -470 0
-1500 2515.5 -470 0

1500 2515.5 -450 0
-1500 2515.5 -450 0

1500 2515.5 -470 0
1500 2515.5 -450 0

-1500 2515.5 -470 0
-1500 2515.5 -450 0

1500 2700.5 -450 0
-1500 2700.5 -450 0

1500 2700.5 -470 0
-1500 2700.5 -470 0

1500 2700.5 -450 0
1500 2700.5 -470 0

-1500 2700.5 -450 0
-1500 2700.5 -470 0

1500 2700.5 -470 0
1500 2515.5 -470 0

1500 2700.5 -450 0
1500 2515.5 -450 0

1500 2700.5 -470 0
1500 2700.5 -450 0

1500 2515.5 -470 0
1500 2515.5 -450 0

-1500 2700.5 -450 0
-1500 2515.5 -450 0

-1500 2700.5 -470 0
-1500 2515.5 -470 0

-1500 2700.5 -450 0
-1500 2700.5 -470 0

-1500 2515.5 -450 0
-1500 2515.5 -470 0

1500 2700.5 10 0
0 2700.5 10 0

0 2700.5 10 0
-750 2700.5 10 0
-1500 2700.5 10 0

-1500 2700.5 10 0

1500 2515.5 10 0
-1500 2515.5 10 0

1500 2700.5 10 0
1500 2515.5 10 0

-1500 2700.5 10 0
-1500 2515.5 10 0

1500 2515.5 30 0
-1500 2515.5 30 0

1500 2700.5 30 0
-1500 2700.5 30 0

1500 2515.5 30 0
1500 2700.5 30 0

-1500 2515.5 30 0
-1500 2700.5 30 0

1500 2515.5 10 0
-1500 2515.5 10 0

1500 2515.5 30 0
-1500 2515.5 30 0

1500 2515.5 10 0
1500 2515.5 30 0

-1500 2515.5 10 0
-1500 2515.5 30 0

1500 2700.5 30 0
-1500 2700.5 30 0

1500 2700.5 10 0
-1500 2700.5 10 0

1500 2700.5 30 0
1500 2700.5 10 0

-1500 2700.5 30 0
-1500 2700.5 10 0

1500 2700.5 10 0
1500 2515.5 10 0

1500 2700.5 30 0
1500 2515.5 30 0

1500 2700.5 10 0
1500 2700.5 30 0

1500 2515.5 10 0
1500 2515.5 30 0

-1500 2700.5 30 0
-1500 2515.5 30 0

-1500 2700.5 10 0
-1500 2515.5 10 0

-1500 2700.5 30 0
-1500 2700.5 10 0

-1500 2515.5 30 0
-1500 2515.5 10 0

# end of label='green'
