# Temporary file generated by the 'geomtools::gnuplot_drawer'
# class for visualization.
# label='black'
1750 -4445 3851 0
1750 0 3851 0

1750 0 3851 0
1750 2222.5 3851 0
1750 4445 3851 0

1750 4445 3851 0

-1750 -4445 3851 0
-1750 4445 3851 0

1750 -4445 3851 0
-1750 -4445 3851 0

1750 4445 3851 0
-1750 4445 3851 0

-1750 -4445 4151 0
-1750 4445 4151 0

1750 -4445 4151 0
1750 4445 4151 0

-1750 -4445 4151 0
1750 -4445 4151 0

-1750 4445 4151 0
1750 4445 4151 0

-1750 -4445 3851 0
-1750 4445 3851 0

-1750 -4445 4151 0
-1750 4445 4151 0

-1750 -4445 3851 0
-1750 -4445 4151 0

-1750 4445 3851 0
-1750 4445 4151 0

1750 -4445 4151 0
1750 4445 4151 0

1750 -4445 3851 0
1750 4445 3851 0

1750 -4445 4151 0
1750 -4445 3851 0

1750 4445 4151 0
1750 4445 3851 0

1750 -4445 3851 0
-1750 -4445 3851 0

1750 -4445 4151 0
-1750 -4445 4151 0

1750 -4445 3851 0
1750 -4445 4151 0

-1750 -4445 3851 0
-1750 -4445 4151 0

1750 4445 4151 0
-1750 4445 4151 0

1750 4445 3851 0
-1750 4445 3851 0

1750 4445 4151 0
1750 4445 3851 0

-1750 4445 4151 0
-1750 4445 3851 0

1750 -4445 4151 0
1750 0 4151 0

1750 0 4151 0
1750 2222.5 4151 0
1750 4445 4151 0

1750 4445 4151 0

-1750 -4445 4151 0
-1750 4445 4151 0

1750 -4445 4151 0
-1750 -4445 4151 0

1750 4445 4151 0
-1750 4445 4151 0

-1750 -4445 4451 0
-1750 4445 4451 0

1750 -4445 4451 0
1750 4445 4451 0

-1750 -4445 4451 0
1750 -4445 4451 0

-1750 4445 4451 0
1750 4445 4451 0

-1750 -4445 4151 0
-1750 4445 4151 0

-1750 -4445 4451 0
-1750 4445 4451 0

-1750 -4445 4151 0
-1750 -4445 4451 0

-1750 4445 4151 0
-1750 4445 4451 0

1750 -4445 4451 0
1750 4445 4451 0

1750 -4445 4151 0
1750 4445 4151 0

1750 -4445 4451 0
1750 -4445 4151 0

1750 4445 4451 0
1750 4445 4151 0

1750 -4445 4151 0
-1750 -4445 4151 0

1750 -4445 4451 0
-1750 -4445 4451 0

1750 -4445 4151 0
1750 -4445 4451 0

-1750 -4445 4151 0
-1750 -4445 4451 0

1750 4445 4451 0
-1750 4445 4451 0

1750 4445 4151 0
-1750 4445 4151 0

1750 4445 4451 0
1750 4445 4151 0

-1750 4445 4451 0
-1750 4445 4151 0

1360 -3614 -2272 0
1360 0 -2272 0

1360 0 -2272 0
1360 1807 -2272 0
1360 3614 -2272 0

1360 3614 -2272 0

-1360 -3614 -2272 0
-1360 3614 -2272 0

1360 -3614 -2272 0
-1360 -3614 -2272 0

1360 3614 -2272 0
-1360 3614 -2272 0

-1360 -3614 -2083 0
-1360 3614 -2083 0

1360 -3614 -2083 0
1360 3614 -2083 0

-1360 -3614 -2083 0
1360 -3614 -2083 0

-1360 3614 -2083 0
1360 3614 -2083 0

-1360 -3614 -2272 0
-1360 3614 -2272 0

-1360 -3614 -2083 0
-1360 3614 -2083 0

-1360 -3614 -2272 0
-1360 -3614 -2083 0

-1360 3614 -2272 0
-1360 3614 -2083 0

1360 -3614 -2083 0
1360 3614 -2083 0

1360 -3614 -2272 0
1360 3614 -2272 0

1360 -3614 -2083 0
1360 -3614 -2272 0

1360 3614 -2083 0
1360 3614 -2272 0

1360 -3614 -2272 0
-1360 -3614 -2272 0

1360 -3614 -2083 0
-1360 -3614 -2083 0

1360 -3614 -2272 0
1360 -3614 -2083 0

-1360 -3614 -2272 0
-1360 -3614 -2083 0

1360 3614 -2083 0
-1360 3614 -2083 0

1360 3614 -2272 0
-1360 3614 -2272 0

1360 3614 -2083 0
1360 3614 -2272 0

-1360 3614 -2083 0
-1360 3614 -2272 0

1360 -3614 -2650 0
1360 0 -2650 0

1360 0 -2650 0
1360 1807 -2650 0
1360 3614 -2650 0

1360 3614 -2650 0

-1360 -3614 -2650 0
-1360 3614 -2650 0

1360 -3614 -2650 0
-1360 -3614 -2650 0

1360 3614 -2650 0
-1360 3614 -2650 0

-1360 -3614 -2272 0
-1360 3614 -2272 0

1360 -3614 -2272 0
1360 3614 -2272 0

-1360 -3614 -2272 0
1360 -3614 -2272 0

-1360 3614 -2272 0
1360 3614 -2272 0

-1360 -3614 -2650 0
-1360 3614 -2650 0

-1360 -3614 -2272 0
-1360 3614 -2272 0

-1360 -3614 -2650 0
-1360 -3614 -2272 0

-1360 3614 -2650 0
-1360 3614 -2272 0

1360 -3614 -2272 0
1360 3614 -2272 0

1360 -3614 -2650 0
1360 3614 -2650 0

1360 -3614 -2272 0
1360 -3614 -2650 0

1360 3614 -2272 0
1360 3614 -2650 0

1360 -3614 -2650 0
-1360 -3614 -2650 0

1360 -3614 -2272 0
-1360 -3614 -2272 0

1360 -3614 -2650 0
1360 -3614 -2272 0

-1360 -3614 -2650 0
-1360 -3614 -2272 0

1360 3614 -2272 0
-1360 3614 -2272 0

1360 3614 -2650 0
-1360 3614 -2650 0

1360 3614 -2272 0
1360 3614 -2650 0

-1360 3614 -2272 0
-1360 3614 -2650 0

-1925 -2138 3851 0
-1925 -1304 3851 0

-1925 -1304 3851 0
-1925 -887 3851 0
-1925 -470 3851 0

-1925 -470 3851 0

-1745 -2138 3851 0
-1745 -470 3851 0

-1925 -2138 3851 0
-1745 -2138 3851 0

-1925 -470 3851 0
-1745 -470 3851 0

-1745 -2138 -2287 0
-1745 -470 -2287 0

-1925 -2138 -2287 0
-1925 -470 -2287 0

-1745 -2138 -2287 0
-1925 -2138 -2287 0

-1745 -470 -2287 0
-1925 -470 -2287 0

-1745 -2138 3851 0
-1745 -470 3851 0

-1745 -2138 -2287 0
-1745 -470 -2287 0

-1745 -2138 3851 0
-1745 -2138 -2287 0

-1745 -470 3851 0
-1745 -470 -2287 0

-1925 -2138 -2287 0
-1925 -470 -2287 0

-1925 -2138 3851 0
-1925 -470 3851 0

-1925 -2138 -2287 0
-1925 -2138 3851 0

-1925 -470 -2287 0
-1925 -470 3851 0

-1925 -2138 3851 0
-1745 -2138 3851 0

-1925 -2138 -2287 0
-1745 -2138 -2287 0

-1925 -2138 3851 0
-1925 -2138 -2287 0

-1745 -2138 3851 0
-1745 -2138 -2287 0

-1925 -470 -2287 0
-1745 -470 -2287 0

-1925 -470 3851 0
-1745 -470 3851 0

-1925 -470 -2287 0
-1925 -470 3851 0

-1745 -470 -2287 0
-1745 -470 3851 0

-1925 470 3851 0
-1925 1304 3851 0

-1925 1304 3851 0
-1925 1721 3851 0
-1925 2138 3851 0

-1925 2138 3851 0

-1745 470 3851 0
-1745 2138 3851 0

-1925 470 3851 0
-1745 470 3851 0

-1925 2138 3851 0
-1745 2138 3851 0

-1745 470 -2287 0
-1745 2138 -2287 0

-1925 470 -2287 0
-1925 2138 -2287 0

-1745 470 -2287 0
-1925 470 -2287 0

-1745 2138 -2287 0
-1925 2138 -2287 0

-1745 470 3851 0
-1745 2138 3851 0

-1745 470 -2287 0
-1745 2138 -2287 0

-1745 470 3851 0
-1745 470 -2287 0

-1745 2138 3851 0
-1745 2138 -2287 0

-1925 470 -2287 0
-1925 2138 -2287 0

-1925 470 3851 0
-1925 2138 3851 0

-1925 470 -2287 0
-1925 470 3851 0

-1925 2138 -2287 0
-1925 2138 3851 0

-1925 470 3851 0
-1745 470 3851 0

-1925 470 -2287 0
-1745 470 -2287 0

-1925 470 3851 0
-1925 470 -2287 0

-1745 470 3851 0
-1745 470 -2287 0

-1925 2138 -2287 0
-1745 2138 -2287 0

-1925 2138 3851 0
-1745 2138 3851 0

-1925 2138 -2287 0
-1925 2138 3851 0

-1745 2138 -2287 0
-1745 2138 3851 0

-1715 -3083 3851 0
-1715 -2608 3851 0

-1715 -2608 3851 0
-1715 -2370.5 3851 0
-1715 -2133 3851 0

-1715 -2133 3851 0

-1535 -3083 3851 0
-1535 -2133 3851 0

-1715 -3083 3851 0
-1535 -3083 3851 0

-1715 -2133 3851 0
-1535 -2133 3851 0

-1535 -3083 -2287 0
-1535 -2133 -2287 0

-1715 -3083 -2287 0
-1715 -2133 -2287 0

-1535 -3083 -2287 0
-1715 -3083 -2287 0

-1535 -2133 -2287 0
-1715 -2133 -2287 0

-1535 -3083 3851 0
-1535 -2133 3851 0

-1535 -3083 -2287 0
-1535 -2133 -2287 0

-1535 -3083 3851 0
-1535 -3083 -2287 0

-1535 -2133 3851 0
-1535 -2133 -2287 0

-1715 -3083 -2287 0
-1715 -2133 -2287 0

-1715 -3083 3851 0
-1715 -2133 3851 0

-1715 -3083 -2287 0
-1715 -3083 3851 0

-1715 -2133 -2287 0
-1715 -2133 3851 0

-1715 -3083 3851 0
-1535 -3083 3851 0

-1715 -3083 -2287 0
-1535 -3083 -2287 0

-1715 -3083 3851 0
-1715 -3083 -2287 0

-1535 -3083 3851 0
-1535 -3083 -2287 0

-1715 -2133 -2287 0
-1535 -2133 -2287 0

-1715 -2133 3851 0
-1535 -2133 3851 0

-1715 -2133 -2287 0
-1715 -2133 3851 0

-1535 -2133 -2287 0
-1535 -2133 3851 0

-1715 -475 3851 0
-1715 0 3851 0

-1715 0 3851 0
-1715 237.5 3851 0
-1715 475 3851 0

-1715 475 3851 0

-1535 -475 3851 0
-1535 475 3851 0

-1715 -475 3851 0
-1535 -475 3851 0

-1715 475 3851 0
-1535 475 3851 0

-1535 -475 -2287 0
-1535 475 -2287 0

-1715 -475 -2287 0
-1715 475 -2287 0

-1535 -475 -2287 0
-1715 -475 -2287 0

-1535 475 -2287 0
-1715 475 -2287 0

-1535 -475 3851 0
-1535 475 3851 0

-1535 -475 -2287 0
-1535 475 -2287 0

-1535 -475 3851 0
-1535 -475 -2287 0

-1535 475 3851 0
-1535 475 -2287 0

-1715 -475 -2287 0
-1715 475 -2287 0

-1715 -475 3851 0
-1715 475 3851 0

-1715 -475 -2287 0
-1715 -475 3851 0

-1715 475 -2287 0
-1715 475 3851 0

-1715 -475 3851 0
-1535 -475 3851 0

-1715 -475 -2287 0
-1535 -475 -2287 0

-1715 -475 3851 0
-1715 -475 -2287 0

-1535 -475 3851 0
-1535 -475 -2287 0

-1715 475 -2287 0
-1535 475 -2287 0

-1715 475 3851 0
-1535 475 3851 0

-1715 475 -2287 0
-1715 475 3851 0

-1535 475 -2287 0
-1535 475 3851 0

-1715 2133 3851 0
-1715 2608 3851 0

-1715 2608 3851 0
-1715 2845.5 3851 0
-1715 3083 3851 0

-1715 3083 3851 0

-1535 2133 3851 0
-1535 3083 3851 0

-1715 2133 3851 0
-1535 2133 3851 0

-1715 3083 3851 0
-1535 3083 3851 0

-1535 2133 -2287 0
-1535 3083 -2287 0

-1715 2133 -2287 0
-1715 3083 -2287 0

-1535 2133 -2287 0
-1715 2133 -2287 0

-1535 3083 -2287 0
-1715 3083 -2287 0

-1535 2133 3851 0
-1535 3083 3851 0

-1535 2133 -2287 0
-1535 3083 -2287 0

-1535 2133 3851 0
-1535 2133 -2287 0

-1535 3083 3851 0
-1535 3083 -2287 0

-1715 2133 -2287 0
-1715 3083 -2287 0

-1715 2133 3851 0
-1715 3083 3851 0

-1715 2133 -2287 0
-1715 2133 3851 0

-1715 3083 -2287 0
-1715 3083 3851 0

-1715 2133 3851 0
-1535 2133 3851 0

-1715 2133 -2287 0
-1535 2133 -2287 0

-1715 2133 3851 0
-1715 2133 -2287 0

-1535 2133 3851 0
-1535 2133 -2287 0

-1715 3083 -2287 0
-1535 3083 -2287 0

-1715 3083 3851 0
-1535 3083 3851 0

-1715 3083 -2287 0
-1715 3083 3851 0

-1535 3083 -2287 0
-1535 3083 3851 0

-1925 -4275 3851 0
-1925 -3676.5 3851 0

-1925 -3676.5 3851 0
-1925 -3377.25 3851 0
-1925 -3078 3851 0

-1925 -3078 3851 0

-1745 -4275 3851 0
-1745 -3078 3851 0

-1925 -4275 3851 0
-1745 -4275 3851 0

-1925 -3078 3851 0
-1745 -3078 3851 0

-1745 -4275 -2287 0
-1745 -3078 -2287 0

-1925 -4275 -2287 0
-1925 -3078 -2287 0

-1745 -4275 -2287 0
-1925 -4275 -2287 0

-1745 -3078 -2287 0
-1925 -3078 -2287 0

-1745 -4275 3851 0
-1745 -3078 3851 0

-1745 -4275 -2287 0
-1745 -3078 -2287 0

-1745 -4275 3851 0
-1745 -4275 -2287 0

-1745 -3078 3851 0
-1745 -3078 -2287 0

-1925 -4275 -2287 0
-1925 -3078 -2287 0

-1925 -4275 3851 0
-1925 -3078 3851 0

-1925 -4275 -2287 0
-1925 -4275 3851 0

-1925 -3078 -2287 0
-1925 -3078 3851 0

-1925 -4275 3851 0
-1745 -4275 3851 0

-1925 -4275 -2287 0
-1745 -4275 -2287 0

-1925 -4275 3851 0
-1925 -4275 -2287 0

-1745 -4275 3851 0
-1745 -4275 -2287 0

-1925 -3078 -2287 0
-1745 -3078 -2287 0

-1925 -3078 3851 0
-1745 -3078 3851 0

-1925 -3078 -2287 0
-1925 -3078 3851 0

-1745 -3078 -2287 0
-1745 -3078 3851 0

-1925 3078 3851 0
-1925 3676.5 3851 0

-1925 3676.5 3851 0
-1925 3975.75 3851 0
-1925 4275 3851 0

-1925 4275 3851 0

-1745 3078 3851 0
-1745 4275 3851 0

-1925 3078 3851 0
-1745 3078 3851 0

-1925 4275 3851 0
-1745 4275 3851 0

-1745 3078 -2287 0
-1745 4275 -2287 0

-1925 3078 -2287 0
-1925 4275 -2287 0

-1745 3078 -2287 0
-1925 3078 -2287 0

-1745 4275 -2287 0
-1925 4275 -2287 0

-1745 3078 3851 0
-1745 4275 3851 0

-1745 3078 -2287 0
-1745 4275 -2287 0

-1745 3078 3851 0
-1745 3078 -2287 0

-1745 4275 3851 0
-1745 4275 -2287 0

-1925 3078 -2287 0
-1925 4275 -2287 0

-1925 3078 3851 0
-1925 4275 3851 0

-1925 3078 -2287 0
-1925 3078 3851 0

-1925 4275 -2287 0
-1925 4275 3851 0

-1925 3078 3851 0
-1745 3078 3851 0

-1925 3078 -2287 0
-1745 3078 -2287 0

-1925 3078 3851 0
-1925 3078 -2287 0

-1745 3078 3851 0
-1745 3078 -2287 0

-1925 4275 -2287 0
-1745 4275 -2287 0

-1925 4275 3851 0
-1745 4275 3851 0

-1925 4275 -2287 0
-1925 4275 3851 0

-1745 4275 -2287 0
-1745 4275 3851 0

1535 -2138 3851 0
1535 -1304 3851 0

1535 -1304 3851 0
1535 -887 3851 0
1535 -470 3851 0

1535 -470 3851 0

1715 -2138 3851 0
1715 -470 3851 0

1535 -2138 3851 0
1715 -2138 3851 0

1535 -470 3851 0
1715 -470 3851 0

1715 -2138 -2287 0
1715 -470 -2287 0

1535 -2138 -2287 0
1535 -470 -2287 0

1715 -2138 -2287 0
1535 -2138 -2287 0

1715 -470 -2287 0
1535 -470 -2287 0

1715 -2138 3851 0
1715 -470 3851 0

1715 -2138 -2287 0
1715 -470 -2287 0

1715 -2138 3851 0
1715 -2138 -2287 0

1715 -470 3851 0
1715 -470 -2287 0

1535 -2138 -2287 0
1535 -470 -2287 0

1535 -2138 3851 0
1535 -470 3851 0

1535 -2138 -2287 0
1535 -2138 3851 0

1535 -470 -2287 0
1535 -470 3851 0

1535 -2138 3851 0
1715 -2138 3851 0

1535 -2138 -2287 0
1715 -2138 -2287 0

1535 -2138 3851 0
1535 -2138 -2287 0

1715 -2138 3851 0
1715 -2138 -2287 0

1535 -470 -2287 0
1715 -470 -2287 0

1535 -470 3851 0
1715 -470 3851 0

1535 -470 -2287 0
1535 -470 3851 0

1715 -470 -2287 0
1715 -470 3851 0

1535 470 3851 0
1535 1304 3851 0

1535 1304 3851 0
1535 1721 3851 0
1535 2138 3851 0

1535 2138 3851 0

1715 470 3851 0
1715 2138 3851 0

1535 470 3851 0
1715 470 3851 0

1535 2138 3851 0
1715 2138 3851 0

1715 470 -2287 0
1715 2138 -2287 0

1535 470 -2287 0
1535 2138 -2287 0

1715 470 -2287 0
1535 470 -2287 0

1715 2138 -2287 0
1535 2138 -2287 0

1715 470 3851 0
1715 2138 3851 0

1715 470 -2287 0
1715 2138 -2287 0

1715 470 3851 0
1715 470 -2287 0

1715 2138 3851 0
1715 2138 -2287 0

1535 470 -2287 0
1535 2138 -2287 0

1535 470 3851 0
1535 2138 3851 0

1535 470 -2287 0
1535 470 3851 0

1535 2138 -2287 0
1535 2138 3851 0

1535 470 3851 0
1715 470 3851 0

1535 470 -2287 0
1715 470 -2287 0

1535 470 3851 0
1535 470 -2287 0

1715 470 3851 0
1715 470 -2287 0

1535 2138 -2287 0
1715 2138 -2287 0

1535 2138 3851 0
1715 2138 3851 0

1535 2138 -2287 0
1535 2138 3851 0

1715 2138 -2287 0
1715 2138 3851 0

1745 -3083 3851 0
1745 -2608 3851 0

1745 -2608 3851 0
1745 -2370.5 3851 0
1745 -2133 3851 0

1745 -2133 3851 0

1925 -3083 3851 0
1925 -2133 3851 0

1745 -3083 3851 0
1925 -3083 3851 0

1745 -2133 3851 0
1925 -2133 3851 0

1925 -3083 -2287 0
1925 -2133 -2287 0

1745 -3083 -2287 0
1745 -2133 -2287 0

1925 -3083 -2287 0
1745 -3083 -2287 0

1925 -2133 -2287 0
1745 -2133 -2287 0

1925 -3083 3851 0
1925 -2133 3851 0

1925 -3083 -2287 0
1925 -2133 -2287 0

1925 -3083 3851 0
1925 -3083 -2287 0

1925 -2133 3851 0
1925 -2133 -2287 0

1745 -3083 -2287 0
1745 -2133 -2287 0

1745 -3083 3851 0
1745 -2133 3851 0

1745 -3083 -2287 0
1745 -3083 3851 0

1745 -2133 -2287 0
1745 -2133 3851 0

1745 -3083 3851 0
1925 -3083 3851 0

1745 -3083 -2287 0
1925 -3083 -2287 0

1745 -3083 3851 0
1745 -3083 -2287 0

1925 -3083 3851 0
1925 -3083 -2287 0

1745 -2133 -2287 0
1925 -2133 -2287 0

1745 -2133 3851 0
1925 -2133 3851 0

1745 -2133 -2287 0
1745 -2133 3851 0

1925 -2133 -2287 0
1925 -2133 3851 0

1745 -475 3851 0
1745 0 3851 0

1745 0 3851 0
1745 237.5 3851 0
1745 475 3851 0

1745 475 3851 0

1925 -475 3851 0
1925 475 3851 0

1745 -475 3851 0
1925 -475 3851 0

1745 475 3851 0
1925 475 3851 0

1925 -475 -2287 0
1925 475 -2287 0

1745 -475 -2287 0
1745 475 -2287 0

1925 -475 -2287 0
1745 -475 -2287 0

1925 475 -2287 0
1745 475 -2287 0

1925 -475 3851 0
1925 475 3851 0

1925 -475 -2287 0
1925 475 -2287 0

1925 -475 3851 0
1925 -475 -2287 0

1925 475 3851 0
1925 475 -2287 0

1745 -475 -2287 0
1745 475 -2287 0

1745 -475 3851 0
1745 475 3851 0

1745 -475 -2287 0
1745 -475 3851 0

1745 475 -2287 0
1745 475 3851 0

1745 -475 3851 0
1925 -475 3851 0

1745 -475 -2287 0
1925 -475 -2287 0

1745 -475 3851 0
1745 -475 -2287 0

1925 -475 3851 0
1925 -475 -2287 0

1745 475 -2287 0
1925 475 -2287 0

1745 475 3851 0
1925 475 3851 0

1745 475 -2287 0
1745 475 3851 0

1925 475 -2287 0
1925 475 3851 0

1745 2133 3851 0
1745 2608 3851 0

1745 2608 3851 0
1745 2845.5 3851 0
1745 3083 3851 0

1745 3083 3851 0

1925 2133 3851 0
1925 3083 3851 0

1745 2133 3851 0
1925 2133 3851 0

1745 3083 3851 0
1925 3083 3851 0

1925 2133 -2287 0
1925 3083 -2287 0

1745 2133 -2287 0
1745 3083 -2287 0

1925 2133 -2287 0
1745 2133 -2287 0

1925 3083 -2287 0
1745 3083 -2287 0

1925 2133 3851 0
1925 3083 3851 0

1925 2133 -2287 0
1925 3083 -2287 0

1925 2133 3851 0
1925 2133 -2287 0

1925 3083 3851 0
1925 3083 -2287 0

1745 2133 -2287 0
1745 3083 -2287 0

1745 2133 3851 0
1745 3083 3851 0

1745 2133 -2287 0
1745 2133 3851 0

1745 3083 -2287 0
1745 3083 3851 0

1745 2133 3851 0
1925 2133 3851 0

1745 2133 -2287 0
1925 2133 -2287 0

1745 2133 3851 0
1745 2133 -2287 0

1925 2133 3851 0
1925 2133 -2287 0

1745 3083 -2287 0
1925 3083 -2287 0

1745 3083 3851 0
1925 3083 3851 0

1745 3083 -2287 0
1745 3083 3851 0

1925 3083 -2287 0
1925 3083 3851 0

1535 -4275 3851 0
1535 -3676.5 3851 0

1535 -3676.5 3851 0
1535 -3377.25 3851 0
1535 -3078 3851 0

1535 -3078 3851 0

1715 -4275 3851 0
1715 -3078 3851 0

1535 -4275 3851 0
1715 -4275 3851 0

1535 -3078 3851 0
1715 -3078 3851 0

1715 -4275 -2287 0
1715 -3078 -2287 0

1535 -4275 -2287 0
1535 -3078 -2287 0

1715 -4275 -2287 0
1535 -4275 -2287 0

1715 -3078 -2287 0
1535 -3078 -2287 0

1715 -4275 3851 0
1715 -3078 3851 0

1715 -4275 -2287 0
1715 -3078 -2287 0

1715 -4275 3851 0
1715 -4275 -2287 0

1715 -3078 3851 0
1715 -3078 -2287 0

1535 -4275 -2287 0
1535 -3078 -2287 0

1535 -4275 3851 0
1535 -3078 3851 0

1535 -4275 -2287 0
1535 -4275 3851 0

1535 -3078 -2287 0
1535 -3078 3851 0

1535 -4275 3851 0
1715 -4275 3851 0

1535 -4275 -2287 0
1715 -4275 -2287 0

1535 -4275 3851 0
1535 -4275 -2287 0

1715 -4275 3851 0
1715 -4275 -2287 0

1535 -3078 -2287 0
1715 -3078 -2287 0

1535 -3078 3851 0
1715 -3078 3851 0

1535 -3078 -2287 0
1535 -3078 3851 0

1715 -3078 -2287 0
1715 -3078 3851 0

1535 3078 3851 0
1535 3676.5 3851 0

1535 3676.5 3851 0
1535 3975.75 3851 0
1535 4275 3851 0

1535 4275 3851 0

1715 3078 3851 0
1715 4275 3851 0

1535 3078 3851 0
1715 3078 3851 0

1535 4275 3851 0
1715 4275 3851 0

1715 3078 -2287 0
1715 4275 -2287 0

1535 3078 -2287 0
1535 4275 -2287 0

1715 3078 -2287 0
1535 3078 -2287 0

1715 4275 -2287 0
1535 4275 -2287 0

1715 3078 3851 0
1715 4275 3851 0

1715 3078 -2287 0
1715 4275 -2287 0

1715 3078 3851 0
1715 3078 -2287 0

1715 4275 3851 0
1715 4275 -2287 0

1535 3078 -2287 0
1535 4275 -2287 0

1535 3078 3851 0
1535 4275 3851 0

1535 3078 -2287 0
1535 3078 3851 0

1535 4275 -2287 0
1535 4275 3851 0

1535 3078 3851 0
1715 3078 3851 0

1535 3078 -2287 0
1715 3078 -2287 0

1535 3078 3851 0
1535 3078 -2287 0

1715 3078 3851 0
1715 3078 -2287 0

1535 4275 -2287 0
1715 4275 -2287 0

1535 4275 3851 0
1715 4275 3851 0

1535 4275 -2287 0
1535 4275 3851 0

1715 4275 -2287 0
1715 4275 3851 0

1400 4245 -2287 0
1400 4335 -2287 0

1400 4335 -2287 0
1400 4380 -2287 0
1400 4425 -2287 0

1400 4425 -2287 0

-1400 4245 -2287 0
-1400 4425 -2287 0

1400 4245 -2287 0
-1400 4245 -2287 0

1400 4425 -2287 0
-1400 4425 -2287 0

-1400 4245 3851 0
-1400 4425 3851 0

1400 4245 3851 0
1400 4425 3851 0

-1400 4245 3851 0
1400 4245 3851 0

-1400 4425 3851 0
1400 4425 3851 0

-1400 4245 -2287 0
-1400 4425 -2287 0

-1400 4245 3851 0
-1400 4425 3851 0

-1400 4245 -2287 0
-1400 4245 3851 0

-1400 4425 -2287 0
-1400 4425 3851 0

1400 4245 3851 0
1400 4425 3851 0

1400 4245 -2287 0
1400 4425 -2287 0

1400 4245 3851 0
1400 4245 -2287 0

1400 4425 3851 0
1400 4425 -2287 0

1400 4245 -2287 0
-1400 4245 -2287 0

1400 4245 3851 0
-1400 4245 3851 0

1400 4245 -2287 0
1400 4245 3851 0

-1400 4245 -2287 0
-1400 4245 3851 0

1400 4425 3851 0
-1400 4425 3851 0

1400 4425 -2287 0
-1400 4425 -2287 0

1400 4425 3851 0
1400 4425 -2287 0

-1400 4425 3851 0
-1400 4425 -2287 0

1400 -4425 -2287 0
1400 -4335 -2287 0

1400 -4335 -2287 0
1400 -4290 -2287 0
1400 -4245 -2287 0

1400 -4245 -2287 0

-1400 -4425 -2287 0
-1400 -4245 -2287 0

1400 -4425 -2287 0
-1400 -4425 -2287 0

1400 -4245 -2287 0
-1400 -4245 -2287 0

-1400 -4425 3851 0
-1400 -4245 3851 0

1400 -4425 3851 0
1400 -4245 3851 0

-1400 -4425 3851 0
1400 -4425 3851 0

-1400 -4245 3851 0
1400 -4245 3851 0

-1400 -4425 -2287 0
-1400 -4245 -2287 0

-1400 -4425 3851 0
-1400 -4245 3851 0

-1400 -4425 -2287 0
-1400 -4425 3851 0

-1400 -4245 -2287 0
-1400 -4245 3851 0

1400 -4425 3851 0
1400 -4245 3851 0

1400 -4425 -2287 0
1400 -4245 -2287 0

1400 -4425 3851 0
1400 -4425 -2287 0

1400 -4245 3851 0
1400 -4245 -2287 0

1400 -4425 -2287 0
-1400 -4425 -2287 0

1400 -4425 3851 0
-1400 -4425 3851 0

1400 -4425 -2287 0
1400 -4425 3851 0

-1400 -4425 -2287 0
-1400 -4425 3851 0

1400 -4245 3851 0
-1400 -4245 3851 0

1400 -4245 -2287 0
-1400 -4245 -2287 0

1400 -4245 3851 0
1400 -4245 -2287 0

-1400 -4245 3851 0
-1400 -4245 -2287 0

-2227 96 3851 0
-2227 1304 3851 0

-2227 1304 3851 0
-2227 1908 3851 0
-2227 2512 3851 0

-2227 2512 3851 0

-2207 96 3851 0
-2207 2512 3851 0

-2227 96 3851 0
-2207 96 3851 0

-2227 2512 3851 0
-2207 2512 3851 0

-2207 96 3383 0
-2207 2512 3383 0

-2227 96 3383 0
-2227 2512 3383 0

-2207 96 3383 0
-2227 96 3383 0

-2207 2512 3383 0
-2227 2512 3383 0

-2207 96 3851 0
-2207 2512 3851 0

-2207 96 3383 0
-2207 2512 3383 0

-2207 96 3851 0
-2207 96 3383 0

-2207 2512 3851 0
-2207 2512 3383 0

-2227 96 3383 0
-2227 2512 3383 0

-2227 96 3851 0
-2227 2512 3851 0

-2227 96 3383 0
-2227 96 3851 0

-2227 2512 3383 0
-2227 2512 3851 0

-2227 96 3851 0
-2207 96 3851 0

-2227 96 3383 0
-2207 96 3383 0

-2227 96 3851 0
-2227 96 3383 0

-2207 96 3851 0
-2207 96 3383 0

-2227 2512 3383 0
-2207 2512 3383 0

-2227 2512 3851 0
-2207 2512 3851 0

-2227 2512 3383 0
-2227 2512 3851 0

-2207 2512 3383 0
-2207 2512 3851 0

-2309.5 96 3861 0
-2309.5 1304 3861 0

-2309.5 1304 3861 0
-2309.5 1908 3861 0
-2309.5 2512 3861 0

-2309.5 2512 3861 0

-2124.5 96 3861 0
-2124.5 2512 3861 0

-2309.5 96 3861 0
-2124.5 96 3861 0

-2309.5 2512 3861 0
-2124.5 2512 3861 0

-2124.5 96 3841 0
-2124.5 2512 3841 0

-2309.5 96 3841 0
-2309.5 2512 3841 0

-2124.5 96 3841 0
-2309.5 96 3841 0

-2124.5 2512 3841 0
-2309.5 2512 3841 0

-2124.5 96 3861 0
-2124.5 2512 3861 0

-2124.5 96 3841 0
-2124.5 2512 3841 0

-2124.5 96 3861 0
-2124.5 96 3841 0

-2124.5 2512 3861 0
-2124.5 2512 3841 0

-2309.5 96 3841 0
-2309.5 2512 3841 0

-2309.5 96 3861 0
-2309.5 2512 3861 0

-2309.5 96 3841 0
-2309.5 96 3861 0

-2309.5 2512 3841 0
-2309.5 2512 3861 0

-2309.5 96 3861 0
-2124.5 96 3861 0

-2309.5 96 3841 0
-2124.5 96 3841 0

-2309.5 96 3861 0
-2309.5 96 3841 0

-2124.5 96 3861 0
-2124.5 96 3841 0

-2309.5 2512 3841 0
-2124.5 2512 3841 0

-2309.5 2512 3861 0
-2124.5 2512 3861 0

-2309.5 2512 3841 0
-2309.5 2512 3861 0

-2124.5 2512 3841 0
-2124.5 2512 3861 0

-2309.5 96 3393 0
-2309.5 1304 3393 0

-2309.5 1304 3393 0
-2309.5 1908 3393 0
-2309.5 2512 3393 0

-2309.5 2512 3393 0

-2124.5 96 3393 0
-2124.5 2512 3393 0

-2309.5 96 3393 0
-2124.5 96 3393 0

-2309.5 2512 3393 0
-2124.5 2512 3393 0

-2124.5 96 3373 0
-2124.5 2512 3373 0

-2309.5 96 3373 0
-2309.5 2512 3373 0

-2124.5 96 3373 0
-2309.5 96 3373 0

-2124.5 2512 3373 0
-2309.5 2512 3373 0

-2124.5 96 3393 0
-2124.5 2512 3393 0

-2124.5 96 3373 0
-2124.5 2512 3373 0

-2124.5 96 3393 0
-2124.5 96 3373 0

-2124.5 2512 3393 0
-2124.5 2512 3373 0

-2309.5 96 3373 0
-2309.5 2512 3373 0

-2309.5 96 3393 0
-2309.5 2512 3393 0

-2309.5 96 3373 0
-2309.5 96 3393 0

-2309.5 2512 3373 0
-2309.5 2512 3393 0

-2309.5 96 3393 0
-2124.5 96 3393 0

-2309.5 96 3373 0
-2124.5 96 3373 0

-2309.5 96 3393 0
-2309.5 96 3373 0

-2124.5 96 3393 0
-2124.5 96 3373 0

-2309.5 2512 3373 0
-2124.5 2512 3373 0

-2309.5 2512 3393 0
-2124.5 2512 3393 0

-2309.5 2512 3373 0
-2309.5 2512 3393 0

-2124.5 2512 3373 0
-2124.5 2512 3393 0

-2227 -2512 3851 0
-2227 -1304 3851 0

-2227 -1304 3851 0
-2227 -700 3851 0
-2227 -96 3851 0

-2227 -96 3851 0

-2207 -2512 3851 0
-2207 -96 3851 0

-2227 -2512 3851 0
-2207 -2512 3851 0

-2227 -96 3851 0
-2207 -96 3851 0

-2207 -2512 3383 0
-2207 -96 3383 0

-2227 -2512 3383 0
-2227 -96 3383 0

-2207 -2512 3383 0
-2227 -2512 3383 0

-2207 -96 3383 0
-2227 -96 3383 0

-2207 -2512 3851 0
-2207 -96 3851 0

-2207 -2512 3383 0
-2207 -96 3383 0

-2207 -2512 3851 0
-2207 -2512 3383 0

-2207 -96 3851 0
-2207 -96 3383 0

-2227 -2512 3383 0
-2227 -96 3383 0

-2227 -2512 3851 0
-2227 -96 3851 0

-2227 -2512 3383 0
-2227 -2512 3851 0

-2227 -96 3383 0
-2227 -96 3851 0

-2227 -2512 3851 0
-2207 -2512 3851 0

-2227 -2512 3383 0
-2207 -2512 3383 0

-2227 -2512 3851 0
-2227 -2512 3383 0

-2207 -2512 3851 0
-2207 -2512 3383 0

-2227 -96 3383 0
-2207 -96 3383 0

-2227 -96 3851 0
-2207 -96 3851 0

-2227 -96 3383 0
-2227 -96 3851 0

-2207 -96 3383 0
-2207 -96 3851 0

-2309.5 -2512 3861 0
-2309.5 -1304 3861 0

-2309.5 -1304 3861 0
-2309.5 -700 3861 0
-2309.5 -96 3861 0

-2309.5 -96 3861 0

-2124.5 -2512 3861 0
-2124.5 -96 3861 0

-2309.5 -2512 3861 0
-2124.5 -2512 3861 0

-2309.5 -96 3861 0
-2124.5 -96 3861 0

-2124.5 -2512 3841 0
-2124.5 -96 3841 0

-2309.5 -2512 3841 0
-2309.5 -96 3841 0

-2124.5 -2512 3841 0
-2309.5 -2512 3841 0

-2124.5 -96 3841 0
-2309.5 -96 3841 0

-2124.5 -2512 3861 0
-2124.5 -96 3861 0

-2124.5 -2512 3841 0
-2124.5 -96 3841 0

-2124.5 -2512 3861 0
-2124.5 -2512 3841 0

-2124.5 -96 3861 0
-2124.5 -96 3841 0

-2309.5 -2512 3841 0
-2309.5 -96 3841 0

-2309.5 -2512 3861 0
-2309.5 -96 3861 0

-2309.5 -2512 3841 0
-2309.5 -2512 3861 0

-2309.5 -96 3841 0
-2309.5 -96 3861 0

-2309.5 -2512 3861 0
-2124.5 -2512 3861 0

-2309.5 -2512 3841 0
-2124.5 -2512 3841 0

-2309.5 -2512 3861 0
-2309.5 -2512 3841 0

-2124.5 -2512 3861 0
-2124.5 -2512 3841 0

-2309.5 -96 3841 0
-2124.5 -96 3841 0

-2309.5 -96 3861 0
-2124.5 -96 3861 0

-2309.5 -96 3841 0
-2309.5 -96 3861 0

-2124.5 -96 3841 0
-2124.5 -96 3861 0

-2309.5 -2512 3393 0
-2309.5 -1304 3393 0

-2309.5 -1304 3393 0
-2309.5 -700 3393 0
-2309.5 -96 3393 0

-2309.5 -96 3393 0

-2124.5 -2512 3393 0
-2124.5 -96 3393 0

-2309.5 -2512 3393 0
-2124.5 -2512 3393 0

-2309.5 -96 3393 0
-2124.5 -96 3393 0

-2124.5 -2512 3373 0
-2124.5 -96 3373 0

-2309.5 -2512 3373 0
-2309.5 -96 3373 0

-2124.5 -2512 3373 0
-2309.5 -2512 3373 0

-2124.5 -96 3373 0
-2309.5 -96 3373 0

-2124.5 -2512 3393 0
-2124.5 -96 3393 0

-2124.5 -2512 3373 0
-2124.5 -96 3373 0

-2124.5 -2512 3393 0
-2124.5 -2512 3373 0

-2124.5 -96 3393 0
-2124.5 -96 3373 0

-2309.5 -2512 3373 0
-2309.5 -96 3373 0

-2309.5 -2512 3393 0
-2309.5 -96 3393 0

-2309.5 -2512 3373 0
-2309.5 -2512 3393 0

-2309.5 -96 3373 0
-2309.5 -96 3393 0

-2309.5 -2512 3393 0
-2124.5 -2512 3393 0

-2309.5 -2512 3373 0
-2124.5 -2512 3373 0

-2309.5 -2512 3393 0
-2309.5 -2512 3373 0

-2124.5 -2512 3393 0
-2124.5 -2512 3373 0

-2309.5 -96 3373 0
-2124.5 -96 3373 0

-2309.5 -96 3393 0
-2124.5 -96 3393 0

-2309.5 -96 3373 0
-2309.5 -96 3393 0

-2124.5 -96 3373 0
-2124.5 -96 3393 0

-2092 2931.44468915929 1261.49668873539 0
-2092 2818.15621577971 1208.6694060178 0

-2092 2818.15621577971 1208.6694060178 0
-2092 2761.51197908992 1182.25576465901 0
-2092 2704.86774240012 1155.84212330022 0

-2092 2704.86774240012 1155.84212330022 0

-2342 2931.44468915929 1261.49668873539 0
-2342 2704.86774240012 1155.84212330022 0

-2092 2931.44468915929 1261.49668873539 0
-2342 2931.44468915929 1261.49668873539 0

-2092 2704.86774240012 1155.84212330022 0
-2342 2704.86774240012 1155.84212330022 0

-2342 4495.13225759988 -2091.84212330022 0
-2342 4268.55531084071 -2197.49668873539 0

-2092 4495.13225759988 -2091.84212330022 0
-2092 4268.55531084071 -2197.49668873539 0

-2342 4495.13225759988 -2091.84212330022 0
-2092 4495.13225759988 -2091.84212330022 0

-2342 4268.55531084071 -2197.49668873539 0
-2092 4268.55531084071 -2197.49668873539 0

-2342 2931.44468915929 1261.49668873539 0
-2342 2704.86774240012 1155.84212330022 0

-2342 4495.13225759988 -2091.84212330022 0
-2342 4268.55531084071 -2197.49668873539 0

-2342 2931.44468915929 1261.49668873539 0
-2342 4495.13225759988 -2091.84212330022 0

-2342 2704.86774240012 1155.84212330022 0
-2342 4268.55531084071 -2197.49668873539 0

-2092 4495.13225759988 -2091.84212330022 0
-2092 4268.55531084071 -2197.49668873539 0

-2092 2931.44468915929 1261.49668873539 0
-2092 2704.86774240012 1155.84212330022 0

-2092 4495.13225759988 -2091.84212330022 0
-2092 2931.44468915929 1261.49668873539 0

-2092 4268.55531084071 -2197.49668873539 0
-2092 2704.86774240012 1155.84212330022 0

-2092 2931.44468915929 1261.49668873539 0
-2342 2931.44468915929 1261.49668873539 0

-2092 4495.13225759988 -2091.84212330022 0
-2342 4495.13225759988 -2091.84212330022 0

-2092 2931.44468915929 1261.49668873539 0
-2092 4495.13225759988 -2091.84212330022 0

-2342 2931.44468915929 1261.49668873539 0
-2342 4495.13225759988 -2091.84212330022 0

-2092 4268.55531084071 -2197.49668873539 0
-2342 4268.55531084071 -2197.49668873539 0

-2092 2704.86774240012 1155.84212330022 0
-2342 2704.86774240012 1155.84212330022 0

-2092 4268.55531084071 -2197.49668873539 0
-2092 2704.86774240012 1155.84212330022 0

-2342 4268.55531084071 -2197.49668873539 0
-2342 2704.86774240012 1155.84212330022 0

-2092 -2704.86774240012 1155.84212330022 0
-2092 -2818.15621577971 1208.6694060178 0

-2092 -2818.15621577971 1208.6694060178 0
-2092 -2874.8004524695 1235.0830473766 0
-2092 -2931.44468915929 1261.49668873539 0

-2092 -2931.44468915929 1261.49668873539 0

-2342 -2704.86774240012 1155.84212330022 0
-2342 -2931.44468915929 1261.49668873539 0

-2092 -2704.86774240012 1155.84212330022 0
-2342 -2704.86774240012 1155.84212330022 0

-2092 -2931.44468915929 1261.49668873539 0
-2342 -2931.44468915929 1261.49668873539 0

-2342 -4268.55531084071 -2197.49668873539 0
-2342 -4495.13225759988 -2091.84212330022 0

-2092 -4268.55531084071 -2197.49668873539 0
-2092 -4495.13225759988 -2091.84212330022 0

-2342 -4268.55531084071 -2197.49668873539 0
-2092 -4268.55531084071 -2197.49668873539 0

-2342 -4495.13225759988 -2091.84212330022 0
-2092 -4495.13225759988 -2091.84212330022 0

-2342 -2704.86774240012 1155.84212330022 0
-2342 -2931.44468915929 1261.49668873539 0

-2342 -4268.55531084071 -2197.49668873539 0
-2342 -4495.13225759988 -2091.84212330022 0

-2342 -2704.86774240012 1155.84212330022 0
-2342 -4268.55531084071 -2197.49668873539 0

-2342 -2931.44468915929 1261.49668873539 0
-2342 -4495.13225759988 -2091.84212330022 0

-2092 -4268.55531084071 -2197.49668873539 0
-2092 -4495.13225759988 -2091.84212330022 0

-2092 -2704.86774240012 1155.84212330022 0
-2092 -2931.44468915929 1261.49668873539 0

-2092 -4268.55531084071 -2197.49668873539 0
-2092 -2704.86774240012 1155.84212330022 0

-2092 -4495.13225759988 -2091.84212330022 0
-2092 -2931.44468915929 1261.49668873539 0

-2092 -2704.86774240012 1155.84212330022 0
-2342 -2704.86774240012 1155.84212330022 0

-2092 -4268.55531084071 -2197.49668873539 0
-2342 -4268.55531084071 -2197.49668873539 0

-2092 -2704.86774240012 1155.84212330022 0
-2092 -4268.55531084071 -2197.49668873539 0

-2342 -2704.86774240012 1155.84212330022 0
-2342 -4268.55531084071 -2197.49668873539 0

-2092 -4495.13225759988 -2091.84212330022 0
-2342 -4495.13225759988 -2091.84212330022 0

-2092 -2931.44468915929 1261.49668873539 0
-2342 -2931.44468915929 1261.49668873539 0

-2092 -4495.13225759988 -2091.84212330022 0
-2092 -2931.44468915929 1261.49668873539 0

-2342 -4495.13225759988 -2091.84212330022 0
-2342 -2931.44468915929 1261.49668873539 0

-1985 -2618 -2287 0
-1985 -2608 -2287 0

-1985 -2608 -2287 0
-1985 -2603 -2287 0
-1985 -2598 -2287 0

-1985 -2598 -2287 0

-2449 -2618 -2287 0
-2449 -2598 -2287 0

-1985 -2618 -2287 0
-2449 -2618 -2287 0

-1985 -2598 -2287 0
-2449 -2598 -2287 0

-2449 -2618 3851 0
-2449 -2598 3851 0

-1985 -2618 3851 0
-1985 -2598 3851 0

-2449 -2618 3851 0
-1985 -2618 3851 0

-2449 -2598 3851 0
-1985 -2598 3851 0

-2449 -2618 -2287 0
-2449 -2598 -2287 0

-2449 -2618 3851 0
-2449 -2598 3851 0

-2449 -2618 -2287 0
-2449 -2618 3851 0

-2449 -2598 -2287 0
-2449 -2598 3851 0

-1985 -2618 3851 0
-1985 -2598 3851 0

-1985 -2618 -2287 0
-1985 -2598 -2287 0

-1985 -2618 3851 0
-1985 -2618 -2287 0

-1985 -2598 3851 0
-1985 -2598 -2287 0

-1985 -2618 -2287 0
-2449 -2618 -2287 0

-1985 -2618 3851 0
-2449 -2618 3851 0

-1985 -2618 -2287 0
-1985 -2618 3851 0

-2449 -2618 -2287 0
-2449 -2618 3851 0

-1985 -2598 3851 0
-2449 -2598 3851 0

-1985 -2598 -2287 0
-2449 -2598 -2287 0

-1985 -2598 3851 0
-1985 -2598 -2287 0

-2449 -2598 3851 0
-2449 -2598 -2287 0

-2441 -2700.5 -2287 0
-2441 -2608 -2287 0

-2441 -2608 -2287 0
-2441 -2561.75 -2287 0
-2441 -2515.5 -2287 0

-2441 -2515.5 -2287 0

-2461 -2700.5 -2287 0
-2461 -2515.5 -2287 0

-2441 -2700.5 -2287 0
-2461 -2700.5 -2287 0

-2441 -2515.5 -2287 0
-2461 -2515.5 -2287 0

-2461 -2700.5 3851 0
-2461 -2515.5 3851 0

-2441 -2700.5 3851 0
-2441 -2515.5 3851 0

-2461 -2700.5 3851 0
-2441 -2700.5 3851 0

-2461 -2515.5 3851 0
-2441 -2515.5 3851 0

-2461 -2700.5 -2287 0
-2461 -2515.5 -2287 0

-2461 -2700.5 3851 0
-2461 -2515.5 3851 0

-2461 -2700.5 -2287 0
-2461 -2700.5 3851 0

-2461 -2515.5 -2287 0
-2461 -2515.5 3851 0

-2441 -2700.5 3851 0
-2441 -2515.5 3851 0

-2441 -2700.5 -2287 0
-2441 -2515.5 -2287 0

-2441 -2700.5 3851 0
-2441 -2700.5 -2287 0

-2441 -2515.5 3851 0
-2441 -2515.5 -2287 0

-2441 -2700.5 -2287 0
-2461 -2700.5 -2287 0

-2441 -2700.5 3851 0
-2461 -2700.5 3851 0

-2441 -2700.5 -2287 0
-2441 -2700.5 3851 0

-2461 -2700.5 -2287 0
-2461 -2700.5 3851 0

-2441 -2515.5 3851 0
-2461 -2515.5 3851 0

-2441 -2515.5 -2287 0
-2461 -2515.5 -2287 0

-2441 -2515.5 3851 0
-2441 -2515.5 -2287 0

-2461 -2515.5 3851 0
-2461 -2515.5 -2287 0

-1973 -2700.5 -2287 0
-1973 -2608 -2287 0

-1973 -2608 -2287 0
-1973 -2561.75 -2287 0
-1973 -2515.5 -2287 0

-1973 -2515.5 -2287 0

-1993 -2700.5 -2287 0
-1993 -2515.5 -2287 0

-1973 -2700.5 -2287 0
-1993 -2700.5 -2287 0

-1973 -2515.5 -2287 0
-1993 -2515.5 -2287 0

-1993 -2700.5 3851 0
-1993 -2515.5 3851 0

-1973 -2700.5 3851 0
-1973 -2515.5 3851 0

-1993 -2700.5 3851 0
-1973 -2700.5 3851 0

-1993 -2515.5 3851 0
-1973 -2515.5 3851 0

-1993 -2700.5 -2287 0
-1993 -2515.5 -2287 0

-1993 -2700.5 3851 0
-1993 -2515.5 3851 0

-1993 -2700.5 -2287 0
-1993 -2700.5 3851 0

-1993 -2515.5 -2287 0
-1993 -2515.5 3851 0

-1973 -2700.5 3851 0
-1973 -2515.5 3851 0

-1973 -2700.5 -2287 0
-1973 -2515.5 -2287 0

-1973 -2700.5 3851 0
-1973 -2700.5 -2287 0

-1973 -2515.5 3851 0
-1973 -2515.5 -2287 0

-1973 -2700.5 -2287 0
-1993 -2700.5 -2287 0

-1973 -2700.5 3851 0
-1993 -2700.5 3851 0

-1973 -2700.5 -2287 0
-1973 -2700.5 3851 0

-1993 -2700.5 -2287 0
-1993 -2700.5 3851 0

-1973 -2515.5 3851 0
-1993 -2515.5 3851 0

-1973 -2515.5 -2287 0
-1993 -2515.5 -2287 0

-1973 -2515.5 3851 0
-1973 -2515.5 -2287 0

-1993 -2515.5 3851 0
-1993 -2515.5 -2287 0

-1985 -10 -2287 0
-1985 0 -2287 0

-1985 0 -2287 0
-1985 5 -2287 0
-1985 10 -2287 0

-1985 10 -2287 0

-2449 -10 -2287 0
-2449 10 -2287 0

-1985 -10 -2287 0
-2449 -10 -2287 0

-1985 10 -2287 0
-2449 10 -2287 0

-2449 -10 3851 0
-2449 10 3851 0

-1985 -10 3851 0
-1985 10 3851 0

-2449 -10 3851 0
-1985 -10 3851 0

-2449 10 3851 0
-1985 10 3851 0

-2449 -10 -2287 0
-2449 10 -2287 0

-2449 -10 3851 0
-2449 10 3851 0

-2449 -10 -2287 0
-2449 -10 3851 0

-2449 10 -2287 0
-2449 10 3851 0

-1985 -10 3851 0
-1985 10 3851 0

-1985 -10 -2287 0
-1985 10 -2287 0

-1985 -10 3851 0
-1985 -10 -2287 0

-1985 10 3851 0
-1985 10 -2287 0

-1985 -10 -2287 0
-2449 -10 -2287 0

-1985 -10 3851 0
-2449 -10 3851 0

-1985 -10 -2287 0
-1985 -10 3851 0

-2449 -10 -2287 0
-2449 -10 3851 0

-1985 10 3851 0
-2449 10 3851 0

-1985 10 -2287 0
-2449 10 -2287 0

-1985 10 3851 0
-1985 10 -2287 0

-2449 10 3851 0
-2449 10 -2287 0

-2441 -92.5 -2287 0
-2441 0 -2287 0

-2441 0 -2287 0
-2441 46.25 -2287 0
-2441 92.5 -2287 0

-2441 92.5 -2287 0

-2461 -92.5 -2287 0
-2461 92.5 -2287 0

-2441 -92.5 -2287 0
-2461 -92.5 -2287 0

-2441 92.5 -2287 0
-2461 92.5 -2287 0

-2461 -92.5 3851 0
-2461 92.5 3851 0

-2441 -92.5 3851 0
-2441 92.5 3851 0

-2461 -92.5 3851 0
-2441 -92.5 3851 0

-2461 92.5 3851 0
-2441 92.5 3851 0

-2461 -92.5 -2287 0
-2461 92.5 -2287 0

-2461 -92.5 3851 0
-2461 92.5 3851 0

-2461 -92.5 -2287 0
-2461 -92.5 3851 0

-2461 92.5 -2287 0
-2461 92.5 3851 0

-2441 -92.5 3851 0
-2441 92.5 3851 0

-2441 -92.5 -2287 0
-2441 92.5 -2287 0

-2441 -92.5 3851 0
-2441 -92.5 -2287 0

-2441 92.5 3851 0
-2441 92.5 -2287 0

-2441 -92.5 -2287 0
-2461 -92.5 -2287 0

-2441 -92.5 3851 0
-2461 -92.5 3851 0

-2441 -92.5 -2287 0
-2441 -92.5 3851 0

-2461 -92.5 -2287 0
-2461 -92.5 3851 0

-2441 92.5 3851 0
-2461 92.5 3851 0

-2441 92.5 -2287 0
-2461 92.5 -2287 0

-2441 92.5 3851 0
-2441 92.5 -2287 0

-2461 92.5 3851 0
-2461 92.5 -2287 0

-1973 -92.5 -2287 0
-1973 0 -2287 0

-1973 0 -2287 0
-1973 46.25 -2287 0
-1973 92.5 -2287 0

-1973 92.5 -2287 0

-1993 -92.5 -2287 0
-1993 92.5 -2287 0

-1973 -92.5 -2287 0
-1993 -92.5 -2287 0

-1973 92.5 -2287 0
-1993 92.5 -2287 0

-1993 -92.5 3851 0
-1993 92.5 3851 0

-1973 -92.5 3851 0
-1973 92.5 3851 0

-1993 -92.5 3851 0
-1973 -92.5 3851 0

-1993 92.5 3851 0
-1973 92.5 3851 0

-1993 -92.5 -2287 0
-1993 92.5 -2287 0

-1993 -92.5 3851 0
-1993 92.5 3851 0

-1993 -92.5 -2287 0
-1993 -92.5 3851 0

-1993 92.5 -2287 0
-1993 92.5 3851 0

-1973 -92.5 3851 0
-1973 92.5 3851 0

-1973 -92.5 -2287 0
-1973 92.5 -2287 0

-1973 -92.5 3851 0
-1973 -92.5 -2287 0

-1973 92.5 3851 0
-1973 92.5 -2287 0

-1973 -92.5 -2287 0
-1993 -92.5 -2287 0

-1973 -92.5 3851 0
-1993 -92.5 3851 0

-1973 -92.5 -2287 0
-1973 -92.5 3851 0

-1993 -92.5 -2287 0
-1993 -92.5 3851 0

-1973 92.5 3851 0
-1993 92.5 3851 0

-1973 92.5 -2287 0
-1993 92.5 -2287 0

-1973 92.5 3851 0
-1973 92.5 -2287 0

-1993 92.5 3851 0
-1993 92.5 -2287 0

-1985 2598 -2287 0
-1985 2608 -2287 0

-1985 2608 -2287 0
-1985 2613 -2287 0
-1985 2618 -2287 0

-1985 2618 -2287 0

-2449 2598 -2287 0
-2449 2618 -2287 0

-1985 2598 -2287 0
-2449 2598 -2287 0

-1985 2618 -2287 0
-2449 2618 -2287 0

-2449 2598 3851 0
-2449 2618 3851 0

-1985 2598 3851 0
-1985 2618 3851 0

-2449 2598 3851 0
-1985 2598 3851 0

-2449 2618 3851 0
-1985 2618 3851 0

-2449 2598 -2287 0
-2449 2618 -2287 0

-2449 2598 3851 0
-2449 2618 3851 0

-2449 2598 -2287 0
-2449 2598 3851 0

-2449 2618 -2287 0
-2449 2618 3851 0

-1985 2598 3851 0
-1985 2618 3851 0

-1985 2598 -2287 0
-1985 2618 -2287 0

-1985 2598 3851 0
-1985 2598 -2287 0

-1985 2618 3851 0
-1985 2618 -2287 0

-1985 2598 -2287 0
-2449 2598 -2287 0

-1985 2598 3851 0
-2449 2598 3851 0

-1985 2598 -2287 0
-1985 2598 3851 0

-2449 2598 -2287 0
-2449 2598 3851 0

-1985 2618 3851 0
-2449 2618 3851 0

-1985 2618 -2287 0
-2449 2618 -2287 0

-1985 2618 3851 0
-1985 2618 -2287 0

-2449 2618 3851 0
-2449 2618 -2287 0

-2441 2515.5 -2287 0
-2441 2608 -2287 0

-2441 2608 -2287 0
-2441 2654.25 -2287 0
-2441 2700.5 -2287 0

-2441 2700.5 -2287 0

-2461 2515.5 -2287 0
-2461 2700.5 -2287 0

-2441 2515.5 -2287 0
-2461 2515.5 -2287 0

-2441 2700.5 -2287 0
-2461 2700.5 -2287 0

-2461 2515.5 3851 0
-2461 2700.5 3851 0

-2441 2515.5 3851 0
-2441 2700.5 3851 0

-2461 2515.5 3851 0
-2441 2515.5 3851 0

-2461 2700.5 3851 0
-2441 2700.5 3851 0

-2461 2515.5 -2287 0
-2461 2700.5 -2287 0

-2461 2515.5 3851 0
-2461 2700.5 3851 0

-2461 2515.5 -2287 0
-2461 2515.5 3851 0

-2461 2700.5 -2287 0
-2461 2700.5 3851 0

-2441 2515.5 3851 0
-2441 2700.5 3851 0

-2441 2515.5 -2287 0
-2441 2700.5 -2287 0

-2441 2515.5 3851 0
-2441 2515.5 -2287 0

-2441 2700.5 3851 0
-2441 2700.5 -2287 0

-2441 2515.5 -2287 0
-2461 2515.5 -2287 0

-2441 2515.5 3851 0
-2461 2515.5 3851 0

-2441 2515.5 -2287 0
-2441 2515.5 3851 0

-2461 2515.5 -2287 0
-2461 2515.5 3851 0

-2441 2700.5 3851 0
-2461 2700.5 3851 0

-2441 2700.5 -2287 0
-2461 2700.5 -2287 0

-2441 2700.5 3851 0
-2441 2700.5 -2287 0

-2461 2700.5 3851 0
-2461 2700.5 -2287 0

-1973 2515.5 -2287 0
-1973 2608 -2287 0

-1973 2608 -2287 0
-1973 2654.25 -2287 0
-1973 2700.5 -2287 0

-1973 2700.5 -2287 0

-1993 2515.5 -2287 0
-1993 2700.5 -2287 0

-1973 2515.5 -2287 0
-1993 2515.5 -2287 0

-1973 2700.5 -2287 0
-1993 2700.5 -2287 0

-1993 2515.5 3851 0
-1993 2700.5 3851 0

-1973 2515.5 3851 0
-1973 2700.5 3851 0

-1993 2515.5 3851 0
-1973 2515.5 3851 0

-1993 2700.5 3851 0
-1973 2700.5 3851 0

-1993 2515.5 -2287 0
-1993 2700.5 -2287 0

-1993 2515.5 3851 0
-1993 2700.5 3851 0

-1993 2515.5 -2287 0
-1993 2515.5 3851 0

-1993 2700.5 -2287 0
-1993 2700.5 3851 0

-1973 2515.5 3851 0
-1973 2700.5 3851 0

-1973 2515.5 -2287 0
-1973 2700.5 -2287 0

-1973 2515.5 3851 0
-1973 2515.5 -2287 0

-1973 2700.5 3851 0
-1973 2700.5 -2287 0

-1973 2515.5 -2287 0
-1993 2515.5 -2287 0

-1973 2515.5 3851 0
-1993 2515.5 3851 0

-1973 2515.5 -2287 0
-1973 2515.5 3851 0

-1993 2515.5 -2287 0
-1993 2515.5 3851 0

-1973 2700.5 3851 0
-1993 2700.5 3851 0

-1973 2700.5 -2287 0
-1993 2700.5 -2287 0

-1973 2700.5 3851 0
-1973 2700.5 -2287 0

-1993 2700.5 3851 0
-1993 2700.5 -2287 0

3070 96 3851 0
3070 1304 3851 0

3070 1304 3851 0
3070 1908 3851 0
3070 2512 3851 0

3070 2512 3851 0

3090 96 3851 0
3090 2512 3851 0

3070 96 3851 0
3090 96 3851 0

3070 2512 3851 0
3090 2512 3851 0

3090 96 3383 0
3090 2512 3383 0

3070 96 3383 0
3070 2512 3383 0

3090 96 3383 0
3070 96 3383 0

3090 2512 3383 0
3070 2512 3383 0

3090 96 3851 0
3090 2512 3851 0

3090 96 3383 0
3090 2512 3383 0

3090 96 3851 0
3090 96 3383 0

3090 2512 3851 0
3090 2512 3383 0

3070 96 3383 0
3070 2512 3383 0

3070 96 3851 0
3070 2512 3851 0

3070 96 3383 0
3070 96 3851 0

3070 2512 3383 0
3070 2512 3851 0

3070 96 3851 0
3090 96 3851 0

3070 96 3383 0
3090 96 3383 0

3070 96 3851 0
3070 96 3383 0

3090 96 3851 0
3090 96 3383 0

3070 2512 3383 0
3090 2512 3383 0

3070 2512 3851 0
3090 2512 3851 0

3070 2512 3383 0
3070 2512 3851 0

3090 2512 3383 0
3090 2512 3851 0

2987.5 96 3861 0
2987.5 1304 3861 0

2987.5 1304 3861 0
2987.5 1908 3861 0
2987.5 2512 3861 0

2987.5 2512 3861 0

3172.5 96 3861 0
3172.5 2512 3861 0

2987.5 96 3861 0
3172.5 96 3861 0

2987.5 2512 3861 0
3172.5 2512 3861 0

3172.5 96 3841 0
3172.5 2512 3841 0

2987.5 96 3841 0
2987.5 2512 3841 0

3172.5 96 3841 0
2987.5 96 3841 0

3172.5 2512 3841 0
2987.5 2512 3841 0

3172.5 96 3861 0
3172.5 2512 3861 0

3172.5 96 3841 0
3172.5 2512 3841 0

3172.5 96 3861 0
3172.5 96 3841 0

3172.5 2512 3861 0
3172.5 2512 3841 0

2987.5 96 3841 0
2987.5 2512 3841 0

2987.5 96 3861 0
2987.5 2512 3861 0

2987.5 96 3841 0
2987.5 96 3861 0

2987.5 2512 3841 0
2987.5 2512 3861 0

2987.5 96 3861 0
3172.5 96 3861 0

2987.5 96 3841 0
3172.5 96 3841 0

2987.5 96 3861 0
2987.5 96 3841 0

3172.5 96 3861 0
3172.5 96 3841 0

2987.5 2512 3841 0
3172.5 2512 3841 0

2987.5 2512 3861 0
3172.5 2512 3861 0

2987.5 2512 3841 0
2987.5 2512 3861 0

3172.5 2512 3841 0
3172.5 2512 3861 0

2987.5 96 3393 0
2987.5 1304 3393 0

2987.5 1304 3393 0
2987.5 1908 3393 0
2987.5 2512 3393 0

2987.5 2512 3393 0

3172.5 96 3393 0
3172.5 2512 3393 0

2987.5 96 3393 0
3172.5 96 3393 0

2987.5 2512 3393 0
3172.5 2512 3393 0

3172.5 96 3373 0
3172.5 2512 3373 0

2987.5 96 3373 0
2987.5 2512 3373 0

3172.5 96 3373 0
2987.5 96 3373 0

3172.5 2512 3373 0
2987.5 2512 3373 0

3172.5 96 3393 0
3172.5 2512 3393 0

3172.5 96 3373 0
3172.5 2512 3373 0

3172.5 96 3393 0
3172.5 96 3373 0

3172.5 2512 3393 0
3172.5 2512 3373 0

2987.5 96 3373 0
2987.5 2512 3373 0

2987.5 96 3393 0
2987.5 2512 3393 0

2987.5 96 3373 0
2987.5 96 3393 0

2987.5 2512 3373 0
2987.5 2512 3393 0

2987.5 96 3393 0
3172.5 96 3393 0

2987.5 96 3373 0
3172.5 96 3373 0

2987.5 96 3393 0
2987.5 96 3373 0

3172.5 96 3393 0
3172.5 96 3373 0

2987.5 2512 3373 0
3172.5 2512 3373 0

2987.5 2512 3393 0
3172.5 2512 3393 0

2987.5 2512 3373 0
2987.5 2512 3393 0

3172.5 2512 3373 0
3172.5 2512 3393 0

3070 -2512 3851 0
3070 -1304 3851 0

3070 -1304 3851 0
3070 -700 3851 0
3070 -96 3851 0

3070 -96 3851 0

3090 -2512 3851 0
3090 -96 3851 0

3070 -2512 3851 0
3090 -2512 3851 0

3070 -96 3851 0
3090 -96 3851 0

3090 -2512 3383 0
3090 -96 3383 0

3070 -2512 3383 0
3070 -96 3383 0

3090 -2512 3383 0
3070 -2512 3383 0

3090 -96 3383 0
3070 -96 3383 0

3090 -2512 3851 0
3090 -96 3851 0

3090 -2512 3383 0
3090 -96 3383 0

3090 -2512 3851 0
3090 -2512 3383 0

3090 -96 3851 0
3090 -96 3383 0

3070 -2512 3383 0
3070 -96 3383 0

3070 -2512 3851 0
3070 -96 3851 0

3070 -2512 3383 0
3070 -2512 3851 0

3070 -96 3383 0
3070 -96 3851 0

3070 -2512 3851 0
3090 -2512 3851 0

3070 -2512 3383 0
3090 -2512 3383 0

3070 -2512 3851 0
3070 -2512 3383 0

3090 -2512 3851 0
3090 -2512 3383 0

3070 -96 3383 0
3090 -96 3383 0

3070 -96 3851 0
3090 -96 3851 0

3070 -96 3383 0
3070 -96 3851 0

3090 -96 3383 0
3090 -96 3851 0

2987.5 -2512 3861 0
2987.5 -1304 3861 0

2987.5 -1304 3861 0
2987.5 -700 3861 0
2987.5 -96 3861 0

2987.5 -96 3861 0

3172.5 -2512 3861 0
3172.5 -96 3861 0

2987.5 -2512 3861 0
3172.5 -2512 3861 0

2987.5 -96 3861 0
3172.5 -96 3861 0

3172.5 -2512 3841 0
3172.5 -96 3841 0

2987.5 -2512 3841 0
2987.5 -96 3841 0

3172.5 -2512 3841 0
2987.5 -2512 3841 0

3172.5 -96 3841 0
2987.5 -96 3841 0

3172.5 -2512 3861 0
3172.5 -96 3861 0

3172.5 -2512 3841 0
3172.5 -96 3841 0

3172.5 -2512 3861 0
3172.5 -2512 3841 0

3172.5 -96 3861 0
3172.5 -96 3841 0

2987.5 -2512 3841 0
2987.5 -96 3841 0

2987.5 -2512 3861 0
2987.5 -96 3861 0

2987.5 -2512 3841 0
2987.5 -2512 3861 0

2987.5 -96 3841 0
2987.5 -96 3861 0

2987.5 -2512 3861 0
3172.5 -2512 3861 0

2987.5 -2512 3841 0
3172.5 -2512 3841 0

2987.5 -2512 3861 0
2987.5 -2512 3841 0

3172.5 -2512 3861 0
3172.5 -2512 3841 0

2987.5 -96 3841 0
3172.5 -96 3841 0

2987.5 -96 3861 0
3172.5 -96 3861 0

2987.5 -96 3841 0
2987.5 -96 3861 0

3172.5 -96 3841 0
3172.5 -96 3861 0

2987.5 -2512 3393 0
2987.5 -1304 3393 0

2987.5 -1304 3393 0
2987.5 -700 3393 0
2987.5 -96 3393 0

2987.5 -96 3393 0

3172.5 -2512 3393 0
3172.5 -96 3393 0

2987.5 -2512 3393 0
3172.5 -2512 3393 0

2987.5 -96 3393 0
3172.5 -96 3393 0

3172.5 -2512 3373 0
3172.5 -96 3373 0

2987.5 -2512 3373 0
2987.5 -96 3373 0

3172.5 -2512 3373 0
2987.5 -2512 3373 0

3172.5 -96 3373 0
2987.5 -96 3373 0

3172.5 -2512 3393 0
3172.5 -96 3393 0

3172.5 -2512 3373 0
3172.5 -96 3373 0

3172.5 -2512 3393 0
3172.5 -2512 3373 0

3172.5 -96 3393 0
3172.5 -96 3373 0

2987.5 -2512 3373 0
2987.5 -96 3373 0

2987.5 -2512 3393 0
2987.5 -96 3393 0

2987.5 -2512 3373 0
2987.5 -2512 3393 0

2987.5 -96 3373 0
2987.5 -96 3393 0

2987.5 -2512 3393 0
3172.5 -2512 3393 0

2987.5 -2512 3373 0
3172.5 -2512 3373 0

2987.5 -2512 3393 0
2987.5 -2512 3373 0

3172.5 -2512 3393 0
3172.5 -2512 3373 0

2987.5 -96 3373 0
3172.5 -96 3373 0

2987.5 -96 3393 0
3172.5 -96 3393 0

2987.5 -96 3373 0
2987.5 -96 3393 0

3172.5 -96 3373 0
3172.5 -96 3393 0

3205 2931.44468915929 1261.49668873539 0
3205 2818.15621577971 1208.6694060178 0

3205 2818.15621577971 1208.6694060178 0
3205 2761.51197908992 1182.25576465901 0
3205 2704.86774240012 1155.84212330022 0

3205 2704.86774240012 1155.84212330022 0

2955 2931.44468915929 1261.49668873539 0
2955 2704.86774240012 1155.84212330022 0

3205 2931.44468915929 1261.49668873539 0
2955 2931.44468915929 1261.49668873539 0

3205 2704.86774240012 1155.84212330022 0
2955 2704.86774240012 1155.84212330022 0

2955 4495.13225759988 -2091.84212330022 0
2955 4268.55531084071 -2197.49668873539 0

3205 4495.13225759988 -2091.84212330022 0
3205 4268.55531084071 -2197.49668873539 0

2955 4495.13225759988 -2091.84212330022 0
3205 4495.13225759988 -2091.84212330022 0

2955 4268.55531084071 -2197.49668873539 0
3205 4268.55531084071 -2197.49668873539 0

2955 2931.44468915929 1261.49668873539 0
2955 2704.86774240012 1155.84212330022 0

2955 4495.13225759988 -2091.84212330022 0
2955 4268.55531084071 -2197.49668873539 0

2955 2931.44468915929 1261.49668873539 0
2955 4495.13225759988 -2091.84212330022 0

2955 2704.86774240012 1155.84212330022 0
2955 4268.55531084071 -2197.49668873539 0

3205 4495.13225759988 -2091.84212330022 0
3205 4268.55531084071 -2197.49668873539 0

3205 2931.44468915929 1261.49668873539 0
3205 2704.86774240012 1155.84212330022 0

3205 4495.13225759988 -2091.84212330022 0
3205 2931.44468915929 1261.49668873539 0

3205 4268.55531084071 -2197.49668873539 0
3205 2704.86774240012 1155.84212330022 0

3205 2931.44468915929 1261.49668873539 0
2955 2931.44468915929 1261.49668873539 0

3205 4495.13225759988 -2091.84212330022 0
2955 4495.13225759988 -2091.84212330022 0

3205 2931.44468915929 1261.49668873539 0
3205 4495.13225759988 -2091.84212330022 0

2955 2931.44468915929 1261.49668873539 0
2955 4495.13225759988 -2091.84212330022 0

3205 4268.55531084071 -2197.49668873539 0
2955 4268.55531084071 -2197.49668873539 0

3205 2704.86774240012 1155.84212330022 0
2955 2704.86774240012 1155.84212330022 0

3205 4268.55531084071 -2197.49668873539 0
3205 2704.86774240012 1155.84212330022 0

2955 4268.55531084071 -2197.49668873539 0
2955 2704.86774240012 1155.84212330022 0

3205 -2704.86774240012 1155.84212330022 0
3205 -2818.15621577971 1208.6694060178 0

3205 -2818.15621577971 1208.6694060178 0
3205 -2874.8004524695 1235.0830473766 0
3205 -2931.44468915929 1261.49668873539 0

3205 -2931.44468915929 1261.49668873539 0

2955 -2704.86774240012 1155.84212330022 0
2955 -2931.44468915929 1261.49668873539 0

3205 -2704.86774240012 1155.84212330022 0
2955 -2704.86774240012 1155.84212330022 0

3205 -2931.44468915929 1261.49668873539 0
2955 -2931.44468915929 1261.49668873539 0

2955 -4268.55531084071 -2197.49668873539 0
2955 -4495.13225759988 -2091.84212330022 0

3205 -4268.55531084071 -2197.49668873539 0
3205 -4495.13225759988 -2091.84212330022 0

2955 -4268.55531084071 -2197.49668873539 0
3205 -4268.55531084071 -2197.49668873539 0

2955 -4495.13225759988 -2091.84212330022 0
3205 -4495.13225759988 -2091.84212330022 0

2955 -2704.86774240012 1155.84212330022 0
2955 -2931.44468915929 1261.49668873539 0

2955 -4268.55531084071 -2197.49668873539 0
2955 -4495.13225759988 -2091.84212330022 0

2955 -2704.86774240012 1155.84212330022 0
2955 -4268.55531084071 -2197.49668873539 0

2955 -2931.44468915929 1261.49668873539 0
2955 -4495.13225759988 -2091.84212330022 0

3205 -4268.55531084071 -2197.49668873539 0
3205 -4495.13225759988 -2091.84212330022 0

3205 -2704.86774240012 1155.84212330022 0
3205 -2931.44468915929 1261.49668873539 0

3205 -4268.55531084071 -2197.49668873539 0
3205 -2704.86774240012 1155.84212330022 0

3205 -4495.13225759988 -2091.84212330022 0
3205 -2931.44468915929 1261.49668873539 0

3205 -2704.86774240012 1155.84212330022 0
2955 -2704.86774240012 1155.84212330022 0

3205 -4268.55531084071 -2197.49668873539 0
2955 -4268.55531084071 -2197.49668873539 0

3205 -2704.86774240012 1155.84212330022 0
3205 -4268.55531084071 -2197.49668873539 0

2955 -2704.86774240012 1155.84212330022 0
2955 -4268.55531084071 -2197.49668873539 0

3205 -4495.13225759988 -2091.84212330022 0
2955 -4495.13225759988 -2091.84212330022 0

3205 -2931.44468915929 1261.49668873539 0
2955 -2931.44468915929 1261.49668873539 0

3205 -4495.13225759988 -2091.84212330022 0
3205 -2931.44468915929 1261.49668873539 0

2955 -4495.13225759988 -2091.84212330022 0
2955 -2931.44468915929 1261.49668873539 0

3312 -2618 -2287 0
3312 -2608 -2287 0

3312 -2608 -2287 0
3312 -2603 -2287 0
3312 -2598 -2287 0

3312 -2598 -2287 0

2848 -2618 -2287 0
2848 -2598 -2287 0

3312 -2618 -2287 0
2848 -2618 -2287 0

3312 -2598 -2287 0
2848 -2598 -2287 0

2848 -2618 3851 0
2848 -2598 3851 0

3312 -2618 3851 0
3312 -2598 3851 0

2848 -2618 3851 0
3312 -2618 3851 0

2848 -2598 3851 0
3312 -2598 3851 0

2848 -2618 -2287 0
2848 -2598 -2287 0

2848 -2618 3851 0
2848 -2598 3851 0

2848 -2618 -2287 0
2848 -2618 3851 0

2848 -2598 -2287 0
2848 -2598 3851 0

3312 -2618 3851 0
3312 -2598 3851 0

3312 -2618 -2287 0
3312 -2598 -2287 0

3312 -2618 3851 0
3312 -2618 -2287 0

3312 -2598 3851 0
3312 -2598 -2287 0

3312 -2618 -2287 0
2848 -2618 -2287 0

3312 -2618 3851 0
2848 -2618 3851 0

3312 -2618 -2287 0
3312 -2618 3851 0

2848 -2618 -2287 0
2848 -2618 3851 0

3312 -2598 3851 0
2848 -2598 3851 0

3312 -2598 -2287 0
2848 -2598 -2287 0

3312 -2598 3851 0
3312 -2598 -2287 0

2848 -2598 3851 0
2848 -2598 -2287 0

2856 -2700.5 -2287 0
2856 -2608 -2287 0

2856 -2608 -2287 0
2856 -2561.75 -2287 0
2856 -2515.5 -2287 0

2856 -2515.5 -2287 0

2836 -2700.5 -2287 0
2836 -2515.5 -2287 0

2856 -2700.5 -2287 0
2836 -2700.5 -2287 0

2856 -2515.5 -2287 0
2836 -2515.5 -2287 0

2836 -2700.5 3851 0
2836 -2515.5 3851 0

2856 -2700.5 3851 0
2856 -2515.5 3851 0

2836 -2700.5 3851 0
2856 -2700.5 3851 0

2836 -2515.5 3851 0
2856 -2515.5 3851 0

2836 -2700.5 -2287 0
2836 -2515.5 -2287 0

2836 -2700.5 3851 0
2836 -2515.5 3851 0

2836 -2700.5 -2287 0
2836 -2700.5 3851 0

2836 -2515.5 -2287 0
2836 -2515.5 3851 0

2856 -2700.5 3851 0
2856 -2515.5 3851 0

2856 -2700.5 -2287 0
2856 -2515.5 -2287 0

2856 -2700.5 3851 0
2856 -2700.5 -2287 0

2856 -2515.5 3851 0
2856 -2515.5 -2287 0

2856 -2700.5 -2287 0
2836 -2700.5 -2287 0

2856 -2700.5 3851 0
2836 -2700.5 3851 0

2856 -2700.5 -2287 0
2856 -2700.5 3851 0

2836 -2700.5 -2287 0
2836 -2700.5 3851 0

2856 -2515.5 3851 0
2836 -2515.5 3851 0

2856 -2515.5 -2287 0
2836 -2515.5 -2287 0

2856 -2515.5 3851 0
2856 -2515.5 -2287 0

2836 -2515.5 3851 0
2836 -2515.5 -2287 0

3324 -2700.5 -2287 0
3324 -2608 -2287 0

3324 -2608 -2287 0
3324 -2561.75 -2287 0
3324 -2515.5 -2287 0

3324 -2515.5 -2287 0

3304 -2700.5 -2287 0
3304 -2515.5 -2287 0

3324 -2700.5 -2287 0
3304 -2700.5 -2287 0

3324 -2515.5 -2287 0
3304 -2515.5 -2287 0

3304 -2700.5 3851 0
3304 -2515.5 3851 0

3324 -2700.5 3851 0
3324 -2515.5 3851 0

3304 -2700.5 3851 0
3324 -2700.5 3851 0

3304 -2515.5 3851 0
3324 -2515.5 3851 0

3304 -2700.5 -2287 0
3304 -2515.5 -2287 0

3304 -2700.5 3851 0
3304 -2515.5 3851 0

3304 -2700.5 -2287 0
3304 -2700.5 3851 0

3304 -2515.5 -2287 0
3304 -2515.5 3851 0

3324 -2700.5 3851 0
3324 -2515.5 3851 0

3324 -2700.5 -2287 0
3324 -2515.5 -2287 0

3324 -2700.5 3851 0
3324 -2700.5 -2287 0

3324 -2515.5 3851 0
3324 -2515.5 -2287 0

3324 -2700.5 -2287 0
3304 -2700.5 -2287 0

3324 -2700.5 3851 0
3304 -2700.5 3851 0

3324 -2700.5 -2287 0
3324 -2700.5 3851 0

3304 -2700.5 -2287 0
3304 -2700.5 3851 0

3324 -2515.5 3851 0
3304 -2515.5 3851 0

3324 -2515.5 -2287 0
3304 -2515.5 -2287 0

3324 -2515.5 3851 0
3324 -2515.5 -2287 0

3304 -2515.5 3851 0
3304 -2515.5 -2287 0

3312 -10 -2287 0
3312 0 -2287 0

3312 0 -2287 0
3312 5 -2287 0
3312 10 -2287 0

3312 10 -2287 0

2848 -10 -2287 0
2848 10 -2287 0

3312 -10 -2287 0
2848 -10 -2287 0

3312 10 -2287 0
2848 10 -2287 0

2848 -10 3851 0
2848 10 3851 0

3312 -10 3851 0
3312 10 3851 0

2848 -10 3851 0
3312 -10 3851 0

2848 10 3851 0
3312 10 3851 0

2848 -10 -2287 0
2848 10 -2287 0

2848 -10 3851 0
2848 10 3851 0

2848 -10 -2287 0
2848 -10 3851 0

2848 10 -2287 0
2848 10 3851 0

3312 -10 3851 0
3312 10 3851 0

3312 -10 -2287 0
3312 10 -2287 0

3312 -10 3851 0
3312 -10 -2287 0

3312 10 3851 0
3312 10 -2287 0

3312 -10 -2287 0
2848 -10 -2287 0

3312 -10 3851 0
2848 -10 3851 0

3312 -10 -2287 0
3312 -10 3851 0

2848 -10 -2287 0
2848 -10 3851 0

3312 10 3851 0
2848 10 3851 0

3312 10 -2287 0
2848 10 -2287 0

3312 10 3851 0
3312 10 -2287 0

2848 10 3851 0
2848 10 -2287 0

2856 -92.5 -2287 0
2856 0 -2287 0

2856 0 -2287 0
2856 46.25 -2287 0
2856 92.5 -2287 0

2856 92.5 -2287 0

2836 -92.5 -2287 0
2836 92.5 -2287 0

2856 -92.5 -2287 0
2836 -92.5 -2287 0

2856 92.5 -2287 0
2836 92.5 -2287 0

2836 -92.5 3851 0
2836 92.5 3851 0

2856 -92.5 3851 0
2856 92.5 3851 0

2836 -92.5 3851 0
2856 -92.5 3851 0

2836 92.5 3851 0
2856 92.5 3851 0

2836 -92.5 -2287 0
2836 92.5 -2287 0

2836 -92.5 3851 0
2836 92.5 3851 0

2836 -92.5 -2287 0
2836 -92.5 3851 0

2836 92.5 -2287 0
2836 92.5 3851 0

2856 -92.5 3851 0
2856 92.5 3851 0

2856 -92.5 -2287 0
2856 92.5 -2287 0

2856 -92.5 3851 0
2856 -92.5 -2287 0

2856 92.5 3851 0
2856 92.5 -2287 0

2856 -92.5 -2287 0
2836 -92.5 -2287 0

2856 -92.5 3851 0
2836 -92.5 3851 0

2856 -92.5 -2287 0
2856 -92.5 3851 0

2836 -92.5 -2287 0
2836 -92.5 3851 0

2856 92.5 3851 0
2836 92.5 3851 0

2856 92.5 -2287 0
2836 92.5 -2287 0

2856 92.5 3851 0
2856 92.5 -2287 0

2836 92.5 3851 0
2836 92.5 -2287 0

3324 -92.5 -2287 0
3324 0 -2287 0

3324 0 -2287 0
3324 46.25 -2287 0
3324 92.5 -2287 0

3324 92.5 -2287 0

3304 -92.5 -2287 0
3304 92.5 -2287 0

3324 -92.5 -2287 0
3304 -92.5 -2287 0

3324 92.5 -2287 0
3304 92.5 -2287 0

3304 -92.5 3851 0
3304 92.5 3851 0

3324 -92.5 3851 0
3324 92.5 3851 0

3304 -92.5 3851 0
3324 -92.5 3851 0

3304 92.5 3851 0
3324 92.5 3851 0

3304 -92.5 -2287 0
3304 92.5 -2287 0

3304 -92.5 3851 0
3304 92.5 3851 0

3304 -92.5 -2287 0
3304 -92.5 3851 0

3304 92.5 -2287 0
3304 92.5 3851 0

3324 -92.5 3851 0
3324 92.5 3851 0

3324 -92.5 -2287 0
3324 92.5 -2287 0

3324 -92.5 3851 0
3324 -92.5 -2287 0

3324 92.5 3851 0
3324 92.5 -2287 0

3324 -92.5 -2287 0
3304 -92.5 -2287 0

3324 -92.5 3851 0
3304 -92.5 3851 0

3324 -92.5 -2287 0
3324 -92.5 3851 0

3304 -92.5 -2287 0
3304 -92.5 3851 0

3324 92.5 3851 0
3304 92.5 3851 0

3324 92.5 -2287 0
3304 92.5 -2287 0

3324 92.5 3851 0
3324 92.5 -2287 0

3304 92.5 3851 0
3304 92.5 -2287 0

3312 2598 -2287 0
3312 2608 -2287 0

3312 2608 -2287 0
3312 2613 -2287 0
3312 2618 -2287 0

3312 2618 -2287 0

2848 2598 -2287 0
2848 2618 -2287 0

3312 2598 -2287 0
2848 2598 -2287 0

3312 2618 -2287 0
2848 2618 -2287 0

2848 2598 3851 0
2848 2618 3851 0

3312 2598 3851 0
3312 2618 3851 0

2848 2598 3851 0
3312 2598 3851 0

2848 2618 3851 0
3312 2618 3851 0

2848 2598 -2287 0
2848 2618 -2287 0

2848 2598 3851 0
2848 2618 3851 0

2848 2598 -2287 0
2848 2598 3851 0

2848 2618 -2287 0
2848 2618 3851 0

3312 2598 3851 0
3312 2618 3851 0

3312 2598 -2287 0
3312 2618 -2287 0

3312 2598 3851 0
3312 2598 -2287 0

3312 2618 3851 0
3312 2618 -2287 0

3312 2598 -2287 0
2848 2598 -2287 0

3312 2598 3851 0
2848 2598 3851 0

3312 2598 -2287 0
3312 2598 3851 0

2848 2598 -2287 0
2848 2598 3851 0

3312 2618 3851 0
2848 2618 3851 0

3312 2618 -2287 0
2848 2618 -2287 0

3312 2618 3851 0
3312 2618 -2287 0

2848 2618 3851 0
2848 2618 -2287 0

2856 2515.5 -2287 0
2856 2608 -2287 0

2856 2608 -2287 0
2856 2654.25 -2287 0
2856 2700.5 -2287 0

2856 2700.5 -2287 0

2836 2515.5 -2287 0
2836 2700.5 -2287 0

2856 2515.5 -2287 0
2836 2515.5 -2287 0

2856 2700.5 -2287 0
2836 2700.5 -2287 0

2836 2515.5 3851 0
2836 2700.5 3851 0

2856 2515.5 3851 0
2856 2700.5 3851 0

2836 2515.5 3851 0
2856 2515.5 3851 0

2836 2700.5 3851 0
2856 2700.5 3851 0

2836 2515.5 -2287 0
2836 2700.5 -2287 0

2836 2515.5 3851 0
2836 2700.5 3851 0

2836 2515.5 -2287 0
2836 2515.5 3851 0

2836 2700.5 -2287 0
2836 2700.5 3851 0

2856 2515.5 3851 0
2856 2700.5 3851 0

2856 2515.5 -2287 0
2856 2700.5 -2287 0

2856 2515.5 3851 0
2856 2515.5 -2287 0

2856 2700.5 3851 0
2856 2700.5 -2287 0

2856 2515.5 -2287 0
2836 2515.5 -2287 0

2856 2515.5 3851 0
2836 2515.5 3851 0

2856 2515.5 -2287 0
2856 2515.5 3851 0

2836 2515.5 -2287 0
2836 2515.5 3851 0

2856 2700.5 3851 0
2836 2700.5 3851 0

2856 2700.5 -2287 0
2836 2700.5 -2287 0

2856 2700.5 3851 0
2856 2700.5 -2287 0

2836 2700.5 3851 0
2836 2700.5 -2287 0

3324 2515.5 -2287 0
3324 2608 -2287 0

3324 2608 -2287 0
3324 2654.25 -2287 0
3324 2700.5 -2287 0

3324 2700.5 -2287 0

3304 2515.5 -2287 0
3304 2700.5 -2287 0

3324 2515.5 -2287 0
3304 2515.5 -2287 0

3324 2700.5 -2287 0
3304 2700.5 -2287 0

3304 2515.5 3851 0
3304 2700.5 3851 0

3324 2515.5 3851 0
3324 2700.5 3851 0

3304 2515.5 3851 0
3324 2515.5 3851 0

3304 2700.5 3851 0
3324 2700.5 3851 0

3304 2515.5 -2287 0
3304 2700.5 -2287 0

3304 2515.5 3851 0
3304 2700.5 3851 0

3304 2515.5 -2287 0
3304 2515.5 3851 0

3304 2700.5 -2287 0
3304 2700.5 3851 0

3324 2515.5 3851 0
3324 2700.5 3851 0

3324 2515.5 -2287 0
3324 2700.5 -2287 0

3324 2515.5 3851 0
3324 2515.5 -2287 0

3324 2700.5 3851 0
3324 2700.5 -2287 0

3324 2515.5 -2287 0
3304 2515.5 -2287 0

3324 2515.5 3851 0
3304 2515.5 3851 0

3324 2515.5 -2287 0
3324 2515.5 3851 0

3304 2515.5 -2287 0
3304 2515.5 3851 0

3324 2700.5 3851 0
3304 2700.5 3851 0

3324 2700.5 -2287 0
3304 2700.5 -2287 0

3324 2700.5 3851 0
3324 2700.5 -2287 0

3304 2700.5 3851 0
3304 2700.5 -2287 0

-2799 -4500 -2218 0
-2799 0 -2218 0

-2799 0 -2218 0
-2799 2250 -2218 0
-2799 4500 -2218 0

-2799 4500 -2218 0

-3299 -4500 -2218 0
-3299 4500 -2218 0

-2799 -4500 -2218 0
-3299 -4500 -2218 0

-2799 4500 -2218 0
-3299 4500 -2218 0

-3299 -4500 3782 0
-3299 4500 3782 0

-2799 -4500 3782 0
-2799 4500 3782 0

-3299 -4500 3782 0
-2799 -4500 3782 0

-3299 4500 3782 0
-2799 4500 3782 0

-3299 -4500 -2218 0
-3299 4500 -2218 0

-3299 -4500 3782 0
-3299 4500 3782 0

-3299 -4500 -2218 0
-3299 -4500 3782 0

-3299 4500 -2218 0
-3299 4500 3782 0

-2799 -4500 3782 0
-2799 4500 3782 0

-2799 -4500 -2218 0
-2799 4500 -2218 0

-2799 -4500 3782 0
-2799 -4500 -2218 0

-2799 4500 3782 0
-2799 4500 -2218 0

-2799 -4500 -2218 0
-3299 -4500 -2218 0

-2799 -4500 3782 0
-3299 -4500 3782 0

-2799 -4500 -2218 0
-2799 -4500 3782 0

-3299 -4500 -2218 0
-3299 -4500 3782 0

-2799 4500 3782 0
-3299 4500 3782 0

-2799 4500 -2218 0
-3299 4500 -2218 0

-2799 4500 3782 0
-2799 4500 -2218 0

-3299 4500 3782 0
-3299 4500 -2218 0

2130 -2618 3766 0
2130 -2608 3766 0

2130 -2608 3766 0
2130 -2603 3766 0
2130 -2598 3766 0

2130 -2598 3766 0

2630 -2618 3766 0
2630 -2598 3766 0

2130 -2618 3766 0
2630 -2618 3766 0

2130 -2598 3766 0
2630 -2598 3766 0

2630 -2618 3298 0
2630 -2598 3298 0

2130 -2618 3298 0
2130 -2598 3298 0

2630 -2618 3298 0
2130 -2618 3298 0

2630 -2598 3298 0
2130 -2598 3298 0

2630 -2618 3766 0
2630 -2598 3766 0

2630 -2618 3298 0
2630 -2598 3298 0

2630 -2618 3766 0
2630 -2618 3298 0

2630 -2598 3766 0
2630 -2598 3298 0

2130 -2618 3298 0
2130 -2598 3298 0

2130 -2618 3766 0
2130 -2598 3766 0

2130 -2618 3298 0
2130 -2618 3766 0

2130 -2598 3298 0
2130 -2598 3766 0

2130 -2618 3766 0
2630 -2618 3766 0

2130 -2618 3298 0
2630 -2618 3298 0

2130 -2618 3766 0
2130 -2618 3298 0

2630 -2618 3766 0
2630 -2618 3298 0

2130 -2598 3298 0
2630 -2598 3298 0

2130 -2598 3766 0
2630 -2598 3766 0

2130 -2598 3298 0
2130 -2598 3766 0

2630 -2598 3298 0
2630 -2598 3766 0

2130 -2700.5 3776 0
2130 -2608 3776 0

2130 -2608 3776 0
2130 -2561.75 3776 0
2130 -2515.5 3776 0

2130 -2515.5 3776 0

2630 -2700.5 3776 0
2630 -2515.5 3776 0

2130 -2700.5 3776 0
2630 -2700.5 3776 0

2130 -2515.5 3776 0
2630 -2515.5 3776 0

2630 -2700.5 3756 0
2630 -2515.5 3756 0

2130 -2700.5 3756 0
2130 -2515.5 3756 0

2630 -2700.5 3756 0
2130 -2700.5 3756 0

2630 -2515.5 3756 0
2130 -2515.5 3756 0

2630 -2700.5 3776 0
2630 -2515.5 3776 0

2630 -2700.5 3756 0
2630 -2515.5 3756 0

2630 -2700.5 3776 0
2630 -2700.5 3756 0

2630 -2515.5 3776 0
2630 -2515.5 3756 0

2130 -2700.5 3756 0
2130 -2515.5 3756 0

2130 -2700.5 3776 0
2130 -2515.5 3776 0

2130 -2700.5 3756 0
2130 -2700.5 3776 0

2130 -2515.5 3756 0
2130 -2515.5 3776 0

2130 -2700.5 3776 0
2630 -2700.5 3776 0

2130 -2700.5 3756 0
2630 -2700.5 3756 0

2130 -2700.5 3776 0
2130 -2700.5 3756 0

2630 -2700.5 3776 0
2630 -2700.5 3756 0

2130 -2515.5 3756 0
2630 -2515.5 3756 0

2130 -2515.5 3776 0
2630 -2515.5 3776 0

2130 -2515.5 3756 0
2130 -2515.5 3776 0

2630 -2515.5 3756 0
2630 -2515.5 3776 0

2130 -2700.5 3308 0
2130 -2608 3308 0

2130 -2608 3308 0
2130 -2561.75 3308 0
2130 -2515.5 3308 0

2130 -2515.5 3308 0

2630 -2700.5 3308 0
2630 -2515.5 3308 0

2130 -2700.5 3308 0
2630 -2700.5 3308 0

2130 -2515.5 3308 0
2630 -2515.5 3308 0

2630 -2700.5 3288 0
2630 -2515.5 3288 0

2130 -2700.5 3288 0
2130 -2515.5 3288 0

2630 -2700.5 3288 0
2130 -2700.5 3288 0

2630 -2515.5 3288 0
2130 -2515.5 3288 0

2630 -2700.5 3308 0
2630 -2515.5 3308 0

2630 -2700.5 3288 0
2630 -2515.5 3288 0

2630 -2700.5 3308 0
2630 -2700.5 3288 0

2630 -2515.5 3308 0
2630 -2515.5 3288 0

2130 -2700.5 3288 0
2130 -2515.5 3288 0

2130 -2700.5 3308 0
2130 -2515.5 3308 0

2130 -2700.5 3288 0
2130 -2700.5 3308 0

2130 -2515.5 3288 0
2130 -2515.5 3308 0

2130 -2700.5 3308 0
2630 -2700.5 3308 0

2130 -2700.5 3288 0
2630 -2700.5 3288 0

2130 -2700.5 3308 0
2130 -2700.5 3288 0

2630 -2700.5 3308 0
2630 -2700.5 3288 0

2130 -2515.5 3288 0
2630 -2515.5 3288 0

2130 -2515.5 3308 0
2630 -2515.5 3308 0

2130 -2515.5 3288 0
2130 -2515.5 3308 0

2630 -2515.5 3288 0
2630 -2515.5 3308 0

2130 -10 3766 0
2130 0 3766 0

2130 0 3766 0
2130 5 3766 0
2130 10 3766 0

2130 10 3766 0

2630 -10 3766 0
2630 10 3766 0

2130 -10 3766 0
2630 -10 3766 0

2130 10 3766 0
2630 10 3766 0

2630 -10 3298 0
2630 10 3298 0

2130 -10 3298 0
2130 10 3298 0

2630 -10 3298 0
2130 -10 3298 0

2630 10 3298 0
2130 10 3298 0

2630 -10 3766 0
2630 10 3766 0

2630 -10 3298 0
2630 10 3298 0

2630 -10 3766 0
2630 -10 3298 0

2630 10 3766 0
2630 10 3298 0

2130 -10 3298 0
2130 10 3298 0

2130 -10 3766 0
2130 10 3766 0

2130 -10 3298 0
2130 -10 3766 0

2130 10 3298 0
2130 10 3766 0

2130 -10 3766 0
2630 -10 3766 0

2130 -10 3298 0
2630 -10 3298 0

2130 -10 3766 0
2130 -10 3298 0

2630 -10 3766 0
2630 -10 3298 0

2130 10 3298 0
2630 10 3298 0

2130 10 3766 0
2630 10 3766 0

2130 10 3298 0
2130 10 3766 0

2630 10 3298 0
2630 10 3766 0

2130 -92.5 3776 0
2130 0 3776 0

2130 0 3776 0
2130 46.25 3776 0
2130 92.5 3776 0

2130 92.5 3776 0

2630 -92.5 3776 0
2630 92.5 3776 0

2130 -92.5 3776 0
2630 -92.5 3776 0

2130 92.5 3776 0
2630 92.5 3776 0

2630 -92.5 3756 0
2630 92.5 3756 0

2130 -92.5 3756 0
2130 92.5 3756 0

2630 -92.5 3756 0
2130 -92.5 3756 0

2630 92.5 3756 0
2130 92.5 3756 0

2630 -92.5 3776 0
2630 92.5 3776 0

2630 -92.5 3756 0
2630 92.5 3756 0

2630 -92.5 3776 0
2630 -92.5 3756 0

2630 92.5 3776 0
2630 92.5 3756 0

2130 -92.5 3756 0
2130 92.5 3756 0

2130 -92.5 3776 0
2130 92.5 3776 0

2130 -92.5 3756 0
2130 -92.5 3776 0

2130 92.5 3756 0
2130 92.5 3776 0

2130 -92.5 3776 0
2630 -92.5 3776 0

2130 -92.5 3756 0
2630 -92.5 3756 0

2130 -92.5 3776 0
2130 -92.5 3756 0

2630 -92.5 3776 0
2630 -92.5 3756 0

2130 92.5 3756 0
2630 92.5 3756 0

2130 92.5 3776 0
2630 92.5 3776 0

2130 92.5 3756 0
2130 92.5 3776 0

2630 92.5 3756 0
2630 92.5 3776 0

2130 -92.5 3308 0
2130 0 3308 0

2130 0 3308 0
2130 46.25 3308 0
2130 92.5 3308 0

2130 92.5 3308 0

2630 -92.5 3308 0
2630 92.5 3308 0

2130 -92.5 3308 0
2630 -92.5 3308 0

2130 92.5 3308 0
2630 92.5 3308 0

2630 -92.5 3288 0
2630 92.5 3288 0

2130 -92.5 3288 0
2130 92.5 3288 0

2630 -92.5 3288 0
2130 -92.5 3288 0

2630 92.5 3288 0
2130 92.5 3288 0

2630 -92.5 3308 0
2630 92.5 3308 0

2630 -92.5 3288 0
2630 92.5 3288 0

2630 -92.5 3308 0
2630 -92.5 3288 0

2630 92.5 3308 0
2630 92.5 3288 0

2130 -92.5 3288 0
2130 92.5 3288 0

2130 -92.5 3308 0
2130 92.5 3308 0

2130 -92.5 3288 0
2130 -92.5 3308 0

2130 92.5 3288 0
2130 92.5 3308 0

2130 -92.5 3308 0
2630 -92.5 3308 0

2130 -92.5 3288 0
2630 -92.5 3288 0

2130 -92.5 3308 0
2130 -92.5 3288 0

2630 -92.5 3308 0
2630 -92.5 3288 0

2130 92.5 3288 0
2630 92.5 3288 0

2130 92.5 3308 0
2630 92.5 3308 0

2130 92.5 3288 0
2130 92.5 3308 0

2630 92.5 3288 0
2630 92.5 3308 0

2130 2598 3766 0
2130 2608 3766 0

2130 2608 3766 0
2130 2613 3766 0
2130 2618 3766 0

2130 2618 3766 0

2630 2598 3766 0
2630 2618 3766 0

2130 2598 3766 0
2630 2598 3766 0

2130 2618 3766 0
2630 2618 3766 0

2630 2598 3298 0
2630 2618 3298 0

2130 2598 3298 0
2130 2618 3298 0

2630 2598 3298 0
2130 2598 3298 0

2630 2618 3298 0
2130 2618 3298 0

2630 2598 3766 0
2630 2618 3766 0

2630 2598 3298 0
2630 2618 3298 0

2630 2598 3766 0
2630 2598 3298 0

2630 2618 3766 0
2630 2618 3298 0

2130 2598 3298 0
2130 2618 3298 0

2130 2598 3766 0
2130 2618 3766 0

2130 2598 3298 0
2130 2598 3766 0

2130 2618 3298 0
2130 2618 3766 0

2130 2598 3766 0
2630 2598 3766 0

2130 2598 3298 0
2630 2598 3298 0

2130 2598 3766 0
2130 2598 3298 0

2630 2598 3766 0
2630 2598 3298 0

2130 2618 3298 0
2630 2618 3298 0

2130 2618 3766 0
2630 2618 3766 0

2130 2618 3298 0
2130 2618 3766 0

2630 2618 3298 0
2630 2618 3766 0

2130 2515.5 3776 0
2130 2608 3776 0

2130 2608 3776 0
2130 2654.25 3776 0
2130 2700.5 3776 0

2130 2700.5 3776 0

2630 2515.5 3776 0
2630 2700.5 3776 0

2130 2515.5 3776 0
2630 2515.5 3776 0

2130 2700.5 3776 0
2630 2700.5 3776 0

2630 2515.5 3756 0
2630 2700.5 3756 0

2130 2515.5 3756 0
2130 2700.5 3756 0

2630 2515.5 3756 0
2130 2515.5 3756 0

2630 2700.5 3756 0
2130 2700.5 3756 0

2630 2515.5 3776 0
2630 2700.5 3776 0

2630 2515.5 3756 0
2630 2700.5 3756 0

2630 2515.5 3776 0
2630 2515.5 3756 0

2630 2700.5 3776 0
2630 2700.5 3756 0

2130 2515.5 3756 0
2130 2700.5 3756 0

2130 2515.5 3776 0
2130 2700.5 3776 0

2130 2515.5 3756 0
2130 2515.5 3776 0

2130 2700.5 3756 0
2130 2700.5 3776 0

2130 2515.5 3776 0
2630 2515.5 3776 0

2130 2515.5 3756 0
2630 2515.5 3756 0

2130 2515.5 3776 0
2130 2515.5 3756 0

2630 2515.5 3776 0
2630 2515.5 3756 0

2130 2700.5 3756 0
2630 2700.5 3756 0

2130 2700.5 3776 0
2630 2700.5 3776 0

2130 2700.5 3756 0
2130 2700.5 3776 0

2630 2700.5 3756 0
2630 2700.5 3776 0

2130 2515.5 3308 0
2130 2608 3308 0

2130 2608 3308 0
2130 2654.25 3308 0
2130 2700.5 3308 0

2130 2700.5 3308 0

2630 2515.5 3308 0
2630 2700.5 3308 0

2130 2515.5 3308 0
2630 2515.5 3308 0

2130 2700.5 3308 0
2630 2700.5 3308 0

2630 2515.5 3288 0
2630 2700.5 3288 0

2130 2515.5 3288 0
2130 2700.5 3288 0

2630 2515.5 3288 0
2130 2515.5 3288 0

2630 2700.5 3288 0
2130 2700.5 3288 0

2630 2515.5 3308 0
2630 2700.5 3308 0

2630 2515.5 3288 0
2630 2700.5 3288 0

2630 2515.5 3308 0
2630 2515.5 3288 0

2630 2700.5 3308 0
2630 2700.5 3288 0

2130 2515.5 3288 0
2130 2700.5 3288 0

2130 2515.5 3308 0
2130 2700.5 3308 0

2130 2515.5 3288 0
2130 2515.5 3308 0

2130 2700.5 3288 0
2130 2700.5 3308 0

2130 2515.5 3308 0
2630 2515.5 3308 0

2130 2515.5 3288 0
2630 2515.5 3288 0

2130 2515.5 3308 0
2130 2515.5 3288 0

2630 2515.5 3308 0
2630 2515.5 3288 0

2130 2700.5 3288 0
2630 2700.5 3288 0

2130 2700.5 3308 0
2630 2700.5 3308 0

2130 2700.5 3288 0
2130 2700.5 3308 0

2630 2700.5 3288 0
2630 2700.5 3308 0

2630 3999 -2218 0
2630 4249 -2218 0

2630 4249 -2218 0
2630 4374 -2218 0
2630 4499 -2218 0

2630 4499 -2218 0

2130 3999 -2218 0
2130 4499 -2218 0

2630 3999 -2218 0
2130 3999 -2218 0

2630 4499 -2218 0
2130 4499 -2218 0

2130 3999 3782 0
2130 4499 3782 0

2630 3999 3782 0
2630 4499 3782 0

2130 3999 3782 0
2630 3999 3782 0

2130 4499 3782 0
2630 4499 3782 0

2130 3999 -2218 0
2130 4499 -2218 0

2130 3999 3782 0
2130 4499 3782 0

2130 3999 -2218 0
2130 3999 3782 0

2130 4499 -2218 0
2130 4499 3782 0

2630 3999 3782 0
2630 4499 3782 0

2630 3999 -2218 0
2630 4499 -2218 0

2630 3999 3782 0
2630 3999 -2218 0

2630 4499 3782 0
2630 4499 -2218 0

2630 3999 -2218 0
2130 3999 -2218 0

2630 3999 3782 0
2130 3999 3782 0

2630 3999 -2218 0
2630 3999 3782 0

2130 3999 -2218 0
2130 3999 3782 0

2630 4499 3782 0
2130 4499 3782 0

2630 4499 -2218 0
2130 4499 -2218 0

2630 4499 3782 0
2630 4499 -2218 0

2130 4499 3782 0
2130 4499 -2218 0

2130 -500 3032 0
2130 -250 3032 0

2130 -250 3032 0
2130 -125 3032 0
2130 0 3032 0

2130 0 3032 0

2630 -500 3032 0
2630 0 3032 0

2130 -500 3032 0
2630 -500 3032 0

2130 0 3032 0
2630 0 3032 0

2630 -500 -2218 0
2630 0 -2218 0

2130 -500 -2218 0
2130 0 -2218 0

2630 -500 -2218 0
2130 -500 -2218 0

2630 0 -2218 0
2130 0 -2218 0

2630 -500 3032 0
2630 0 3032 0

2630 -500 -2218 0
2630 0 -2218 0

2630 -500 3032 0
2630 -500 -2218 0

2630 0 3032 0
2630 0 -2218 0

2130 -500 -2218 0
2130 0 -2218 0

2130 -500 3032 0
2130 0 3032 0

2130 -500 -2218 0
2130 -500 3032 0

2130 0 -2218 0
2130 0 3032 0

2130 -500 3032 0
2630 -500 3032 0

2130 -500 -2218 0
2630 -500 -2218 0

2130 -500 3032 0
2130 -500 -2218 0

2630 -500 3032 0
2630 -500 -2218 0

2130 0 -2218 0
2630 0 -2218 0

2130 0 3032 0
2630 0 3032 0

2130 0 -2218 0
2130 0 3032 0

2630 0 -2218 0
2630 0 3032 0

2130 -1000 3782 0
2130 -750 3782 0

2130 -750 3782 0
2130 -625 3782 0
2130 -500 3782 0

2130 -500 3782 0

2630 -1000 3782 0
2630 -500 3782 0

2130 -1000 3782 0
2630 -1000 3782 0

2130 -500 3782 0
2630 -500 3782 0

2630 -1000 -2218 0
2630 -500 -2218 0

2130 -1000 -2218 0
2130 -500 -2218 0

2630 -1000 -2218 0
2130 -1000 -2218 0

2630 -500 -2218 0
2130 -500 -2218 0

2630 -1000 3782 0
2630 -500 3782 0

2630 -1000 -2218 0
2630 -500 -2218 0

2630 -1000 3782 0
2630 -1000 -2218 0

2630 -500 3782 0
2630 -500 -2218 0

2130 -1000 -2218 0
2130 -500 -2218 0

2130 -1000 3782 0
2130 -500 3782 0

2130 -1000 -2218 0
2130 -1000 3782 0

2130 -500 -2218 0
2130 -500 3782 0

2130 -1000 3782 0
2630 -1000 3782 0

2130 -1000 -2218 0
2630 -1000 -2218 0

2130 -1000 3782 0
2130 -1000 -2218 0

2630 -1000 3782 0
2630 -1000 -2218 0

2130 -500 -2218 0
2630 -500 -2218 0

2130 -500 3782 0
2630 -500 3782 0

2130 -500 -2218 0
2130 -500 3782 0

2630 -500 -2218 0
2630 -500 3782 0

2130 -1500 3782 0
2130 -1250 3782 0

2130 -1250 3782 0
2130 -1125 3782 0
2130 -1000 3782 0

2130 -1000 3782 0

2630 -1500 3782 0
2630 -1000 3782 0

2130 -1500 3782 0
2630 -1500 3782 0

2130 -1000 3782 0
2630 -1000 3782 0

2630 -1500 -2218 0
2630 -1000 -2218 0

2130 -1500 -2218 0
2130 -1000 -2218 0

2630 -1500 -2218 0
2130 -1500 -2218 0

2630 -1000 -2218 0
2130 -1000 -2218 0

2630 -1500 3782 0
2630 -1000 3782 0

2630 -1500 -2218 0
2630 -1000 -2218 0

2630 -1500 3782 0
2630 -1500 -2218 0

2630 -1000 3782 0
2630 -1000 -2218 0

2130 -1500 -2218 0
2130 -1000 -2218 0

2130 -1500 3782 0
2130 -1000 3782 0

2130 -1500 -2218 0
2130 -1500 3782 0

2130 -1000 -2218 0
2130 -1000 3782 0

2130 -1500 3782 0
2630 -1500 3782 0

2130 -1500 -2218 0
2630 -1500 -2218 0

2130 -1500 3782 0
2130 -1500 -2218 0

2630 -1500 3782 0
2630 -1500 -2218 0

2130 -1000 -2218 0
2630 -1000 -2218 0

2130 -1000 3782 0
2630 -1000 3782 0

2130 -1000 -2218 0
2130 -1000 3782 0

2630 -1000 -2218 0
2630 -1000 3782 0

2130 -2000 3782 0
2130 -1750 3782 0

2130 -1750 3782 0
2130 -1625 3782 0
2130 -1500 3782 0

2130 -1500 3782 0

2630 -2000 3782 0
2630 -1500 3782 0

2130 -2000 3782 0
2630 -2000 3782 0

2130 -1500 3782 0
2630 -1500 3782 0

2630 -2000 -2218 0
2630 -1500 -2218 0

2130 -2000 -2218 0
2130 -1500 -2218 0

2630 -2000 -2218 0
2130 -2000 -2218 0

2630 -1500 -2218 0
2130 -1500 -2218 0

2630 -2000 3782 0
2630 -1500 3782 0

2630 -2000 -2218 0
2630 -1500 -2218 0

2630 -2000 3782 0
2630 -2000 -2218 0

2630 -1500 3782 0
2630 -1500 -2218 0

2130 -2000 -2218 0
2130 -1500 -2218 0

2130 -2000 3782 0
2130 -1500 3782 0

2130 -2000 -2218 0
2130 -2000 3782 0

2130 -1500 -2218 0
2130 -1500 3782 0

2130 -2000 3782 0
2630 -2000 3782 0

2130 -2000 -2218 0
2630 -2000 -2218 0

2130 -2000 3782 0
2130 -2000 -2218 0

2630 -2000 3782 0
2630 -2000 -2218 0

2130 -1500 -2218 0
2630 -1500 -2218 0

2130 -1500 3782 0
2630 -1500 3782 0

2130 -1500 -2218 0
2130 -1500 3782 0

2630 -1500 -2218 0
2630 -1500 3782 0

2130 -2500 3032 0
2130 -2250 3032 0

2130 -2250 3032 0
2130 -2125 3032 0
2130 -2000 3032 0

2130 -2000 3032 0

2630 -2500 3032 0
2630 -2000 3032 0

2130 -2500 3032 0
2630 -2500 3032 0

2130 -2000 3032 0
2630 -2000 3032 0

2630 -2500 -2218 0
2630 -2000 -2218 0

2130 -2500 -2218 0
2130 -2000 -2218 0

2630 -2500 -2218 0
2130 -2500 -2218 0

2630 -2000 -2218 0
2130 -2000 -2218 0

2630 -2500 3032 0
2630 -2000 3032 0

2630 -2500 -2218 0
2630 -2000 -2218 0

2630 -2500 3032 0
2630 -2500 -2218 0

2630 -2000 3032 0
2630 -2000 -2218 0

2130 -2500 -2218 0
2130 -2000 -2218 0

2130 -2500 3032 0
2130 -2000 3032 0

2130 -2500 -2218 0
2130 -2500 3032 0

2130 -2000 -2218 0
2130 -2000 3032 0

2130 -2500 3032 0
2630 -2500 3032 0

2130 -2500 -2218 0
2630 -2500 -2218 0

2130 -2500 3032 0
2130 -2500 -2218 0

2630 -2500 3032 0
2630 -2500 -2218 0

2130 -2000 -2218 0
2630 -2000 -2218 0

2130 -2000 3032 0
2630 -2000 3032 0

2130 -2000 -2218 0
2130 -2000 3032 0

2630 -2000 -2218 0
2630 -2000 3032 0

2130 -3000 2282 0
2130 -2750 2282 0

2130 -2750 2282 0
2130 -2625 2282 0
2130 -2500 2282 0

2130 -2500 2282 0

2630 -3000 2282 0
2630 -2500 2282 0

2130 -3000 2282 0
2630 -3000 2282 0

2130 -2500 2282 0
2630 -2500 2282 0

2630 -3000 -2218 0
2630 -2500 -2218 0

2130 -3000 -2218 0
2130 -2500 -2218 0

2630 -3000 -2218 0
2130 -3000 -2218 0

2630 -2500 -2218 0
2130 -2500 -2218 0

2630 -3000 2282 0
2630 -2500 2282 0

2630 -3000 -2218 0
2630 -2500 -2218 0

2630 -3000 2282 0
2630 -3000 -2218 0

2630 -2500 2282 0
2630 -2500 -2218 0

2130 -3000 -2218 0
2130 -2500 -2218 0

2130 -3000 2282 0
2130 -2500 2282 0

2130 -3000 -2218 0
2130 -3000 2282 0

2130 -2500 -2218 0
2130 -2500 2282 0

2130 -3000 2282 0
2630 -3000 2282 0

2130 -3000 -2218 0
2630 -3000 -2218 0

2130 -3000 2282 0
2130 -3000 -2218 0

2630 -3000 2282 0
2630 -3000 -2218 0

2130 -2500 -2218 0
2630 -2500 -2218 0

2130 -2500 2282 0
2630 -2500 2282 0

2130 -2500 -2218 0
2130 -2500 2282 0

2630 -2500 -2218 0
2630 -2500 2282 0

2130 -3500 3782 0
2130 -3250 3782 0

2130 -3250 3782 0
2130 -3125 3782 0
2130 -3000 3782 0

2130 -3000 3782 0

2630 -3500 3782 0
2630 -3000 3782 0

2130 -3500 3782 0
2630 -3500 3782 0

2130 -3000 3782 0
2630 -3000 3782 0

2630 -3500 -2218 0
2630 -3000 -2218 0

2130 -3500 -2218 0
2130 -3000 -2218 0

2630 -3500 -2218 0
2130 -3500 -2218 0

2630 -3000 -2218 0
2130 -3000 -2218 0

2630 -3500 3782 0
2630 -3000 3782 0

2630 -3500 -2218 0
2630 -3000 -2218 0

2630 -3500 3782 0
2630 -3500 -2218 0

2630 -3000 3782 0
2630 -3000 -2218 0

2130 -3500 -2218 0
2130 -3000 -2218 0

2130 -3500 3782 0
2130 -3000 3782 0

2130 -3500 -2218 0
2130 -3500 3782 0

2130 -3000 -2218 0
2130 -3000 3782 0

2130 -3500 3782 0
2630 -3500 3782 0

2130 -3500 -2218 0
2630 -3500 -2218 0

2130 -3500 3782 0
2130 -3500 -2218 0

2630 -3500 3782 0
2630 -3500 -2218 0

2130 -3000 -2218 0
2630 -3000 -2218 0

2130 -3000 3782 0
2630 -3000 3782 0

2130 -3000 -2218 0
2130 -3000 3782 0

2630 -3000 -2218 0
2630 -3000 3782 0

2130 -4000 3782 0
2130 -3750 3782 0

2130 -3750 3782 0
2130 -3625 3782 0
2130 -3500 3782 0

2130 -3500 3782 0

2630 -4000 3782 0
2630 -3500 3782 0

2130 -4000 3782 0
2630 -4000 3782 0

2130 -3500 3782 0
2630 -3500 3782 0

2630 -4000 -2218 0
2630 -3500 -2218 0

2130 -4000 -2218 0
2130 -3500 -2218 0

2630 -4000 -2218 0
2130 -4000 -2218 0

2630 -3500 -2218 0
2130 -3500 -2218 0

2630 -4000 3782 0
2630 -3500 3782 0

2630 -4000 -2218 0
2630 -3500 -2218 0

2630 -4000 3782 0
2630 -4000 -2218 0

2630 -3500 3782 0
2630 -3500 -2218 0

2130 -4000 -2218 0
2130 -3500 -2218 0

2130 -4000 3782 0
2130 -3500 3782 0

2130 -4000 -2218 0
2130 -4000 3782 0

2130 -3500 -2218 0
2130 -3500 3782 0

2130 -4000 3782 0
2630 -4000 3782 0

2130 -4000 -2218 0
2630 -4000 -2218 0

2130 -4000 3782 0
2130 -4000 -2218 0

2630 -4000 3782 0
2630 -4000 -2218 0

2130 -3500 -2218 0
2630 -3500 -2218 0

2130 -3500 3782 0
2630 -3500 3782 0

2130 -3500 -2218 0
2130 -3500 3782 0

2630 -3500 -2218 0
2630 -3500 3782 0

2130 -4500 3782 0
2130 -4250 3782 0

2130 -4250 3782 0
2130 -4125 3782 0
2130 -4000 3782 0

2130 -4000 3782 0

2630 -4500 3782 0
2630 -4000 3782 0

2130 -4500 3782 0
2630 -4500 3782 0

2130 -4000 3782 0
2630 -4000 3782 0

2630 -4500 -2218 0
2630 -4000 -2218 0

2130 -4500 -2218 0
2130 -4000 -2218 0

2630 -4500 -2218 0
2130 -4500 -2218 0

2630 -4000 -2218 0
2130 -4000 -2218 0

2630 -4500 3782 0
2630 -4000 3782 0

2630 -4500 -2218 0
2630 -4000 -2218 0

2630 -4500 3782 0
2630 -4500 -2218 0

2630 -4000 3782 0
2630 -4000 -2218 0

2130 -4500 -2218 0
2130 -4000 -2218 0

2130 -4500 3782 0
2130 -4000 3782 0

2130 -4500 -2218 0
2130 -4500 3782 0

2130 -4000 -2218 0
2130 -4000 3782 0

2130 -4500 3782 0
2630 -4500 3782 0

2130 -4500 -2218 0
2630 -4500 -2218 0

2130 -4500 3782 0
2130 -4500 -2218 0

2630 -4500 3782 0
2630 -4500 -2218 0

2130 -4000 -2218 0
2630 -4000 -2218 0

2130 -4000 3782 0
2630 -4000 3782 0

2130 -4000 -2218 0
2130 -4000 3782 0

2630 -4000 -2218 0
2630 -4000 3782 0

2130 3500 3782 0
2130 3750 3782 0

2130 3750 3782 0
2130 3875 3782 0
2130 4000 3782 0

2130 4000 3782 0

2630 3500 3782 0
2630 4000 3782 0

2130 3500 3782 0
2630 3500 3782 0

2130 4000 3782 0
2630 4000 3782 0

2630 3500 -2218 0
2630 4000 -2218 0

2130 3500 -2218 0
2130 4000 -2218 0

2630 3500 -2218 0
2130 3500 -2218 0

2630 4000 -2218 0
2130 4000 -2218 0

2630 3500 3782 0
2630 4000 3782 0

2630 3500 -2218 0
2630 4000 -2218 0

2630 3500 3782 0
2630 3500 -2218 0

2630 4000 3782 0
2630 4000 -2218 0

2130 3500 -2218 0
2130 4000 -2218 0

2130 3500 3782 0
2130 4000 3782 0

2130 3500 -2218 0
2130 3500 3782 0

2130 4000 -2218 0
2130 4000 3782 0

2130 3500 3782 0
2630 3500 3782 0

2130 3500 -2218 0
2630 3500 -2218 0

2130 3500 3782 0
2130 3500 -2218 0

2630 3500 3782 0
2630 3500 -2218 0

2130 4000 -2218 0
2630 4000 -2218 0

2130 4000 3782 0
2630 4000 3782 0

2130 4000 -2218 0
2130 4000 3782 0

2630 4000 -2218 0
2630 4000 3782 0

2130 3000 2282 0
2130 3250 2282 0

2130 3250 2282 0
2130 3375 2282 0
2130 3500 2282 0

2130 3500 2282 0

2630 3000 2282 0
2630 3500 2282 0

2130 3000 2282 0
2630 3000 2282 0

2130 3500 2282 0
2630 3500 2282 0

2630 3000 -2218 0
2630 3500 -2218 0

2130 3000 -2218 0
2130 3500 -2218 0

2630 3000 -2218 0
2130 3000 -2218 0

2630 3500 -2218 0
2130 3500 -2218 0

2630 3000 2282 0
2630 3500 2282 0

2630 3000 -2218 0
2630 3500 -2218 0

2630 3000 2282 0
2630 3000 -2218 0

2630 3500 2282 0
2630 3500 -2218 0

2130 3000 -2218 0
2130 3500 -2218 0

2130 3000 2282 0
2130 3500 2282 0

2130 3000 -2218 0
2130 3000 2282 0

2130 3500 -2218 0
2130 3500 2282 0

2130 3000 2282 0
2630 3000 2282 0

2130 3000 -2218 0
2630 3000 -2218 0

2130 3000 2282 0
2130 3000 -2218 0

2630 3000 2282 0
2630 3000 -2218 0

2130 3500 -2218 0
2630 3500 -2218 0

2130 3500 2282 0
2630 3500 2282 0

2130 3500 -2218 0
2130 3500 2282 0

2630 3500 -2218 0
2630 3500 2282 0

2130 2500 2282 0
2130 2750 2282 0

2130 2750 2282 0
2130 2875 2282 0
2130 3000 2282 0

2130 3000 2282 0

2630 2500 2282 0
2630 3000 2282 0

2130 2500 2282 0
2630 2500 2282 0

2130 3000 2282 0
2630 3000 2282 0

2630 2500 -2218 0
2630 3000 -2218 0

2130 2500 -2218 0
2130 3000 -2218 0

2630 2500 -2218 0
2130 2500 -2218 0

2630 3000 -2218 0
2130 3000 -2218 0

2630 2500 2282 0
2630 3000 2282 0

2630 2500 -2218 0
2630 3000 -2218 0

2630 2500 2282 0
2630 2500 -2218 0

2630 3000 2282 0
2630 3000 -2218 0

2130 2500 -2218 0
2130 3000 -2218 0

2130 2500 2282 0
2130 3000 2282 0

2130 2500 -2218 0
2130 2500 2282 0

2130 3000 -2218 0
2130 3000 2282 0

2130 2500 2282 0
2630 2500 2282 0

2130 2500 -2218 0
2630 2500 -2218 0

2130 2500 2282 0
2130 2500 -2218 0

2630 2500 2282 0
2630 2500 -2218 0

2130 3000 -2218 0
2630 3000 -2218 0

2130 3000 2282 0
2630 3000 2282 0

2130 3000 -2218 0
2130 3000 2282 0

2630 3000 -2218 0
2630 3000 2282 0

2130 2000 3782 0
2130 2250 3782 0

2130 2250 3782 0
2130 2375 3782 0
2130 2500 3782 0

2130 2500 3782 0

2630 2000 3782 0
2630 2500 3782 0

2130 2000 3782 0
2630 2000 3782 0

2130 2500 3782 0
2630 2500 3782 0

2630 2000 -2218 0
2630 2500 -2218 0

2130 2000 -2218 0
2130 2500 -2218 0

2630 2000 -2218 0
2130 2000 -2218 0

2630 2500 -2218 0
2130 2500 -2218 0

2630 2000 3782 0
2630 2500 3782 0

2630 2000 -2218 0
2630 2500 -2218 0

2630 2000 3782 0
2630 2000 -2218 0

2630 2500 3782 0
2630 2500 -2218 0

2130 2000 -2218 0
2130 2500 -2218 0

2130 2000 3782 0
2130 2500 3782 0

2130 2000 -2218 0
2130 2000 3782 0

2130 2500 -2218 0
2130 2500 3782 0

2130 2000 3782 0
2630 2000 3782 0

2130 2000 -2218 0
2630 2000 -2218 0

2130 2000 3782 0
2130 2000 -2218 0

2630 2000 3782 0
2630 2000 -2218 0

2130 2500 -2218 0
2630 2500 -2218 0

2130 2500 3782 0
2630 2500 3782 0

2130 2500 -2218 0
2130 2500 3782 0

2630 2500 -2218 0
2630 2500 3782 0

2130 1500 3782 0
2130 1750 3782 0

2130 1750 3782 0
2130 1875 3782 0
2130 2000 3782 0

2130 2000 3782 0

2630 1500 3782 0
2630 2000 3782 0

2130 1500 3782 0
2630 1500 3782 0

2130 2000 3782 0
2630 2000 3782 0

2630 1500 -2218 0
2630 2000 -2218 0

2130 1500 -2218 0
2130 2000 -2218 0

2630 1500 -2218 0
2130 1500 -2218 0

2630 2000 -2218 0
2130 2000 -2218 0

2630 1500 3782 0
2630 2000 3782 0

2630 1500 -2218 0
2630 2000 -2218 0

2630 1500 3782 0
2630 1500 -2218 0

2630 2000 3782 0
2630 2000 -2218 0

2130 1500 -2218 0
2130 2000 -2218 0

2130 1500 3782 0
2130 2000 3782 0

2130 1500 -2218 0
2130 1500 3782 0

2130 2000 -2218 0
2130 2000 3782 0

2130 1500 3782 0
2630 1500 3782 0

2130 1500 -2218 0
2630 1500 -2218 0

2130 1500 3782 0
2130 1500 -2218 0

2630 1500 3782 0
2630 1500 -2218 0

2130 2000 -2218 0
2630 2000 -2218 0

2130 2000 3782 0
2630 2000 3782 0

2130 2000 -2218 0
2130 2000 3782 0

2630 2000 -2218 0
2630 2000 3782 0

2130 1000 3782 0
2130 1250 3782 0

2130 1250 3782 0
2130 1375 3782 0
2130 1500 3782 0

2130 1500 3782 0

2630 1000 3782 0
2630 1500 3782 0

2130 1000 3782 0
2630 1000 3782 0

2130 1500 3782 0
2630 1500 3782 0

2630 1000 -2218 0
2630 1500 -2218 0

2130 1000 -2218 0
2130 1500 -2218 0

2630 1000 -2218 0
2130 1000 -2218 0

2630 1500 -2218 0
2130 1500 -2218 0

2630 1000 3782 0
2630 1500 3782 0

2630 1000 -2218 0
2630 1500 -2218 0

2630 1000 3782 0
2630 1000 -2218 0

2630 1500 3782 0
2630 1500 -2218 0

2130 1000 -2218 0
2130 1500 -2218 0

2130 1000 3782 0
2130 1500 3782 0

2130 1000 -2218 0
2130 1000 3782 0

2130 1500 -2218 0
2130 1500 3782 0

2130 1000 3782 0
2630 1000 3782 0

2130 1000 -2218 0
2630 1000 -2218 0

2130 1000 3782 0
2130 1000 -2218 0

2630 1000 3782 0
2630 1000 -2218 0

2130 1500 -2218 0
2630 1500 -2218 0

2130 1500 3782 0
2630 1500 3782 0

2130 1500 -2218 0
2130 1500 3782 0

2630 1500 -2218 0
2630 1500 3782 0

2130 500 3782 0
2130 750 3782 0

2130 750 3782 0
2130 875 3782 0
2130 1000 3782 0

2130 1000 3782 0

2630 500 3782 0
2630 1000 3782 0

2130 500 3782 0
2630 500 3782 0

2130 1000 3782 0
2630 1000 3782 0

2630 500 -2218 0
2630 1000 -2218 0

2130 500 -2218 0
2130 1000 -2218 0

2630 500 -2218 0
2130 500 -2218 0

2630 1000 -2218 0
2130 1000 -2218 0

2630 500 3782 0
2630 1000 3782 0

2630 500 -2218 0
2630 1000 -2218 0

2630 500 3782 0
2630 500 -2218 0

2630 1000 3782 0
2630 1000 -2218 0

2130 500 -2218 0
2130 1000 -2218 0

2130 500 3782 0
2130 1000 3782 0

2130 500 -2218 0
2130 500 3782 0

2130 1000 -2218 0
2130 1000 3782 0

2130 500 3782 0
2630 500 3782 0

2130 500 -2218 0
2630 500 -2218 0

2130 500 3782 0
2130 500 -2218 0

2630 500 3782 0
2630 500 -2218 0

2130 1000 -2218 0
2630 1000 -2218 0

2130 1000 3782 0
2630 1000 3782 0

2130 1000 -2218 0
2130 1000 3782 0

2630 1000 -2218 0
2630 1000 3782 0

2130 0 3032 0
2130 250 3032 0

2130 250 3032 0
2130 375 3032 0
2130 500 3032 0

2130 500 3032 0

2630 0 3032 0
2630 500 3032 0

2130 0 3032 0
2630 0 3032 0

2130 500 3032 0
2630 500 3032 0

2630 0 -2218 0
2630 500 -2218 0

2130 0 -2218 0
2130 500 -2218 0

2630 0 -2218 0
2130 0 -2218 0

2630 500 -2218 0
2130 500 -2218 0

2630 0 3032 0
2630 500 3032 0

2630 0 -2218 0
2630 500 -2218 0

2630 0 3032 0
2630 0 -2218 0

2630 500 3032 0
2630 500 -2218 0

2130 0 -2218 0
2130 500 -2218 0

2130 0 3032 0
2130 500 3032 0

2130 0 -2218 0
2130 0 3032 0

2130 500 -2218 0
2130 500 3032 0

2130 0 3032 0
2630 0 3032 0

2130 0 -2218 0
2630 0 -2218 0

2130 0 3032 0
2130 0 -2218 0

2630 0 3032 0
2630 0 -2218 0

2130 500 -2218 0
2630 500 -2218 0

2130 500 3032 0
2630 500 3032 0

2130 500 -2218 0
2130 500 3032 0

2630 500 -2218 0
2630 500 3032 0

1400 4425 -2287 0
1400 4515 -2287 0

1400 4515 -2287 0
1400 4560 -2287 0
1400 4605 -2287 0

1400 4605 -2287 0

-1400 4425 -2287 0
-1400 4605 -2287 0

1400 4425 -2287 0
-1400 4425 -2287 0

1400 4605 -2287 0
-1400 4605 -2287 0

-1400 4425 3851 0
-1400 4605 3851 0

1400 4425 3851 0
1400 4605 3851 0

-1400 4425 3851 0
1400 4425 3851 0

-1400 4605 3851 0
1400 4605 3851 0

-1400 4425 -2287 0
-1400 4605 -2287 0

-1400 4425 3851 0
-1400 4605 3851 0

-1400 4425 -2287 0
-1400 4425 3851 0

-1400 4605 -2287 0
-1400 4605 3851 0

1400 4425 3851 0
1400 4605 3851 0

1400 4425 -2287 0
1400 4605 -2287 0

1400 4425 3851 0
1400 4425 -2287 0

1400 4605 3851 0
1400 4605 -2287 0

1400 4425 -2287 0
-1400 4425 -2287 0

1400 4425 3851 0
-1400 4425 3851 0

1400 4425 -2287 0
1400 4425 3851 0

-1400 4425 -2287 0
-1400 4425 3851 0

1400 4605 3851 0
-1400 4605 3851 0

1400 4605 -2287 0
-1400 4605 -2287 0

1400 4605 3851 0
1400 4605 -2287 0

-1400 4605 3851 0
-1400 4605 -2287 0

1400 -4605 -2287 0
1400 -4515 -2287 0

1400 -4515 -2287 0
1400 -4470 -2287 0
1400 -4425 -2287 0

1400 -4425 -2287 0

-1400 -4605 -2287 0
-1400 -4425 -2287 0

1400 -4605 -2287 0
-1400 -4605 -2287 0

1400 -4425 -2287 0
-1400 -4425 -2287 0

-1400 -4605 3851 0
-1400 -4425 3851 0

1400 -4605 3851 0
1400 -4425 3851 0

-1400 -4605 3851 0
1400 -4605 3851 0

-1400 -4425 3851 0
1400 -4425 3851 0

-1400 -4605 -2287 0
-1400 -4425 -2287 0

-1400 -4605 3851 0
-1400 -4425 3851 0

-1400 -4605 -2287 0
-1400 -4605 3851 0

-1400 -4425 -2287 0
-1400 -4425 3851 0

1400 -4605 3851 0
1400 -4425 3851 0

1400 -4605 -2287 0
1400 -4425 -2287 0

1400 -4605 3851 0
1400 -4605 -2287 0

1400 -4425 3851 0
1400 -4425 -2287 0

1400 -4605 -2287 0
-1400 -4605 -2287 0

1400 -4605 3851 0
-1400 -4605 3851 0

1400 -4605 -2287 0
1400 -4605 3851 0

-1400 -4605 -2287 0
-1400 -4605 3851 0

1400 -4425 3851 0
-1400 -4425 3851 0

1400 -4425 -2287 0
-1400 -4425 -2287 0

1400 -4425 3851 0
1400 -4425 -2287 0

-1400 -4425 3851 0
-1400 -4425 -2287 0

# end of label='black'
