0 31.54 7.67 35.05 25.74
100 29.96 7.89 33.44 28.71
200 27.75 8.19 31.87 32.19
300 27.34 8.5 31.17 32.99
400 26.04 8.79 30.67 34.5
500 25.71 9.01 28.28 37
600 25.18 9.5 29.3 36.02
700 26.0857 9.89594 27.9167 36.1017
800 24.7825 11.3611 29.0329 34.8235
900 23.9343 13.2444 28.604 34.2174
1000 24.02 14.38 29 32.6
1100 23.19 17.26 30.84 28.71
1200 22.4422 20.5621 31.4731 25.5226
1300 21.3745 25.027 31.5539 22.0445
1400 19.44 32.42 31.64 16.5
1500 16.46 39.96 31.81 11.77
1600 11.6705 52.1739 29.7483 6.40732
1700 9.34 63.75 23.11 3.8
1800 4.32 78.04 16.76 0.880005
1900 1.16 91.17 7.54 0.129997
2000 0 99.65 0.35 0
