#@calibrator-type=charge_pol1
#@run-id=2683
#@number-of-columns=2
#@column1-label=om_number
#@column2-label=a
#@column2-unit=MeV/(nV.s)
0 0
1 0.213721
2 0.194963
3 0.209278
4 0.177416
5 0.185347
6 0.190199
7 0.223223
8 0.20183
9 0.187543
10 0.183527
11 0.18035
12 0
13 0
14 0.197577
15 0.203948
16 0.190228
17 0.189143
18 0.186258
19 0.199984
20 0.214969
21 0.190425
22 0.183413
23 0.196472
24 0.184183
25 0
26 0
27 0.200135
28 0.222687
29 0.202194
30 0.209605
31 0.184988
32 0.222169
33 0.203632
34 0.190942
35 0.20342
36 0.181177
37 0.184843
38 0
39 0
40 0.182539
41 0.1988
42 0.201694
43 0.191187
44 0.167332
45 0.211761
46 0.170705
47 0.168284
48 0.176237
49 0.185308
50 0.192549
51 0
52 0
53 0.176671
54 0.198666
55 0.198888
56 0.183314
57 0.183316
58 0.193698
59 0.231176
60 0.184199
61 0.203319
62 0.199781
63 0.187593
64 0
65 0
66 0.173733
67 0.192823
68 0.224401
69 0.183042
70 0.174616
71 0.166586
72 0.194899
73 0.201238
74 0
75 0.185623
76 0.196203
77 0
78 0
79 0.169154
80 0
81 0.229173
82 0.182394
83 0.162203
84 0.237705
85 0.207735
86 0.222401
87 0.187325
88 0.177145
89 0.174932
90 0
91 0
92 0.186365
93 0.175388
94 0.208253
95 0.213754
96 0.193962
97 0.188626
98 0
99 0.197775
100 0.208808
101 0.211422
102 0.187288
103 0
104 0
105 0.180044
106 0.203089
107 0.190018
108 0.160212
109 0.202809
110 0.20245
111 0.190939
112 0.185559
113 0.182806
114 0.177644
115 0.163366
116 0
117 0
118 0.192968
119 0
120 0.192937
121 0.224508
122 0.206346
123 0.2087
124 0.175465
125 0.177588
126 0.180675
127 0.18087
128 0.174015
129 0
130 0
131 0.213999
132 0.207456
133 0.215941
134 0.20186
135 0.213682
136 0
137 0.206032
138 0.163337
139 0.18312
140 0.185711
141 0.163944
142 0
143 0
144 0.151176
145 0.187404
146 0
147 0.164739
148 0.176496
149 0.180561
150 0.192837
151 0.165134
152 0.184725
153 0.187671
154 0.19934
155 0
156 0
157 0.173946
158 0.179354
159 0.191056
160 0.198446
161 0.193545
162 0.192516
163 0.21099
164 0.193607
165 0.204091
166 0.171494
167 0.16144
168 0
169 0
170 0.178602
171 0.180941
172 0.188092
173 0.193787
174 0.199924
175 0.178998
176 0.190695
177 0.167434
178 0.194094
179 0.173617
180 0.171862
181 0
182 0
183 0.194002
184 0.182693
185 0.175489
186 0.18388
187 0.18079
188 0.190072
189 0.181318
190 0.199892
191 0.171027
192 0.175906
193 0.166621
194 0
195 0
196 0.180053
197 0.210314
198 0.151013
199 0.186372
200 0.186586
201 0.190264
202 0.200537
203 0.187152
204 0.189471
205 0.167282
206 0.156031
207 0
208 0
209 0.15096
210 0.181756
211 0.169321
212 0.166391
213 0.175832
214 0.170725
215 0.17903
216 0.163787
217 0.170986
218 0.19219
219 0.189926
220 0
221 0
222 0.166326
223 0.171604
224 0.155289
225 0.179669
226 0.182214
227 0.167738
228 0.165381
229 0.179527
230 0.132431
231 0.165849
232 0.185885
233 0
234 0
235 0.159647
236 0.174757
237 0.16804
238 0.182756
239 0.16582
240 0.171986
241 0.192813
242 0.17458
243 0.159915
244 0.189944
245 0.197026
246 0
247 0
248 0.192797
249 0.168042
250 0.179312
251 0.171841
252 0.170947
253 0.188167
254 0.184105
255 0.169387
256 0.182293
257 0.175733
258 0.188102
259 0
260 0
261 0.188936
262 0.185847
263 0.213135
264 0.196562
265 0.181298
266 0.198773
267 0.176262
268 0.173575
269 0.208799
270 0.198013
271 0.223087
272 0
273 0
274 0.201991
275 0.185476
276 0.20523
277 0.19283
278 0.190801
279 0.192206
280 0.212707
281 0.195223
282 0.167805
283 0.20451
284 0.190189
285 0
286 0
287 0.266988
288 0.203596
289 0.171392
290 0.198663
291 0.231097
292 0.220961
293 0.193097
294 0.187206
295 0.182024
296 0.189734
297 0.166303
298 0
299 0
300 0.194076
301 0.175772
302 0.182407
303 0.178106
304 0.188958
305 0.171781
306 0.245229
307 0.175827
308 0.520843
309 0.199249
310 0.178442
311 0
312 0
313 0.214008
314 0.251724
315 0.184932
316 0.134201
317 0.189571
318 1.33681
319 0.193794
320 0.207565
321 0.179832
322 0.203951
323 0.158123
324 0
325 0
326 0.176666
327 0.183855
328 0.177628
329 0.177496
330 0.191612
331 0.233109
332 0.175993
333 0.205842
334 0.187063
335 0.20064
336 0.192841
337 0
338 0
339 0.222395
340 0.224224
341 0.176303
342 0.183147
343 0.196225
344 0.208563
345 0.186247
346 0.20682
347 0.170023
348 0.180397
349 0.174725
350 0
351 0
352 0.18961
353 0.248694
354 0.219338
355 0.169934
356 0.162506
357 0.210659
358 0.181872
359 0.2155
360 0.188801
361 0.162903
362 0.170753
363 0
364 0
365 0.195803
366 0.203558
367 0.199356
368 0.227747
369 0
370 0.193421
371 0.167915
372 0.175876
373 0.218481
374 0.205149
375 0.199011
376 0
377 0
378 0.178493
379 0.211494
380 0.196374
381 0.173941
382 0.178118
383 0.208535
384 0.184521
385 0.202103
386 0.207233
387 0.192765
388 0.190707
389 0
390 0
391 0.224319
392 0.189517
393 0.192952
394 0.167536
395 0.187942
396 0.163158
397 0.203986
398 0.194422
399 0.164934
400 0.158546
401 0.174775
402 0
403 0
404 0.190995
405 0.196492
406 0.185727
407 0.171068
408 0.185242
409 0.197434
410 0.184361
411 0.20097
412 0.163488
413 0.171409
414 0.194623
415 0
416 0
417 0.169415
418 0.173476
419 0.146962
420 0.201408
421 0.177433
422 0.167436
423 0.172955
424 0.178505
425 0.162181
426 0.176973
427 0.161208
428 0
429 0
430 0.19451
431 0.17374
432 0.158937
433 0.16366
434 0.175273
435 0.172128
436 0.173395
437 0.197766
438 0.191138
439 0.170487
440 0.157597
441 0
442 0
443 0.203514
444 0.223557
445 0.241125
446 0.16481
447 0.183983
448 0.185788
449 0.155307
450 0.18196
451 0.200371
452 0.174038
453 0.164573
454 0
455 0
456 0.227164
457 0.198137
458 0.158984
459 0.1782
460 0.156977
461 0
462 0.158178
463 0.174463
464 0.191676
465 0.162842
466 0.161885
467 0
468 0
469 0.181671
470 0.176724
471 0.184457
472 0.160256
473 0.169602
474 0.188372
475 0.193535
476 0.187784
477 0.185322
478 0.152356
479 0.153568
480 0
481 0
482 0.183368
483 0.191121
484 0.157196
485 0.155253
486 0.153027
487 0.192734
488 0.197065
489 0.181218
490 0.206398
491 0.1704
492 0.163268
493 0
494 0
495 0.164607
496 0.160198
497 0.180175
498 0.164878
499 0.15552
500 0.195499
501 0.179508
502 0.189458
503 0.186929
504 0.154631
505 0.158073
506 0
507 0
508 0.19154
509 0.215442
510 0.192503
511 0.172199
512 0.119377
513 0.207915
514 0.181741
515 0.176369
516 0.181564
517 0.170339
518 0.143079
519 0
520 0
521 0
522 0
523 0
524 0
525 0
526 0
527 0
528 0
529 0
530 0
531 0
532 0
533 0
534 0
535 0
536 0
537 0
538 0
539 0
540 0
541 0
542 0
543 0
544 0
545 0
546 0
547 0
548 0
549 0
550 0
551 0
552 0
553 0
554 0
555 0
556 0
557 0
558 0
559 0
560 0
561 0
562 0
563 0
564 0
565 0
566 0
567 0
568 0
569 0
570 0
571 0
572 0
573 0
574 0
575 0
576 0
577 0
578 0
579 0
580 0
581 0
582 0
583 0
584 0
585 0
586 0
587 0
588 0
589 0
590 0
591 0
592 0
593 0
594 0
595 0
596 0
597 0
598 0
599 0
600 0
601 0
602 0
603 0
604 0
605 0
606 0
607 0
608 0
609 0
610 0
611 0
612 0
613 0
614 0
615 0
616 0
617 0
618 0
619 0
620 0
621 0
622 0
623 0
624 0
625 0
626 0
627 0
628 0
629 0
630 0
631 0
632 0
633 0
634 0
635 0
636 0
637 0
638 0
639 0
640 0
641 0
642 0
643 0
644 0
645 0
646 0
647 0
648 0
649 0
650 0
651 0
652 0
653 0
654 0
655 0
656 0
657 0
658 0
659 0
660 0
661 0
662 0
663 0
664 0
665 0
666 0
667 0
668 0
669 0
670 0
671 0
672 0
673 0
674 0
675 0
676 0
677 0
678 0
679 0
680 0
681 0
682 0
683 0
684 0
685 0
686 0
687 0
688 0
689 0
690 0
691 0
692 0
693 0
694 0
695 0
696 0
697 0
698 0
699 0
700 0
701 0
702 0
703 0
704 0
705 0
706 0
707 0
708 0
709 0
710 0
711 0
